8.69303
8.69303
8.69303
8.69303
8.69303
8.69303
8.69303
8.69303
8.69303
6.56679
8.69303
8.69303
8.69303
8.69303
8.69303
8.69303
6.56679
8.69303
8.69303
8.69303
8.69303
6.56679
8.69303
8.69303
8.69303
8.69303
8.69303
8.69303
8.69303
8.69303
8.69303
8.69303
8.69303
8.69303
8.69303
8.69303
8.69303
6.56679
8.69303
8.69303
8.69303
8.69303
8.69303
8.69303
8.69303
8.69303
8.69303
8.69303
8.69303
8.69303
8.69303
8.69303
8.69303
6.56679
8.69303
8.69303
8.69303
8.69303
6.56679
8.69303
8.69303
8.69303
8.69303
8.69303
6.56679
8.69303
8.69303
8.69303
8.69303
6.56679
8.69303
8.69303
8.69303
8.69303
8.69303
8.69303
8.69303
8.69303
8.69303
8.69303
8.69303
8.69303
8.69303
8.69303
8.69303
8.69303
8.69303
8.69303
8.69303
8.69303
6.56679
8.69303
8.69303
8.69303
8.69303
6.56679
8.69303
8.69303
8.69303
8.69303
8.69303
8.69303
8.69303
8.69303
8.69303
8.69303
6.56679
8.69303
8.69303
8.69303
8.69303
6.56679
8.69303
8.69303
8.69303
8.69303
6.56679
8.69303
8.69303
8.69303
8.69303
8.69303
6.56679
8.69303
8.69303
8.69303
8.69303
6.56679
8.69303
8.69303
8.69303
8.69303
8.69303
6.56679
8.69303
8.69303
8.69303
8.69303
6.56679
8.69303
8.69303
8.69303
8.69303
8.69303
6.56679
8.69303
8.69303
8.69303
8.69303
6.56679
8.69303
8.69303
8.69303
8.69303
6.56679
8.69303
8.69303
8.69303
8.69303
8.69303
6.56679
8.69303
8.69303
8.69303
8.69303
6.56679
8.69303
8.69303
8.69303
8.69303
8.69303
6.56679
8.69303
8.69303
8.69303
8.69303
6.56679
8.69303
8.69303
8.69303
8.69303
6.56679
8.69303
8.69303
8.69303
8.69303
6.56679
8.69303
8.69303
8.69303
8.69303
8.69303
6.56679
8.69303
8.69303
8.69303
8.69303
6.56679
8.69303
8.69303
8.69303
8.69303
8.69303
8.69303
8.69303
8.69303
8.69303
6.56679
6.56679
8.69303
8.69303
8.69303
8.69303
6.56679
6.56679
8.69303
8.69303
6.56679
6.56679
8.69303
8.69303
8.69303
6.56679
8.69303
8.69303
8.69303
8.69303
8.69303
8.69303
6.56679
8.69303
8.69303
8.69303
8.69303
6.56679
8.69303
8.69303
8.69303
8.69303
8.69303
6.56679
8.69303
8.69303
8.69303
8.69303
6.56679
8.69303
8.69303
8.69303
8.69303
8.69303
6.56679
6.56679
8.69303
8.69303
8.69303
6.56679
6.56679
8.69303
8.69303
8.69303
6.56679
6.56679
8.69303
8.69303
8.69303
8.69303
8.69303
6.56679
8.69303
8.69303
8.69303
8.69303
8.69303
6.56679
8.69303
8.69303
8.69303
8.69303
6.56679
8.69303
8.69303
8.69303
8.69303
8.69303
6.56679
8.69303
8.69303
8.69303
8.69303
6.56679
6.56679
8.69303
8.69303
8.69303
8.69303
8.69303
6.56679
8.69303
8.69303
8.69303
8.69303
6.56679
8.69303
8.69303
8.69303
8.69303
8.69303
6.56679
8.69303
8.69303
8.69303
8.69303
8.69303
6.56679
8.69303
8.69303
8.69303
8.69303
6.56679
8.69303
8.69303
8.69303
8.69303
6.56679
6.56679
8.69303
8.69303
8.69303
8.69303
8.69303
6.56679
8.69303
8.69303
8.69303
8.69303
6.56679
8.69303
8.69303
8.69303
8.69303
8.69303
6.56679
8.69303
8.69303
8.69303
8.69303
6.56679
8.69303
8.69303
8.69303
8.69303
8.69303
6.56679
8.69303
8.69303
8.69303
8.69303
6.56679
6.56679
8.69303
8.69303
8.69303
8.69303
8.69303
8.69303
8.69303
8.69303
8.69303
8.69303
6.56679
8.69303
8.69303
8.69303
8.69303
6.56679
8.69303
8.69303
8.69303
8.69303
8.69303
6.56679
8.69303
8.69303
8.69303
8.69303
8.69303
6.56679
8.69303
8.69303
8.69303
8.69303
8.69303
6.56679
8.69303
8.69303
8.69303
8.69303
8.69303
6.56679
8.69303
8.69303
8.69303
8.69303
6.56679
8.69303
8.69303
8.69303
8.69303
8.69303
8.69303
8.69303
8.69303
8.69303
8.69303
8.69303
8.69303
8.69303
8.69303
8.69303
8.69303
6.56679
8.69303
8.69303
8.69303
8.69303
8.69303
6.56679
8.69303
8.69303
8.69303
8.69303
8.69303
8.69303
8.69303
8.69303
8.69303
8.69303
6.56679
6.56679
8.69303
8.69303
8.69303
8.69303
6.56679
8.69303
8.69303
8.69303
8.69303
8.69303
6.56679
8.69303
8.69303
8.69303
8.69303
6.56679
8.69303
8.69303
8.69303
8.69303
6.56679
8.69303
8.69303
8.69303
8.69303
8.69303
6.56679
8.69303
8.69303
8.69303
8.69303
8.69303
8.69303
8.69303
8.69303
8.69303
8.69303
8.69303
8.69303
8.69303
8.69303
8.69303
6.56679
6.56679
8.69303
8.69303
8.69303
8.69303
6.56679
8.69303
8.69303
8.69303
8.69303
8.69303
6.56679
8.69303
8.69303
8.69303
8.69303
8.69303
6.56679
8.69303
8.69303
8.69303
8.69303
6.56679
8.69303
8.69303
8.69303
8.69303
8.69303
8.69303
8.69303
8.69303
8.69303
8.69303
6.56679
6.56679
8.69303
8.69303
8.69303
8.69303
8.69303
6.56679
8.69303
8.69303
8.69303
8.69303
8.69303
6.56679
8.69303
8.69303
8.69303
8.69303
6.56679
8.69303
8.69303
8.69303
8.69303
8.69303
6.56679
6.56679
8.69303
8.69303
8.69303
8.69303
6.56679
8.69303
8.69303
8.69303
8.69303
6.56679
8.69303
8.69303
8.69303
8.69303
8.69303
6.56679
8.69303
8.69303
8.69303
8.69303
6.56679
6.56679
8.69303
8.69303
8.69303
8.69303
8.69303
8.69303
8.69303
8.69303
8.69303
6.56679
8.69303
8.69303
8.69303
8.69303
8.69303
6.56679
8.69303
8.69303
8.69303
8.69303
8.69303
6.56679
8.69303
8.69303
8.69303
8.69303
8.69303
6.56679
8.69303
8.69303
8.69303
8.69303
6.56679
8.69303
8.69303
8.69303
8.69303
8.69303
6.56679
8.69303
8.69303
8.69303
8.69303
6.56679
8.69303
8.69303
8.69303
8.69303
8.69303
8.69303
8.69303
8.69303
8.69303
8.69303
6.56679
6.56679
8.69303
8.69303
8.69303
6.56679
6.56679
8.69303
8.69303
8.69303
8.69303
8.69303
8.69303
8.69303
8.69303
8.69303
6.56679
6.56679
8.69303
8.69303
8.69303
8.69303
8.69303
6.56679
8.69303
8.69303
8.69303
6.56679
6.56679
8.69303
8.69303
8.69303
8.69303
8.69303
6.56679
8.69303
8.69303
8.69303
8.69303
8.69303
6.56679
8.69303
8.69303
8.69303
8.69303
6.56679
8.69303
8.69303
8.69303
8.69303
8.69303
6.56679
8.69303
8.69303
8.69303
8.69303
8.69303
6.56679
8.69303
8.69303
8.69303
8.69303
6.56679
8.69303
8.69303
8.69303
8.69303
8.69303
6.56679
8.69303
8.69303
8.69303
8.69303
6.56679
8.69303
8.69303
8.69303
8.69303
8.69303
6.56679
8.69303
8.69303
8.69303
8.69303
6.56679
8.69303
8.69303
8.69303
8.69303
6.56679
8.69303
8.69303
8.69303
8.69303
8.69303
6.56679
8.69303
8.69303
8.69303
8.69303
8.69303
6.56679
8.69303
8.69303
8.69303
8.69303
8.69303
6.56679
8.69303
8.69303
8.69303
8.69303
6.56679
8.69303
8.69303
8.69303
8.69303
8.69303
8.69303
8.69303
8.69303
8.69303
8.69303
8.69303
6.56679
8.69303
8.69303
8.69303
8.69303
6.56679
8.69303
8.69303
8.69303
8.69303
8.69303
6.56679
6.56679
8.69303
8.69303
8.69303
6.56679
8.69303
8.69303
8.69303
8.69303
8.69303
6.56679
8.69303
8.69303
8.69303
8.69303
8.69303
6.56679
6.56679
8.69303
8.69303
8.69303
6.56679
8.69303
8.69303
8.69303
8.69303
6.56679
6.56679
8.69303
8.69303
8.69303
6.56679
6.56679
8.69303
8.69303
8.69303
8.69303
8.69303
6.56679
8.69303
8.69303
8.69303
8.69303
6.56679
8.69303
8.69303
8.69303
8.69303
8.69303
8.69303
8.69303
8.69303
8.69303
8.69303
8.69303
8.69303
8.69303
8.69303
8.69303
6.56679
6.56679
8.69303
8.69303
8.69303
8.69303
6.56679
8.69303
8.69303
8.69303
6.56679
6.56679
8.69303
8.69303
8.69303
8.69303
8.69303
6.56679
8.69303
8.69303
8.69303
8.69303
6.56679
8.69303
8.69303
8.69303
8.69303
6.56679
8.69303
8.69303
8.69303
8.69303
6.56679
8.69303
8.69303
8.69303
8.69303
8.69303
6.56679
6.56679
8.69303
8.69303
8.69303
6.56679
6.56679
8.69303
8.69303
8.69303
6.56679
6.56679
8.69303
8.69303
8.69303
8.69303
8.69303
6.56679
8.69303
8.69303
8.69303
8.69303
6.56679
8.69303
8.69303
8.69303
8.69303
6.56679
8.69303
8.69303
8.69303
8.69303
8.69303
6.56679
8.69303
8.69303
8.69303
8.69303
6.56679
6.56679
8.69303
8.69303
8.69303
8.69303
8.69303
8.69303
8.69303
8.69303
8.69303
8.69303
6.56679
8.69303
8.69303
8.69303
6.56679
6.56679
8.69303
8.69303
8.69303
8.69303
6.56679
8.69303
8.69303
8.69303
8.69303
8.69303
6.56679
8.69303
8.69303
8.69303
8.69303
6.56679
8.69303
8.69303
8.69303
8.69303
8.69303
6.56679
8.69303
8.69303
8.69303
8.69303
6.56679
6.56679
8.69303
8.69303
8.69303
8.69303
6.56679
6.56679
8.69303
8.69303
8.69303
8.69303
6.56679
8.69303
8.69303
8.69303
8.69303
8.69303
6.56679
8.69303
8.69303
8.69303
8.69303
6.56679
8.69303
8.69303
8.69303
8.69303
8.69303
6.56679
8.69303
8.69303
8.69303
8.69303
8.69303
6.56679
6.56679
8.69303
8.69303
8.69303
6.56679
8.69303
8.69303
8.69303
8.69303
8.69303
8.69303
8.69303
8.69303
8.69303
8.69303
8.69303
8.69303
8.69303
8.69303
8.69303
8.69303
8.69303
8.69303
8.69303
8.69303
8.69303
8.69303
8.69303
8.69303
8.69303
8.69303
8.69303
8.69303
8.69303
8.69303
8.69303
8.69303
8.69303
8.69303
8.69303
8.69303
8.69303
8.69303
8.69303
8.69303
8.69303
8.69303
8.69303
6.56679
8.69303
8.69303
8.69303
8.69303
6.56679
6.56679
8.69303
8.69303
8.69303
6.56679
6.56679
8.69303
8.69303
8.69303
6.56679
6.56679
8.69303
8.69303
8.69303
8.69303
6.56679
6.56679
8.69303
8.69303
8.69303
6.56679
6.56679
8.69303
8.69303
8.69303
8.69303
8.69303
6.56679
8.69303
8.69303
8.69303
8.69303
6.56679
8.69303
8.69303
8.69303
8.69303
8.69303
6.56679
8.69303
8.69303
8.69303
8.69303
6.56679
8.69303
8.69303
8.69303
8.69303
6.56679
8.69303
8.69303
8.69303
6.56679
6.56679
8.69303
8.69303
8.69303
8.69303
8.69303
6.56679
8.69303
8.69303
8.69303
6.56679
6.56679
8.69303
8.69303
8.69303
8.69303
8.69303
8.69303
8.69303
8.69303
8.69303
8.69303
6.56679
8.69303
8.69303
8.69303
6.56679
6.56679
8.69303
8.69303
8.69303
8.69303
8.69303
8.69303
8.69303
8.69303
8.69303
6.56679
6.56679
8.69303
8.69303
8.69303
8.69303
8.69303
8.69303
8.69303
8.69303
8.69303
6.56679
6.56679
8.69303
8.69303
8.69303
6.56679
6.56679
8.69303
8.69303
8.69303
8.69303
8.69303
8.69303
8.69303
8.69303
8.69303
6.56679
6.56679
8.69303
8.69303
8.69303
8.69303
8.69303
8.69303
8.69303
8.69303
8.69303
6.56679
8.69303
8.69303
8.69303
8.69303
8.69303
8.69303
8.69303
8.69303
8.69303
8.69303
6.56679
6.56679
8.69303
8.69303
8.69303
8.69303
6.56679
8.69303
8.69303
8.69303
8.69303
6.56679
8.69303
8.69303
8.69303
8.69303
8.69303
6.56679
6.56679
8.69303
8.69303
8.69303
8.69303
8.69303
8.69303
8.69303
8.69303
8.69303
8.69303
8.69303
8.69303
8.69303
8.69303
8.69303
8.69303
8.69303
8.69303
6.56679
6.56679
8.69303
8.69303
8.69303
8.69303
6.56679
6.56679
8.69303
8.69303
8.69303
8.69303
8.69303
8.69303
8.69303
8.69303
8.69303
8.69303
8.69303
8.69303
8.69303
8.69303
8.69303
8.69303
8.69303
8.69303
8.69303
8.69303
6.56679
6.56679
8.69303
8.69303
8.69303
8.69303
6.56679
8.69303
8.69303
8.69303
8.69303
8.69303
6.56679
8.69303
8.69303
8.69303
8.69303
6.56679
8.69303
8.69303
8.69303
8.69303
8.69303
6.56679
8.69303
8.69303
8.69303
8.69303
6.56679
8.69303
8.69303
8.69303
6.56679
6.56679
8.69303
8.69303
8.69303
8.69303
8.69303
6.56679
8.69303
8.69303
8.69303
8.69303
6.56679
8.69303
8.69303
8.69303
8.69303
6.56679
8.69303
8.69303
8.69303
8.69303
6.56679
8.69303
8.69303
8.69303
8.69303
8.69303
6.56679
8.69303
8.69303
8.69303
8.69303
6.56679
8.69303
8.69303
8.69303
8.69303
8.69303
6.56679
8.69303
8.69303
8.69303
8.69303
8.69303
6.56679
8.69303
8.69303
8.69303
8.69303
6.56679
8.69303
8.69303
8.69303
8.69303
8.69303
6.56679
8.69303
8.69303
8.69303
8.69303
6.56679
8.69303
8.69303
8.69303
8.69303
6.56679
8.69303
8.69303
8.69303
8.69303
8.69303
8.69303
6.56679
8.69303
8.69303
8.69303
8.69303
6.56679
8.69303
8.69303
8.69303
8.69303
6.56679
8.69303
8.69303
8.69303
8.69303
8.69303
6.56679
8.69303
8.69303
8.69303
8.69303
8.69303
6.56679
8.69303
8.69303
8.69303
8.69303
6.56679
8.69303
8.69303
8.69303
8.69303
8.69303
6.56679
8.69303
8.69303
8.69303
8.69303
8.69303
6.56679
8.69303
8.69303
8.69303
8.69303
8.69303
6.56679
6.56679
8.69303
8.69303
8.69303
8.69303
8.69303
8.69303
8.69303
8.69303
8.69303
8.69303
8.69303
8.69303
8.69303
6.56679
6.56679
8.69303
8.69303
8.69303
8.69303
8.69303
6.56679
8.69303
8.69303
8.69303
8.69303
8.69303
6.56679
8.69303
8.69303
8.69303
8.69303
8.69303
6.56679
8.69303
8.69303
8.69303
8.69303
6.56679
6.56679
8.69303
8.69303
8.69303
8.69303
8.69303
8.69303
8.69303
8.69303
8.69303
8.69303
6.56679
8.69303
8.69303
8.69303
8.69303
6.56679
8.69303
8.69303
8.69303
8.69303
8.69303
6.56679
8.69303
8.69303
8.69303
8.69303
8.69303
6.56679
8.69303
8.69303
8.69303
8.69303
6.56679
6.56679
8.69303
8.69303
8.69303
8.69303
8.69303
8.69303
8.69303
8.69303
8.69303
8.69303
6.56679
8.69303
8.69303
8.69303
8.69303
6.56679
8.69303
8.69303
8.69303
8.69303
8.69303
6.56679
8.69303
8.69303
8.69303
8.69303
8.69303
8.69303
8.69303
8.69303
8.69303
8.69303
8.69303
8.69303
8.69303
8.69303
8.69303
6.56679
6.56679
8.69303
8.69303
8.69303
8.69303
8.69303
6.56679
8.69303
8.69303
8.69303
8.69303
8.69303
6.56679
8.69303
8.69303
8.69303
8.69303
8.69303
8.69303
8.69303
8.69303
8.69303
8.69303
6.56679
8.69303
8.69303
8.69303
8.69303
8.69303
6.56679
8.69303
8.69303
8.69303
8.69303
8.69303
6.56679
8.69303
8.69303
8.69303
8.69303
6.56679
8.69303
8.69303
8.69303
8.69303
8.69303
6.56679
8.69303
8.69303
8.69303
8.69303
8.69303
8.69303
8.69303
8.69303
8.69303
8.69303
8.69303
8.69303
8.69303
8.69303
8.69303
8.69303
6.56679
8.69303
8.69303
8.69303
8.69303
8.69303
6.56679
8.69303
8.69303
8.69303
8.69303
8.69303
6.56679
8.69303
8.69303
8.69303
8.69303
6.56679
8.69303
8.69303
8.69303
8.69303
8.69303
6.56679
8.69303
8.69303
8.69303
8.69303
8.69303
6.56679
8.69303
8.69303
8.69303
8.69303
8.69303
6.56679
8.69303
8.69303
8.69303
8.69303
6.56679
8.69303
8.69303
8.69303
8.69303
8.69303
6.56679
8.69303
8.69303
8.69303
8.69303
6.56679
8.69303
8.69303
8.69303
8.69303
8.69303
6.56679
8.69303
8.69303
8.69303
8.69303
6.56679
8.69303
8.69303
8.69303
8.69303
8.69303
6.56679
8.69303
8.69303
8.69303
8.69303
8.69303
6.56679
8.69303
8.69303
8.69303
8.69303
6.56679
8.69303
8.69303
8.69303
8.69303
8.69303
6.56679
8.69303
8.69303
8.69303
8.69303
6.56679
8.69303
8.69303
8.69303
8.69303
6.56679
8.69303
8.69303
8.69303
8.69303
8.69303
6.56679
8.69303
8.69303
8.69303
8.69303
6.56679
8.69303
8.69303
8.69303
8.69303
8.69303
8.69303
8.69303
8.69303
8.69303
8.69303
6.56679
6.56679
8.69303
8.69303
8.69303
6.56679
6.56679
8.69303
8.69303
8.69303
8.69303
8.69303
8.69303
8.69303
8.69303
8.69303
8.69303
6.56679
6.56679
8.69303
8.69303
8.69303
8.69303
8.69303
6.56679
8.69303
8.69303
8.69303
8.69303
8.69303
6.56679
8.69303
8.69303
8.69303
8.69303
8.69303
6.56679
8.69303
8.69303
8.69303
8.69303
8.69303
6.56679
8.69303
8.69303
8.69303
8.69303
8.69303
8.69303
8.69303
8.69303
8.69303
8.69303
8.69303
8.69303
8.69303
8.69303
8.69303
8.69303
6.56679
8.69303
8.69303
8.69303
8.69303
8.69303
6.56679
8.69303
8.69303
8.69303
8.69303
8.69303
6.56679
8.69303
8.69303
8.69303
8.69303
8.69303
6.56679
8.69303
8.69303
8.69303
8.69303
8.69303
6.56679
8.69303
8.69303
8.69303
8.69303
6.56679
8.69303
8.69303
8.69303
8.69303
8.69303
8.69303
8.69303
8.69303
8.69303
8.69303
6.56679
8.69303
8.69303
8.69303
8.69303
8.69303
8.69303
8.69303
8.69303
8.69303
8.69303
6.56679
6.56679
8.69303
8.69303
8.69303
8.69303
8.69303
8.69303
8.69303
8.69303
8.69303
6.56679
6.56679
6.56679
6.56679
6.56679
6.56679
6.56679
6.56679
6.56679
6.56679
6.56679
6.56679
6.56679
6.56679
8.69303
8.69303
8.69303
8.69303
8.69303
8.69303
8.69303
8.69303
8.69303
8.69303
8.69303
8.69303
8.69303
8.69303
8.69303
8.69303
6.56679
8.69303
8.69303
8.69303
8.69303
8.69303
6.56679
8.69303
8.69303
8.69303
8.69303
6.56679
8.69303
8.69303
8.69303
8.69303
8.69303
8.69303
8.69303
8.69303
8.69303
8.69303
8.69303
8.69303
8.69303
8.69303
8.69303
8.69303
6.56679
8.69303
8.69303
8.69303
8.69303
8.69303
6.56679
8.69303
8.69303
8.69303
8.69303
8.69303
6.56679
8.69303
8.69303
8.69303
8.69303
6.56679
6.56679
8.69303
8.69303
8.69303
8.69303
8.69303
8.69303
8.69303
8.69303
8.69303
8.69303
6.56679
8.69303
8.69303
8.69303
8.69303
8.69303
6.56679
8.69303
8.69303
8.69303
8.69303
6.56679
8.69303
8.69303
8.69303
8.69303
8.69303
6.56679
8.69303
8.69303
8.69303
8.69303
6.56679
6.56679
8.69303
8.69303
8.69303
6.56679
6.56679
8.69303
8.69303
8.69303
8.69303
8.69303
6.56679
8.69303
8.69303
8.69303
8.69303
6.56679
8.69303
8.69303
8.69303
8.69303
8.69303
8.69303
8.69303
8.69303
8.69303
8.69303
6.56679
6.56679
8.69303
8.69303
8.69303
6.56679
6.56679
8.69303
8.69303
8.69303
8.69303
8.69303
6.56679
8.69303
8.69303
8.69303
8.69303
8.69303
6.56679
8.69303
8.69303
8.69303
8.69303
8.69303
8.69303
8.69303
8.69303
8.69303
8.69303
8.69303
8.69303
8.69303
8.69303
8.69303
8.69303
8.69303
6.56679
8.69303
8.69303
8.69303
8.69303
6.56679
8.69303
8.69303
8.69303
8.69303
8.69303
8.69303
8.69303
8.69303
8.69303
8.69303
8.69303
8.69303
8.69303
8.69303
8.69303
8.69303
8.69303
8.69303
8.69303
8.69303
8.69303
8.69303
8.69303
8.69303
8.69303
8.69303
8.69303
6.56679
6.56679
8.69303
8.69303
8.69303
8.69303
8.69303
6.56679
8.69303
8.69303
8.69303
8.69303
8.69303
6.56679
8.69303
8.69303
8.69303
8.69303
8.69303
6.56679
8.69303
8.69303
8.69303
8.69303
8.69303
8.69303
8.69303
8.69303
8.69303
8.69303
8.69303
8.69303
8.69303
8.69303
8.69303
8.69303
6.56679
8.69303
8.69303
8.69303
8.69303
8.69303
8.69303
8.69303
8.69303
8.69303
8.69303
8.69303
8.69303
8.69303
8.69303
8.69303
8.69303
8.69303
8.69303
8.69303
8.69303
8.69303
8.69303
8.69303
6.56679
8.69303
8.69303
8.69303
8.69303
8.69303
8.69303
8.69303
8.69303
8.69303
8.69303
6.56679
8.69303
8.69303
8.69303
8.69303
8.69303
6.56679
8.69303
8.69303
8.69303
8.69303
8.69303
6.56679
8.69303
8.69303
8.69303
8.69303
8.69303
6.56679
8.69303
8.69303
8.69303
8.69303
8.69303
6.56679
8.69303
8.69303
8.69303
8.69303
8.69303
6.56679
6.56679
8.69303
8.69303
8.69303
8.69303
6.56679
6.56679
8.69303
8.69303
8.69303
8.69303
6.56679
6.56679
8.69303
8.69303
8.69303
8.69303
8.69303
6.56679
8.69303
8.69303
8.69303
6.56679
6.56679
8.69303
8.69303
8.69303
8.69303
8.69303
6.56679
8.69303
8.69303
8.69303
8.69303
8.69303
6.56679
8.69303
8.69303
8.69303
8.69303
8.69303
6.56679
8.69303
8.69303
8.69303
8.69303
8.69303
6.56679
8.69303
8.69303
8.69303
8.69303
8.69303
8.69303
6.56679
8.69303
8.69303
8.69303
8.69303
8.69303
8.69303
8.69303
8.69303
8.69303
8.69303
8.69303
6.56679
8.69303
8.69303
8.69303
8.69303
6.56679
6.56679
8.69303
8.69303
8.69303
8.69303
8.69303
6.56679
8.69303
8.69303
8.69303
8.69303
8.69303
8.69303
8.69303
8.69303
8.69303
8.69303
8.69303
8.69303
6.56679
8.69303
8.69303
8.69303
8.69303
6.56679
8.69303
8.69303
8.69303
8.69303
6.56679
6.56679
8.69303
8.69303
8.69303
8.69303
8.69303
6.56679
8.69303
8.69303
8.69303
8.69303
8.69303
8.69303
8.69303
8.69303
8.69303
8.69303
8.69303
6.56679
8.69303
8.69303
8.69303
8.69303
8.69303
8.69303
8.69303
8.69303
8.69303
8.69303
8.69303
6.56679
8.69303
8.69303
8.69303
8.69303
8.69303
6.56679
8.69303
8.69303
8.69303
8.69303
8.69303
8.69303
8.69303
8.69303
8.69303
8.69303
8.69303
6.56679
8.69303
8.69303
8.69303
8.69303
8.69303
8.69303
8.69303
8.69303
8.69303
8.69303
6.56679
6.56679
8.69303
8.69303
8.69303
8.69303
8.69303
6.56679
8.69303
8.69303
8.69303
8.69303
6.56679
6.56679
8.69303
8.69303
8.69303
8.69303
8.69303
6.56679
8.69303
8.69303
8.69303
8.69303
6.56679
8.69303
8.69303
8.69303
8.69303
8.69303
8.69303
8.69303
8.69303
8.69303
8.69303
8.69303
8.69303
6.56679
8.69303
8.69303
8.69303
8.69303
6.56679
6.56679
8.69303
8.69303
8.69303
8.69303
8.69303
6.56679
8.69303
8.69303
8.69303
8.69303
8.69303
6.56679
8.69303
8.69303
8.69303
8.69303
6.56679
6.56679
8.69303
8.69303
8.69303
8.69303
8.69303
6.56679
8.69303
8.69303
8.69303
8.69303
8.69303
8.69303
8.69303
8.69303
8.69303
8.69303
8.69303
6.56679
8.69303
8.69303
8.69303
8.69303
8.69303
6.56679
8.69303
8.69303
8.69303
8.69303
8.69303
6.56679
8.69303
8.69303
8.69303
8.69303
8.69303
6.56679
8.69303
8.69303
8.69303
8.69303
8.69303
6.56679
6.56679
8.69303
8.69303
8.69303
8.69303
6.56679
6.56679
8.69303
8.69303
8.69303
8.69303
8.69303
6.56679
8.69303
8.69303
8.69303
8.69303
8.69303
6.56679
8.69303
8.69303
8.69303
8.69303
8.69303
6.56679
8.69303
8.69303
8.69303
8.69303
8.69303
8.69303
6.56679
8.69303
8.69303
8.69303
8.69303
8.69303
8.69303
8.69303
8.69303
8.69303
8.69303
8.69303
8.69303
8.69303
8.69303
8.69303
8.69303
6.56679
6.56679
8.69303
8.69303
8.69303
8.69303
8.69303
6.56679
8.69303
8.69303
8.69303
8.69303
8.69303
6.56679
8.69303
8.69303
8.69303
8.69303
8.69303
6.56679
8.69303
8.69303
8.69303
8.69303
8.69303
8.69303
6.56679
8.69303
8.69303
8.69303
8.69303
8.69303
8.69303
8.69303
8.69303
8.69303
8.69303
8.69303
6.56679
6.56679
8.69303
8.69303
8.69303
8.69303
6.56679
6.56679
8.69303
8.69303
8.69303
6.56679
6.56679
8.69303
8.69303
8.69303
8.69303
8.69303
6.56679
8.69303
8.69303
8.69303
8.69303
8.69303
8.69303
6.56679
8.69303
8.69303
8.69303
8.69303
6.56679
8.69303
8.69303
8.69303
8.69303
8.69303
6.56679
8.69303
8.69303
8.69303
8.69303
8.69303
6.56679
8.69303
8.69303
8.69303
8.69303
8.69303
6.56679
8.69303
8.69303
8.69303
8.69303
8.69303
8.69303
8.69303
8.69303
8.69303
8.69303
8.69303
8.69303
8.69303
8.69303
8.69303
8.69303
6.56679
6.56679
8.69303
8.69303
8.69303
8.69303
8.69303
6.56679
8.69303
8.69303
8.69303
8.69303
6.56679
6.56679
8.69303
8.69303
8.69303
8.69303
8.69303
6.56679
8.69303
8.69303
8.69303
8.69303
8.69303
6.56679
8.69303
8.69303
8.69303
8.69303
8.69303
6.56679
8.69303
8.69303
8.69303
8.69303
8.69303
6.56679
8.69303
8.69303
8.69303
8.69303
8.69303
6.56679
8.69303
8.69303
8.69303
8.69303
8.69303
8.69303
8.69303
8.69303
8.69303
8.69303
8.69303
8.69303
8.69303
8.69303
8.69303
8.69303
6.56679
8.69303
8.69303
8.69303
8.69303
8.69303
8.69303
8.69303
8.69303
8.69303
8.69303
8.69303
6.56679
6.56679
8.69303
8.69303
8.69303
8.69303
8.69303
6.56679
8.69303
8.69303
8.69303
8.69303
8.69303
6.56679
8.69303
8.69303
8.69303
8.69303
8.69303
8.69303
6.56679
8.69303
8.69303
8.69303
8.69303
8.69303
6.56679
8.69303
8.69303
8.69303
8.69303
8.69303
8.69303
8.69303
8.69303
8.69303
8.69303
8.69303
6.56679
6.56679
8.69303
8.69303
8.69303
8.69303
8.69303
8.69303
8.69303
8.69303
8.69303
6.56679
6.56679
8.69303
8.69303
8.69303
8.69303
6.56679
6.56679
8.69303
8.69303
8.69303
8.69303
8.69303
6.56679
8.69303
8.69303
8.69303
8.69303
8.69303
6.56679
8.69303
8.69303
8.69303
8.69303
8.69303
6.56679
8.69303
8.69303
8.69303
8.69303
8.69303
8.69303
8.69303
8.69303
8.69303
8.69303
8.69303
8.69303
8.69303
8.69303
8.69303
8.69303
8.69303
8.69303
8.69303
8.69303
8.69303
8.69303
6.56679
6.56679
8.69303
8.69303
8.69303
8.69303
8.69303
6.56679
8.69303
8.69303
8.69303
8.69303
8.69303
8.69303
6.56679
8.69303
8.69303
8.69303
8.69303
8.69303
6.56679
8.69303
8.69303
8.69303
8.69303
8.69303
6.56679
8.69303
8.69303
8.69303
8.69303
6.56679
8.69303
8.69303
8.69303
8.69303
8.69303
6.56679
8.69303
8.69303
8.69303
8.69303
8.69303
6.56679
8.69303
8.69303
8.69303
8.69303
8.69303
8.69303
6.56679
8.69303
8.69303
8.69303
8.69303
6.56679
6.56679
8.69303
8.69303
8.69303
8.69303
8.69303
6.56679
8.69303
8.69303
8.69303
8.69303
8.69303
8.69303
6.56679
8.69303
8.69303
8.69303
8.69303
8.69303
6.56679
8.69303
8.69303
8.69303
8.69303
8.69303
6.56679
8.69303
8.69303
8.69303
8.69303
8.69303
8.69303
8.69303
8.69303
8.69303
8.69303
6.56679
6.56679
8.69303
8.69303
8.69303
8.69303
8.69303
8.69303
6.56679
8.69303
8.69303
8.69303
8.69303
8.69303
6.56679
8.69303
8.69303
8.69303
8.69303
6.56679
8.69303
8.69303
8.69303
8.69303
8.69303
8.69303
6.56679
8.69303
8.69303
8.69303
8.69303
8.69303
6.56679
8.69303
8.69303
8.69303
8.69303
8.69303
6.56679
8.69303
8.69303
8.69303
8.69303
8.69303
8.69303
8.69303
8.69303
8.69303
8.69303
8.69303
6.56679
8.69303
8.69303
8.69303
8.69303
8.69303
8.69303
8.69303
8.69303
8.69303
8.69303
8.69303
8.69303
8.69303
8.69303
8.69303
8.69303
8.69303
6.56679
8.69303
8.69303
8.69303
8.69303
8.69303
6.56679
8.69303
8.69303
8.69303
8.69303
8.69303
6.56679
6.56679
8.69303
8.69303
8.69303
8.69303
8.69303
8.69303
8.69303
8.69303
8.69303
8.69303
8.69303
6.56679
8.69303
8.69303
8.69303
8.69303
8.69303
8.69303
8.69303
8.69303
8.69303
8.69303
8.69303
8.69303
8.69303
8.69303
8.69303
6.56679
6.56679
8.69303
8.69303
8.69303
8.69303
8.69303
8.69303
6.56679
8.69303
8.69303
8.69303
8.69303
8.69303
6.56679
8.69303
8.69303
8.69303
8.69303
6.56679
6.56679
8.69303
8.69303
8.69303
8.69303
6.56679
6.56679
8.69303
8.69303
8.69303
8.69303
8.69303
6.56679
8.69303
8.69303
8.69303
8.69303
8.69303
8.69303
8.69303
8.69303
8.69303
8.69303
8.69303
8.69303
8.69303
8.69303
8.69303
8.69303
8.69303
6.56679
8.69303
8.69303
8.69303
8.69303
8.69303
6.56679
8.69303
8.69303
8.69303
8.69303
8.69303
6.56679
6.56679
8.69303
8.69303
8.69303
8.69303
8.69303
8.69303
8.69303
8.69303
8.69303
8.69303
6.56679
8.69303
8.69303
8.69303
8.69303
8.69303
8.69303
6.56679
8.69303
8.69303
8.69303
8.69303
8.69303
8.69303
8.69303
8.69303
8.69303
8.69303
6.56679
6.56679
8.69303
8.69303
8.69303
8.69303
8.69303
8.69303
6.56679
8.69303
8.69303
8.69303
8.69303
8.69303
6.56679
6.56679
8.69303
8.69303
8.69303
6.56679
6.56679
8.69303
8.69303
8.69303
8.69303
8.69303
8.69303
6.56679
8.69303
8.69303
8.69303
8.69303
8.69303
6.56679
6.56679
8.69303
8.69303
8.69303
8.69303
6.56679
6.56679
8.69303
8.69303
8.69303
8.69303
8.69303
6.56679
8.69303
8.69303
8.69303
8.69303
8.69303
8.69303
6.56679
6.56679
6.56679
6.56679
6.56679
6.56679
6.56679
6.56679
6.56679
6.56679
6.56679
6.56679
6.56679
8.69303
8.69303
8.69303
8.69303
8.69303
6.56679
8.69303
8.69303
8.69303
8.69303
6.56679
8.69303
8.69303
8.69303
8.69303
8.69303
8.69303
8.69303
6.56679
8.69303
8.69303
8.69303
8.69303
8.69303
6.56679
8.69303
8.69303
8.69303
8.69303
8.69303
6.56679
8.69303
8.69303
8.69303
8.69303
8.69303
8.69303
8.69303
8.69303
8.69303
8.69303
8.69303
6.56679
6.56679
8.69303
8.69303
8.69303
8.69303
6.56679
6.56679
8.69303
8.69303
8.69303
8.69303
8.69303
6.56679
8.69303
8.69303
8.69303
8.69303
8.69303
6.56679
8.69303
8.69303
8.69303
8.69303
8.69303
6.56679
8.69303
8.69303
8.69303
8.69303
8.69303
6.56679
8.69303
8.69303
8.69303
8.69303
8.69303
6.56679
8.69303
8.69303
8.69303
8.69303
8.69303
6.56679
6.56679
8.69303
8.69303
8.69303
8.69303
6.56679
6.56679
8.69303
8.69303
8.69303
8.69303
8.69303
6.56679
8.69303
8.69303
8.69303
8.69303
8.69303
6.56679
8.69303
8.69303
8.69303
8.69303
8.69303
6.56679
8.69303
8.69303
8.69303
8.69303
8.69303
6.56679
8.69303
8.69303
8.69303
8.69303
8.69303
8.69303
6.56679
8.69303
8.69303
8.69303
8.69303
8.69303
8.69303
8.69303
8.69303
8.69303
8.69303
8.69303
8.69303
8.69303
8.69303
8.69303
8.69303
6.56679
6.56679
8.69303
8.69303
8.69303
8.69303
8.69303
6.56679
8.69303
8.69303
8.69303
8.69303
8.69303
8.69303
6.56679
8.69303
8.69303
8.69303
8.69303
8.69303
6.56679
8.69303
8.69303
8.69303
8.69303
8.69303
6.56679
8.69303
8.69303
8.69303
8.69303
8.69303
6.56679
8.69303
8.69303
8.69303
8.69303
8.69303
6.56679
8.69303
8.69303
8.69303
8.69303
8.69303
8.69303
8.69303
8.69303
8.69303
8.69303
6.56679
6.56679
8.69303
8.69303
8.69303
8.69303
6.56679
6.56679
8.69303
8.69303
8.69303
8.69303
8.69303
6.56679
8.69303
8.69303
8.69303
8.69303
8.69303
6.56679
8.69303
8.69303
8.69303
8.69303
8.69303
6.56679
8.69303
8.69303
8.69303
8.69303
8.69303
8.69303
6.56679
8.69303
8.69303
8.69303
8.69303
8.69303
6.56679
8.69303
8.69303
8.69303
8.69303
8.69303
8.69303
8.69303
8.69303
8.69303
8.69303
8.69303
8.69303
8.69303
8.69303
8.69303
8.69303
6.56679
6.56679
8.69303
8.69303
8.69303
8.69303
6.56679
6.56679
8.69303
8.69303
8.69303
8.69303
6.56679
6.56679
8.69303
8.69303
8.69303
8.69303
8.69303
8.69303
8.69303
8.69303
8.69303
8.69303
8.69303
8.69303
8.69303
8.69303
8.69303
8.69303
8.69303
6.56679
8.69303
8.69303
8.69303
8.69303
8.69303
6.56679
6.56679
8.69303
8.69303
8.69303
8.69303
6.56679
8.69303
8.69303
8.69303
8.69303
8.69303
8.69303
6.56679
8.69303
8.69303
8.69303
8.69303
8.69303
6.56679
8.69303
8.69303
8.69303
8.69303
8.69303
6.56679
8.69303
8.69303
8.69303
8.69303
8.69303
8.69303
8.69303
8.69303
8.69303
8.69303
8.69303
8.69303
8.69303
8.69303
8.69303
8.69303
8.69303
8.69303
6.56679
8.69303
8.69303
8.69303
8.69303
8.69303
8.69303
8.69303
8.69303
8.69303
8.69303
8.69303
8.69303
6.56679
6.56679
8.69303
8.69303
8.69303
8.69303
6.56679
6.56679
8.69303
8.69303
8.69303
8.69303
8.69303
6.56679
8.69303
8.69303
8.69303
8.69303
8.69303
6.56679
8.69303
8.69303
8.69303
8.69303
8.69303
8.69303
8.69303
8.69303
8.69303
8.69303
8.69303
8.69303
8.69303
8.69303
8.69303
8.69303
8.69303
8.69303
8.69303
8.69303
8.69303
8.69303
8.69303
8.69303
8.69303
6.56679
8.69303
8.69303
8.69303
8.69303
8.69303
6.56679
8.69303
8.69303
8.69303
8.69303
8.69303
8.69303
6.56679
8.69303
8.69303
8.69303
8.69303
8.69303
6.56679
8.69303
8.69303
8.69303
8.69303
8.69303
6.56679
8.69303
8.69303
8.69303
8.69303
8.69303
6.56679
8.69303
8.69303
8.69303
8.69303
8.69303
8.69303
8.69303
8.69303
8.69303
8.69303
6.56679
8.69303
8.69303
8.69303
8.69303
8.69303
8.69303
8.69303
8.69303
8.69303
8.69303
8.69303
6.56679
6.56679
8.69303
8.69303
8.69303
8.69303
8.69303
6.56679
8.69303
8.69303
8.69303
8.69303
6.56679
6.56679
8.69303
8.69303
8.69303
8.69303
8.69303
6.56679
8.69303
8.69303
8.69303
8.69303
8.69303
6.56679
8.69303
8.69303
8.69303
8.69303
8.69303
6.56679
8.69303
8.69303
8.69303
8.69303
8.69303
6.56679
8.69303
8.69303
8.69303
8.69303
8.69303
6.56679
8.69303
8.69303
8.69303
8.69303
8.69303
8.69303
8.69303
8.69303
8.69303
8.69303
8.69303
6.56679
6.56679
8.69303
8.69303
8.69303
6.56679
6.56679
8.69303
8.69303
8.69303
8.69303
8.69303
8.69303
6.56679
8.69303
8.69303
8.69303
8.69303
8.69303
6.56679
8.69303
8.69303
8.69303
8.69303
8.69303
6.56679
8.69303
8.69303
8.69303
8.69303
8.69303
8.69303
6.56679
8.69303
8.69303
8.69303
8.69303
8.69303
6.56679
8.69303
8.69303
8.69303
8.69303
8.69303
6.56679
8.69303
8.69303
8.69303
8.69303
6.56679
6.56679
8.69303
8.69303
8.69303
8.69303
8.69303
6.56679
8.69303
8.69303
8.69303
8.69303
8.69303
8.69303
8.69303
8.69303
8.69303
8.69303
8.69303
8.69303
6.56679
8.69303
8.69303
8.69303
8.69303
8.69303
6.56679
8.69303
8.69303
8.69303
8.69303
8.69303
6.56679
8.69303
8.69303
8.69303
8.69303
6.56679
6.56679
8.69303
8.69303
8.69303
8.69303
8.69303
6.56679
8.69303
8.69303
8.69303
8.69303
8.69303
6.56679
8.69303
8.69303
8.69303
8.69303
6.56679
6.56679
8.69303
8.69303
8.69303
8.69303
8.69303
6.56679
8.69303
8.69303
8.69303
8.69303
8.69303
6.56679
8.69303
8.69303
8.69303
8.69303
8.69303
8.69303
8.69303
8.69303
8.69303
8.69303
8.69303
6.56679
6.56679
8.69303
8.69303
8.69303
8.69303
6.56679
8.69303
8.69303
8.69303
8.69303
8.69303
8.69303
8.69303
8.69303
8.69303
8.69303
8.69303
6.56679
6.56679
8.69303
8.69303
8.69303
8.69303
8.69303
6.56679
8.69303
8.69303
8.69303
8.69303
8.69303
6.56679
8.69303
8.69303
8.69303
8.69303
8.69303
8.69303
6.56679
8.69303
8.69303
8.69303
6.56679
6.56679
8.69303
8.69303
8.69303
8.69303
8.69303
8.69303
6.56679
8.69303
8.69303
8.69303
8.69303
8.69303
8.69303
8.69303
8.69303
8.69303
8.69303
8.69303
8.69303
8.69303
8.69303
8.69303
8.69303
8.69303
6.56679
8.69303
8.69303
8.69303
8.69303
8.69303
6.56679
8.69303
8.69303
8.69303
8.69303
8.69303
6.56679
8.69303
8.69303
8.69303
8.69303
8.69303
6.56679
8.69303
8.69303
8.69303
8.69303
8.69303
6.56679
6.56679
8.69303
8.69303
8.69303
8.69303
6.56679
6.56679
8.69303
8.69303
8.69303
8.69303
8.69303
6.56679
8.69303
8.69303
8.69303
8.69303
8.69303
6.56679
8.69303
8.69303
8.69303
8.69303
8.69303
6.56679
8.69303
8.69303
8.69303
8.69303
8.69303
6.56679
8.69303
8.69303
8.69303
8.69303
8.69303
8.69303
8.69303
8.69303
8.69303
8.69303
8.69303
6.56679
6.56679
8.69303
8.69303
8.69303
8.69303
6.56679
6.56679
8.69303
8.69303
8.69303
8.69303
8.69303
6.56679
8.69303
8.69303
8.69303
8.69303
8.69303
6.56679
8.69303
8.69303
8.69303
8.69303
8.69303
6.56679
8.69303
8.69303
8.69303
8.69303
8.69303
8.69303
6.56679
8.69303
8.69303
8.69303
8.69303
8.69303
6.56679
8.69303
8.69303
8.69303
8.69303
8.69303
8.69303
8.69303
8.69303
8.69303
8.69303
8.69303
8.69303
8.69303
8.69303
8.69303
8.69303
6.56679
6.56679
8.69303
8.69303
8.69303
8.69303
8.69303
8.69303
6.56679
6.56679
8.69303
8.69303
8.69303
8.69303
6.56679
6.56679
8.69303
8.69303
8.69303
8.69303
6.56679
8.69303
8.69303
8.69303
8.69303
8.69303
6.56679
8.69303
8.69303
8.69303
8.69303
8.69303
6.56679
8.69303
8.69303
8.69303
8.69303
8.69303
6.56679
8.69303
8.69303
8.69303
8.69303
8.69303
6.56679
8.69303
8.69303
8.69303
8.69303
8.69303
6.56679
10.8193
10.8193
8.69303
8.69303
8.69303
8.69303
8.69303
6.56679
6.56679
8.69303
8.69303
8.69303
8.69303
8.69303
6.56679
8.69303
8.69303
8.69303
8.69303
8.69303
6.56679
8.69303
8.69303
8.69303
8.69303
8.69303
6.56679
8.69303
8.69303
8.69303
8.69303
8.69303
6.56679
8.69303
8.69303
8.69303
8.69303
6.56679
6.56679
8.69303
8.69303
8.69303
8.69303
8.69303
6.56679
8.69303
8.69303
8.69303
8.69303
6.56679
8.69303
8.69303
8.69303
8.69303
8.69303
8.69303
6.56679
8.69303
8.69303
8.69303
8.69303
8.69303
6.56679
8.69303
8.69303
8.69303
8.69303
8.69303
6.56679
8.69303
8.69303
8.69303
8.69303
8.69303
8.69303
8.69303
8.69303
8.69303
8.69303
8.69303
8.69303
8.69303
8.69303
8.69303
8.69303
8.69303
6.56679
8.69303
8.69303
8.69303
8.69303
8.69303
8.69303
6.56679
8.69303
8.69303
8.69303
8.69303
8.69303
6.56679
6.56679
8.69303
8.69303
8.69303
8.69303
6.56679
8.69303
8.69303
8.69303
8.69303
8.69303
8.69303
8.69303
8.69303
8.69303
8.69303
6.56679
6.56679
8.69303
8.69303
8.69303
8.69303
8.69303
8.69303
6.56679
8.69303
8.69303
8.69303
8.69303
6.56679
8.69303
8.69303
8.69303
8.69303
8.69303
6.56679
8.69303
8.69303
8.69303
8.69303
8.69303
6.56679
8.69303
8.69303
8.69303
8.69303
8.69303
6.56679
8.69303
8.69303
8.69303
8.69303
8.69303
6.56679
8.69303
8.69303
8.69303
8.69303
8.69303
8.69303
8.69303
8.69303
8.69303
8.69303
8.69303
8.69303
8.69303
8.69303
8.69303
8.69303
8.69303
8.69303
6.56679
8.69303
8.69303
8.69303
8.69303
8.69303
6.56679
8.69303
8.69303
8.69303
8.69303
8.69303
6.56679
8.69303
8.69303
8.69303
8.69303
8.69303
8.69303
8.69303
8.69303
8.69303
8.69303
8.69303
8.69303
8.69303
8.69303
8.69303
8.69303
6.56679
8.69303
8.69303
8.69303
8.69303
8.69303
8.69303
6.56679
8.69303
8.69303
8.69303
8.69303
8.69303
6.56679
6.56679
8.69303
8.69303
8.69303
8.69303
6.56679
8.69303
8.69303
8.69303
8.69303
8.69303
6.56679
8.69303
8.69303
8.69303
8.69303
8.69303
6.56679
6.56679
8.69303
8.69303
8.69303
8.69303
8.69303
8.69303
8.69303
8.69303
8.69303
8.69303
6.56679
8.69303
8.69303
8.69303
8.69303
8.69303
6.56679
8.69303
8.69303
8.69303
8.69303
8.69303
8.69303
8.69303
8.69303
8.69303
8.69303
8.69303
8.69303
8.69303
8.69303
8.69303
8.69303
8.69303
8.69303
6.56679
8.69303
8.69303
8.69303
8.69303
8.69303
8.69303
8.69303
8.69303
8.69303
8.69303
8.69303
6.56679
8.69303
8.69303
8.69303
8.69303
8.69303
6.56679
8.69303
8.69303
8.69303
8.69303
8.69303
8.69303
8.69303
8.69303
8.69303
8.69303
8.69303
8.69303
6.56679
8.69303
8.69303
8.69303
8.69303
8.69303
6.56679
8.69303
8.69303
8.69303
8.69303
8.69303
6.56679
8.69303
8.69303
8.69303
8.69303
6.56679
8.69303
8.69303
8.69303
8.69303
8.69303
6.56679
6.56679
8.69303
8.69303
8.69303
8.69303
6.56679
8.69303
8.69303
8.69303
8.69303
8.69303
6.56679
8.69303
8.69303
8.69303
8.69303
8.69303
6.56679
8.69303
8.69303
8.69303
8.69303
8.69303
6.56679
6.56679
8.69303
8.69303
8.69303
8.69303
8.69303
6.56679
8.69303
8.69303
8.69303
8.69303
8.69303
6.56679
8.69303
8.69303
8.69303
8.69303
8.69303
6.56679
8.69303
8.69303
8.69303
8.69303
6.56679
6.56679
8.69303
8.69303
8.69303
8.69303
8.69303
8.69303
8.69303
8.69303
8.69303
8.69303
8.69303
6.56679
8.69303
8.69303
8.69303
8.69303
6.56679
8.69303
8.69303
8.69303
8.69303
8.69303
6.56679
8.69303
8.69303
8.69303
8.69303
8.69303
6.56679
8.69303
8.69303
8.69303
8.69303
8.69303
6.56679
8.69303
8.69303
8.69303
8.69303
8.69303
6.56679
6.56679
8.69303
8.69303
8.69303
8.69303
6.56679
6.56679
8.69303
8.69303
8.69303
6.56679
6.56679
8.69303
8.69303
8.69303
8.69303
6.56679
6.56679
8.69303
8.69303
8.69303
8.69303
8.69303
6.56679
8.69303
8.69303
8.69303
8.69303
8.69303
6.56679
8.69303
8.69303
8.69303
8.69303
8.69303
6.56679
6.56679
8.69303
8.69303
8.69303
8.69303
8.69303
8.69303
8.69303
8.69303
8.69303
8.69303
8.69303
6.56679
8.69303
8.69303
8.69303
8.69303
8.69303
6.56679
8.69303
8.69303
8.69303
8.69303
8.69303
6.56679
8.69303
8.69303
8.69303
8.69303
6.56679
8.69303
8.69303
8.69303
8.69303
8.69303
8.69303
6.56679
8.69303
8.69303
8.69303
8.69303
8.69303
6.56679
8.69303
8.69303
8.69303
8.69303
8.69303
6.56679
8.69303
8.69303
8.69303
8.69303
8.69303
6.56679
8.69303
8.69303
8.69303
8.69303
8.69303
6.56679
8.69303
8.69303
8.69303
8.69303
8.69303
6.56679
8.69303
8.69303
8.69303
8.69303
8.69303
8.69303
8.69303
8.69303
8.69303
8.69303
8.69303
8.69303
8.69303
8.69303
8.69303
8.69303
8.69303
6.56679
6.56679
8.69303
8.69303
8.69303
8.69303
8.69303
6.56679
8.69303
8.69303
8.69303
8.69303
8.69303
6.56679
8.69303
8.69303
8.69303
8.69303
8.69303
6.56679
8.69303
8.69303
8.69303
8.69303
8.69303
6.56679
8.69303
8.69303
8.69303
8.69303
8.69303
8.69303
6.56679
8.69303
8.69303
8.69303
8.69303
8.69303
6.56679
8.69303
8.69303
8.69303
8.69303
8.69303
6.56679
8.69303
8.69303
8.69303
8.69303
8.69303
8.69303
8.69303
8.69303
8.69303
8.69303
6.56679
6.56679
8.69303
8.69303
8.69303
8.69303
6.56679
6.56679
8.69303
8.69303
8.69303
6.56679
6.56679
8.69303
8.69303
8.69303
8.69303
8.69303
6.56679
8.69303
8.69303
8.69303
8.69303
8.69303
6.56679
8.69303
8.69303
8.69303
8.69303
8.69303
6.56679
8.69303
8.69303
8.69303
8.69303
8.69303
6.56679
8.69303
8.69303
8.69303
8.69303
8.69303
6.56679
8.69303
8.69303
8.69303
8.69303
8.69303
6.56679
8.69303
8.69303
8.69303
8.69303
8.69303
6.56679
8.69303
8.69303
8.69303
8.69303
8.69303
6.56679
8.69303
8.69303
8.69303
8.69303
8.69303
6.56679
8.69303
8.69303
8.69303
8.69303
8.69303
6.56679
6.56679
8.69303
8.69303
8.69303
8.69303
8.69303
8.69303
8.69303
8.69303
8.69303
6.56679
6.56679
8.69303
8.69303
8.69303
8.69303
8.69303
8.69303
6.56679
8.69303
8.69303
8.69303
8.69303
8.69303
6.56679
8.69303
8.69303
8.69303
8.69303
8.69303
6.56679
8.69303
8.69303
8.69303
8.69303
8.69303
6.56679
8.69303
8.69303
8.69303
8.69303
8.69303
8.69303
8.69303
8.69303
8.69303
8.69303
8.69303
8.69303
8.69303
8.69303
8.69303
8.69303
8.69303
8.69303
8.69303
8.69303
8.69303
8.69303
8.69303
8.69303
8.69303
8.69303
8.69303
8.69303
8.69303
8.69303
8.69303
8.69303
8.69303
8.69303
8.69303
8.69303
6.56679
8.69303
8.69303
8.69303
8.69303
8.69303
6.56679
8.69303
8.69303
8.69303
8.69303
6.56679
8.69303
8.69303
8.69303
8.69303
8.69303
6.56679
8.69303
8.69303
8.69303
8.69303
8.69303
6.56679
6.56679
8.69303
8.69303
8.69303
8.69303
6.56679
8.69303
8.69303
8.69303
8.69303
8.69303
8.69303
8.69303
8.69303
8.69303
8.69303
6.56679
6.56679
8.69303
8.69303
8.69303
8.69303
8.69303
8.69303
6.56679
8.69303
8.69303
8.69303
8.69303
8.69303
6.56679
8.69303
8.69303
8.69303
8.69303
8.69303
6.56679
8.69303
8.69303
8.69303
8.69303
8.69303
6.56679
8.69303
8.69303
8.69303
8.69303
8.69303
6.56679
8.69303
8.69303
8.69303
8.69303
8.69303
6.56679
8.69303
8.69303
8.69303
8.69303
8.69303
8.69303
8.69303
8.69303
8.69303
8.69303
8.69303
6.56679
8.69303
8.69303
8.69303
8.69303
8.69303
8.69303
8.69303
8.69303
8.69303
8.69303
6.56679
6.56679
8.69303
8.69303
8.69303
8.69303
8.69303
8.69303
6.56679
8.69303
8.69303
8.69303
8.69303
8.69303
6.56679
8.69303
8.69303
8.69303
8.69303
8.69303
8.69303
6.56679
8.69303
8.69303
8.69303
8.69303
6.56679
8.69303
8.69303
8.69303
8.69303
8.69303
8.69303
8.69303
8.69303
8.69303
8.69303
8.69303
6.56679
6.56679
8.69303
8.69303
8.69303
8.69303
8.69303
8.69303
6.56679
8.69303
8.69303
8.69303
8.69303
6.56679
8.69303
8.69303
8.69303
8.69303
8.69303
6.56679
8.69303
8.69303
8.69303
8.69303
8.69303
6.56679
8.69303
8.69303
8.69303
8.69303
8.69303
8.69303
6.56679
6.56679
8.69303
8.69303
8.69303
8.69303
6.56679
6.56679
8.69303
8.69303
8.69303
8.69303
8.69303
8.69303
8.69303
8.69303
8.69303
8.69303
6.56679
8.69303
8.69303
8.69303
8.69303
8.69303
6.56679
8.69303
8.69303
8.69303
8.69303
8.69303
6.56679
8.69303
8.69303
8.69303
8.69303
8.69303
8.69303
6.56679
8.69303
8.69303
8.69303
8.69303
8.69303
6.56679
8.69303
8.69303
8.69303
8.69303
6.56679
8.69303
8.69303
8.69303
8.69303
8.69303
8.69303
8.69303
8.69303
8.69303
8.69303
8.69303
8.69303
6.56679
8.69303
8.69303
8.69303
8.69303
8.69303
6.56679
8.69303
8.69303
8.69303
8.69303
8.69303
6.56679
6.56679
8.69303
8.69303
8.69303
8.69303
8.69303
8.69303
8.69303
8.69303
8.69303
8.69303
6.56679
8.69303
8.69303
8.69303
8.69303
6.56679
8.69303
8.69303
8.69303
8.69303
8.69303
8.69303
6.56679
8.69303
8.69303
8.69303
8.69303
8.69303
6.56679
8.69303
8.69303
8.69303
8.69303
8.69303
6.56679
8.69303
8.69303
8.69303
8.69303
8.69303
6.56679
8.69303
8.69303
8.69303
8.69303
8.69303
8.69303
6.56679
6.56679
8.69303
8.69303
8.69303
8.69303
6.56679
8.69303
8.69303
8.69303
8.69303
8.69303
6.56679
8.69303
8.69303
8.69303
8.69303
8.69303
6.56679
8.69303
8.69303
8.69303
8.69303
8.69303
8.69303
8.69303
8.69303
8.69303
8.69303
8.69303
8.69303
8.69303
8.69303
8.69303
8.69303
6.56679
8.69303
8.69303
8.69303
8.69303
8.69303
8.69303
8.69303
8.69303
8.69303
8.69303
8.69303
8.69303
8.69303
8.69303
8.69303
8.69303
8.69303
6.56679
8.69303
8.69303
8.69303
8.69303
8.69303
6.56679
8.69303
8.69303
8.69303
8.69303
8.69303
8.69303
8.69303
8.69303
8.69303
8.69303
8.69303
6.56679
6.56679
8.69303
8.69303
8.69303
8.69303
8.69303
6.56679
8.69303
8.69303
8.69303
8.69303
8.69303
6.56679
8.69303
8.69303
8.69303
8.69303
8.69303
6.56679
8.69303
8.69303
8.69303
8.69303
8.69303
6.56679
8.69303
8.69303
8.69303
8.69303
8.69303
6.56679
8.69303
8.69303
8.69303
8.69303
8.69303
6.56679
8.69303
8.69303
8.69303
8.69303
8.69303
6.56679
6.56679
8.69303
8.69303
8.69303
8.69303
8.69303
8.69303
8.69303
8.69303
8.69303
8.69303
6.56679
8.69303
8.69303
8.69303
8.69303
8.69303
6.56679
8.69303
8.69303
8.69303
8.69303
8.69303
6.56679
8.69303
8.69303
8.69303
8.69303
8.69303
6.56679
8.69303
8.69303
8.69303
8.69303
8.69303
8.69303
8.69303
8.69303
8.69303
8.69303
8.69303
8.69303
8.69303
8.69303
8.69303
8.69303
8.69303
6.56679
6.56679
8.69303
8.69303
8.69303
8.69303
8.69303
6.56679
8.69303
8.69303
8.69303
8.69303
8.69303
8.69303
6.56679
8.69303
8.69303
8.69303
8.69303
8.69303
6.56679
8.69303
8.69303
8.69303
8.69303
8.69303
8.69303
6.56679
6.56679
8.69303
8.69303
8.69303
8.69303
6.56679
6.56679
8.69303
8.69303
8.69303
8.69303
8.69303
8.69303
8.69303
8.69303
8.69303
8.69303
8.69303
8.69303
8.69303
8.69303
8.69303
6.56679
6.56679
8.69303
8.69303
8.69303
8.69303
8.69303
6.56679
8.69303
8.69303
8.69303
8.69303
8.69303
6.56679
8.69303
8.69303
8.69303
8.69303
8.69303
6.56679
8.69303
8.69303
8.69303
8.69303
8.69303
6.56679
8.69303
8.69303
8.69303
8.69303
8.69303
6.56679
8.69303
8.69303
8.69303
8.69303
8.69303
8.69303
6.56679
6.56679
8.69303
8.69303
8.69303
6.56679
6.56679
8.69303
8.69303
8.69303
8.69303
6.56679
6.56679
8.69303
8.69303
8.69303
8.69303
8.69303
8.69303
8.69303
8.69303
8.69303
8.69303
8.69303
6.56679
8.69303
8.69303
8.69303
8.69303
8.69303
8.69303
6.56679
8.69303
8.69303
8.69303
8.69303
6.56679
8.69303
8.69303
8.69303
8.69303
8.69303
6.56679
8.69303
8.69303
8.69303
8.69303
8.69303
6.56679
8.69303
8.69303
8.69303
8.69303
8.69303
8.69303
8.69303
8.69303
8.69303
8.69303
8.69303
6.56679
8.69303
8.69303
8.69303
8.69303
8.69303
6.56679
6.56679
8.69303
8.69303
8.69303
8.69303
8.69303
6.56679
8.69303
8.69303
8.69303
8.69303
6.56679
6.56679
8.69303
8.69303
8.69303
8.69303
8.69303
8.69303
6.56679
8.69303
8.69303
8.69303
8.69303
8.69303
6.56679
8.69303
8.69303
8.69303
8.69303
8.69303
6.56679
8.69303
8.69303
8.69303
8.69303
8.69303
6.56679
8.69303
8.69303
8.69303
8.69303
8.69303
6.56679
8.69303
8.69303
8.69303
8.69303
8.69303
8.69303
8.69303
8.69303
8.69303
8.69303
8.69303
8.69303
8.69303
8.69303
8.69303
8.69303
8.69303
8.69303
8.69303
8.69303
8.69303
8.69303
8.69303
6.56679
8.69303
8.69303
8.69303
8.69303
6.56679
6.56679
8.69303
8.69303
8.69303
8.69303
6.56679
6.56679
8.69303
8.69303
8.69303
8.69303
8.69303
6.56679
8.69303
8.69303
8.69303
8.69303
8.69303
8.69303
6.56679
8.69303
8.69303
8.69303
8.69303
8.69303
6.56679
8.69303
8.69303
8.69303
8.69303
8.69303
6.56679
8.69303
8.69303
8.69303
8.69303
8.69303
8.69303
8.69303
8.69303
8.69303
8.69303
8.69303
8.69303
8.69303
6.56679
8.69303
8.69303
8.69303
8.69303
8.69303
6.56679
8.69303
8.69303
8.69303
8.69303
8.69303
8.69303
8.69303
8.69303
8.69303
8.69303
8.69303
6.56679
8.69303
8.69303
8.69303
8.69303
8.69303
8.69303
6.56679
8.69303
8.69303
8.69303
8.69303
8.69303
8.69303
8.69303
8.69303
8.69303
8.69303
8.69303
6.56679
8.69303
8.69303
8.69303
8.69303
8.69303
6.56679
8.69303
8.69303
8.69303
8.69303
8.69303
6.56679
8.69303
8.69303
8.69303
8.69303
8.69303
8.69303
8.69303
8.69303
8.69303
8.69303
6.56679
6.56679
8.69303
8.69303
8.69303
8.69303
8.69303
6.56679
8.69303
8.69303
8.69303
8.69303
8.69303
6.56679
8.69303
8.69303
8.69303
8.69303
8.69303
8.69303
8.69303
8.69303
8.69303
8.69303
8.69303
8.69303
6.56679
8.69303
8.69303
8.69303
8.69303
8.69303
6.56679
8.69303
8.69303
8.69303
8.69303
8.69303
6.56679
6.56679
8.69303
8.69303
8.69303
8.69303
8.69303
8.69303
8.69303
8.69303
8.69303
8.69303
8.69303
6.56679
8.69303
8.69303
8.69303
8.69303
8.69303
8.69303
8.69303
8.69303
8.69303
8.69303
8.69303
8.69303
8.69303
8.69303
8.69303
8.69303
8.69303
6.56679
8.69303
8.69303
8.69303
8.69303
8.69303
6.56679
8.69303
8.69303
8.69303
8.69303
8.69303
6.56679
8.69303
8.69303
8.69303
8.69303
8.69303
8.69303
8.69303
8.69303
8.69303
8.69303
8.69303
6.56679
8.69303
8.69303
8.69303
8.69303
8.69303
6.56679
8.69303
8.69303
8.69303
8.69303
8.69303
6.56679
8.69303
8.69303
8.69303
8.69303
8.69303
8.69303
8.69303
8.69303
8.69303
8.69303
8.69303
8.69303
8.69303
8.69303
8.69303
8.69303
8.69303
6.56679
8.69303
8.69303
8.69303
8.69303
8.69303
6.56679
8.69303
8.69303
8.69303
8.69303
8.69303
6.56679
8.69303
8.69303
8.69303
8.69303
8.69303
8.69303
6.56679
8.69303
8.69303
8.69303
8.69303
6.56679
8.69303
8.69303
8.69303
8.69303
8.69303
8.69303
8.69303
8.69303
8.69303
8.69303
8.69303
6.56679
8.69303
8.69303
8.69303
8.69303
8.69303
6.56679
6.56679
8.69303
8.69303
8.69303
8.69303
6.56679
6.56679
8.69303
8.69303
8.69303
8.69303
8.69303
6.56679
8.69303
8.69303
8.69303
8.69303
8.69303
6.56679
8.69303
8.69303
8.69303
8.69303
8.69303
6.56679
8.69303
8.69303
8.69303
8.69303
8.69303
6.56679
8.69303
8.69303
8.69303
8.69303
8.69303
8.69303
6.56679
8.69303
8.69303
8.69303
8.69303
8.69303
8.69303
8.69303
8.69303
8.69303
8.69303
6.56679
6.56679
8.69303
8.69303
8.69303
8.69303
6.56679
6.56679
8.69303
8.69303
8.69303
6.56679
6.56679
8.69303
8.69303
8.69303
8.69303
8.69303
8.69303
6.56679
8.69303
8.69303
8.69303
8.69303
6.56679
8.69303
8.69303
8.69303
8.69303
8.69303
6.56679
6.56679
8.69303
8.69303
8.69303
8.69303
6.56679
6.56679
8.69303
8.69303
8.69303
8.69303
8.69303
6.56679
8.69303
8.69303
8.69303
8.69303
8.69303
6.56679
8.69303
8.69303
8.69303
8.69303
8.69303
8.69303
8.69303
8.69303
8.69303
8.69303
8.69303
8.69303
8.69303
8.69303
8.69303
8.69303
8.69303
8.69303
6.56679
6.56679
8.69303
8.69303
8.69303
8.69303
8.69303
6.56679
8.69303
8.69303
8.69303
8.69303
8.69303
6.56679
8.69303
8.69303
8.69303
8.69303
8.69303
6.56679
8.69303
8.69303
8.69303
8.69303
8.69303
6.56679
8.69303
8.69303
8.69303
8.69303
8.69303
6.56679
8.69303
8.69303
8.69303
8.69303
8.69303
6.56679
8.69303
8.69303
8.69303
8.69303
8.69303
6.56679
8.69303
8.69303
8.69303
8.69303
8.69303
8.69303
8.69303
8.69303
8.69303
8.69303
8.69303
6.56679
8.69303
8.69303
8.69303
8.69303
8.69303
8.69303
8.69303
8.69303
8.69303
8.69303
8.69303
8.69303
6.56679
8.69303
8.69303
8.69303
8.69303
8.69303
6.56679
8.69303
8.69303
8.69303
8.69303
8.69303
6.56679
8.69303
8.69303
8.69303
8.69303
6.56679
8.69303
8.69303
8.69303
8.69303
8.69303
6.56679
8.69303
8.69303
8.69303
8.69303
8.69303
6.56679
8.69303
8.69303
8.69303
8.69303
8.69303
8.69303
6.56679
8.69303
8.69303
8.69303
8.69303
6.56679
8.69303
8.69303
8.69303
8.69303
8.69303
6.56679
8.69303
8.69303
8.69303
8.69303
8.69303
6.56679
8.69303
8.69303
8.69303
8.69303
8.69303
6.56679
6.56679
8.69303
8.69303
8.69303
8.69303
8.69303
8.69303
8.69303
8.69303
8.69303
6.56679
6.56679
8.69303
8.69303
8.69303
8.69303
8.69303
8.69303
8.69303
8.69303
8.69303
8.69303
6.56679
6.56679
8.69303
8.69303
8.69303
8.69303
8.69303
6.56679
8.69303
8.69303
8.69303
8.69303
8.69303
6.56679
8.69303
8.69303
8.69303
8.69303
8.69303
6.56679
8.69303
8.69303
8.69303
8.69303
8.69303
6.56679
8.69303
8.69303
8.69303
8.69303
8.69303
6.56679
8.69303
8.69303
8.69303
8.69303
8.69303
8.69303
6.56679
6.56679
8.69303
8.69303
8.69303
8.69303
8.69303
8.69303
8.69303
8.69303
8.69303
6.56679
6.56679
8.69303
8.69303
8.69303
8.69303
8.69303
8.69303
6.56679
8.69303
8.69303
8.69303
8.69303
8.69303
6.56679
8.69303
8.69303
8.69303
8.69303
8.69303
6.56679
8.69303
8.69303
8.69303
8.69303
8.69303
6.56679
8.69303
8.69303
8.69303
8.69303
8.69303
6.56679
8.69303
8.69303
8.69303
8.69303
8.69303
6.56679
8.69303
8.69303
8.69303
8.69303
8.69303
8.69303
8.69303
8.69303
8.69303
8.69303
8.69303
8.69303
8.69303
8.69303
8.69303
8.69303
8.69303
8.69303
8.69303
6.56679
8.69303
8.69303
8.69303
8.69303
8.69303
8.69303
6.56679
8.69303
8.69303
8.69303
8.69303
8.69303
6.56679
8.69303
8.69303
8.69303
8.69303
8.69303
8.69303
8.69303
8.69303
8.69303
8.69303
8.69303
6.56679
8.69303
8.69303
8.69303
8.69303
8.69303
8.69303
8.69303
8.69303
8.69303
8.69303
6.56679
6.56679
8.69303
8.69303
8.69303
8.69303
8.69303
6.56679
6.56679
8.69303
8.69303
8.69303
8.69303
8.69303
6.56679
8.69303
8.69303
8.69303
8.69303
8.69303
6.56679
8.69303
8.69303
8.69303
8.69303
8.69303
6.56679
6.56679
8.69303
8.69303
8.69303
8.69303
6.56679
8.69303
8.69303
8.69303
8.69303
8.69303
6.56679
6.56679
8.69303
8.69303
8.69303
8.69303
8.69303
6.56679
8.69303
8.69303
8.69303
8.69303
8.69303
6.56679
8.69303
8.69303
8.69303
8.69303
8.69303
6.56679
8.69303
8.69303
8.69303
8.69303
8.69303
8.69303
6.56679
8.69303
8.69303
8.69303
8.69303
6.56679
8.69303
8.69303
8.69303
8.69303
8.69303
6.56679
8.69303
8.69303
8.69303
8.69303
6.56679
6.56679
8.69303
8.69303
8.69303
8.69303
8.69303
8.69303
6.56679
8.69303
8.69303
8.69303
8.69303
8.69303
8.69303
8.69303
8.69303
8.69303
8.69303
8.69303
6.56679
8.69303
8.69303
8.69303
8.69303
8.69303
8.69303
6.56679
8.69303
8.69303
8.69303
8.69303
8.69303
6.56679
6.56679
8.69303
8.69303
8.69303
6.56679
6.56679
8.69303
8.69303
8.69303
8.69303
8.69303
6.56679
8.69303
8.69303
8.69303
8.69303
8.69303
8.69303
6.56679
6.56679
8.69303
8.69303
8.69303
8.69303
8.69303
8.69303
8.69303
8.69303
8.69303
8.69303
8.69303
8.69303
8.69303
8.69303
8.69303
6.56679
8.69303
8.69303
8.69303
8.69303
8.69303
6.56679
8.69303
8.69303
8.69303
8.69303
8.69303
6.56679
8.69303
8.69303
8.69303
8.69303
8.69303
6.56679
6.56679
8.69303
8.69303
8.69303
8.69303
6.56679
8.69303
8.69303
8.69303
8.69303
8.69303
6.56679
8.69303
8.69303
8.69303
8.69303
8.69303
6.56679
8.69303
8.69303
8.69303
8.69303
8.69303
6.56679
8.69303
8.69303
8.69303
8.69303
6.56679
6.56679
6.56679
8.69303
8.69303
8.69303
8.69303
6.56679
8.69303
8.69303
8.69303
8.69303
8.69303
6.56679
8.69303
8.69303
8.69303
8.69303
8.69303
6.56679
6.56679
8.69303
8.69303
8.69303
8.69303
6.56679
8.69303
8.69303
8.69303
8.69303
8.69303
8.69303
6.56679
8.69303
8.69303
8.69303
8.69303
8.69303
8.69303
8.69303
8.69303
8.69303
8.69303
6.56679
6.56679
8.69303
8.69303
8.69303
8.69303
8.69303
6.56679
8.69303
8.69303
8.69303
8.69303
8.69303
6.56679
8.69303
8.69303
8.69303
8.69303
8.69303
8.69303
6.56679
8.69303
8.69303
8.69303
8.69303
8.69303
8.69303
6.56679
8.69303
8.69303
8.69303
8.69303
8.69303
8.69303
8.69303
8.69303
8.69303
8.69303
8.69303
8.69303
8.69303
8.69303
8.69303
8.69303
8.69303
6.56679
8.69303
8.69303
8.69303
8.69303
8.69303
6.56679
8.69303
8.69303
8.69303
8.69303
8.69303
6.56679
6.56679
8.69303
8.69303
8.69303
6.56679
6.56679
8.69303
8.69303
8.69303
8.69303
8.69303
8.69303
6.56679
8.69303
8.69303
8.69303
8.69303
8.69303
6.56679
8.69303
8.69303
8.69303
8.69303
8.69303
6.56679
6.56679
8.69303
8.69303
8.69303
6.56679
6.56679
8.69303
8.69303
8.69303
8.69303
8.69303
6.56679
8.69303
8.69303
8.69303
8.69303
8.69303
6.56679
8.69303
8.69303
8.69303
8.69303
8.69303
6.56679
6.56679
8.69303
8.69303
8.69303
8.69303
8.69303
8.69303
8.69303
8.69303
8.69303
8.69303
6.56679
8.69303
8.69303
8.69303
8.69303
8.69303
6.56679
8.69303
8.69303
8.69303
8.69303
8.69303
8.69303
8.69303
8.69303
8.69303
8.69303
8.69303
8.69303
8.69303
8.69303
8.69303
8.69303
8.69303
6.56679
8.69303
8.69303
8.69303
8.69303
8.69303
8.69303
8.69303
8.69303
8.69303
8.69303
8.69303
8.69303
8.69303
8.69303
8.69303
8.69303
8.69303
8.69303
6.56679
8.69303
8.69303
8.69303
8.69303
8.69303
6.56679
8.69303
8.69303
8.69303
8.69303
8.69303
6.56679
8.69303
8.69303
8.69303
8.69303
6.56679
6.56679
8.69303
8.69303
8.69303
8.69303
8.69303
6.56679
8.69303
8.69303
8.69303
8.69303
8.69303
6.56679
8.69303
8.69303
8.69303
8.69303
8.69303
8.69303
8.69303
8.69303
8.69303
8.69303
8.69303
6.56679
8.69303
8.69303
8.69303
8.69303
8.69303
6.56679
8.69303
8.69303
8.69303
8.69303
8.69303
6.56679
8.69303
8.69303
8.69303
8.69303
8.69303
6.56679
6.56679
8.69303
8.69303
8.69303
8.69303
6.56679
6.56679
8.69303
8.69303
8.69303
8.69303
8.69303
6.56679
8.69303
8.69303
8.69303
8.69303
8.69303
8.69303
8.69303
8.69303
8.69303
8.69303
8.69303
8.69303
8.69303
8.69303
8.69303
8.69303
8.69303
8.69303
6.56679
8.69303
8.69303
8.69303
8.69303
8.69303
6.56679
8.69303
8.69303
8.69303
8.69303
8.69303
8.69303
8.69303
8.69303
8.69303
8.69303
8.69303
8.69303
8.69303
8.69303
8.69303
8.69303
8.69303
6.56679
8.69303
8.69303
8.69303
8.69303
8.69303
6.56679
8.69303
8.69303
8.69303
8.69303
8.69303
8.69303
8.69303
8.69303
8.69303
8.69303
8.69303
8.69303
6.56679
8.69303
8.69303
8.69303
8.69303
8.69303
8.69303
6.56679
8.69303
8.69303
8.69303
8.69303
6.56679
8.69303
8.69303
8.69303
8.69303
8.69303
6.56679
8.69303
8.69303
8.69303
8.69303
8.69303
8.69303
8.69303
8.69303
8.69303
8.69303
6.56679
6.56679
8.69303
8.69303
8.69303
8.69303
8.69303
6.56679
8.69303
8.69303
8.69303
8.69303
8.69303
6.56679
8.69303
8.69303
8.69303
8.69303
8.69303
6.56679
6.56679
8.69303
8.69303
8.69303
8.69303
6.56679
8.69303
8.69303
8.69303
8.69303
8.69303
6.56679
8.69303
8.69303
8.69303
8.69303
8.69303
6.56679
8.69303
8.69303
8.69303
8.69303
6.56679
6.56679
8.69303
8.69303
8.69303
8.69303
8.69303
6.56679
8.69303
8.69303
8.69303
8.69303
8.69303
6.56679
8.69303
8.69303
8.69303
8.69303
8.69303
8.69303
8.69303
8.69303
8.69303
8.69303
8.69303
8.69303
6.56679
8.69303
8.69303
8.69303
8.69303
8.69303
6.56679
8.69303
8.69303
8.69303
8.69303
8.69303
6.56679
8.69303
8.69303
8.69303
8.69303
8.69303
8.69303
6.56679
8.69303
8.69303
8.69303
8.69303
8.69303
6.56679
8.69303
8.69303
8.69303
8.69303
8.69303
6.56679
8.69303
8.69303
8.69303
8.69303
8.69303
6.56679
8.69303
8.69303
8.69303
8.69303
8.69303
8.69303
6.56679
8.69303
8.69303
8.69303
8.69303
8.69303
6.56679
8.69303
8.69303
8.69303
8.69303
8.69303
8.69303
8.69303
8.69303
8.69303
8.69303
8.69303
8.69303
6.56679
8.69303
8.69303
8.69303
8.69303
8.69303
6.56679
8.69303
8.69303
8.69303
8.69303
8.69303
6.56679
8.69303
8.69303
8.69303
8.69303
8.69303
8.69303
8.69303
8.69303
8.69303
8.69303
8.69303
8.69303
6.56679
8.69303
8.69303
8.69303
8.69303
6.56679
8.69303
8.69303
8.69303
8.69303
8.69303
8.69303
6.56679
8.69303
8.69303
8.69303
8.69303
8.69303
8.69303
8.69303
8.69303
8.69303
8.69303
8.69303
6.56679
8.69303
8.69303
8.69303
8.69303
8.69303
8.69303
6.56679
8.69303
8.69303
8.69303
8.69303
8.69303
8.69303
8.69303
8.69303
8.69303
8.69303
8.69303
8.69303
8.69303
8.69303
8.69303
8.69303
8.69303
6.56679
8.69303
8.69303
8.69303
8.69303
8.69303
8.69303
8.69303
8.69303
8.69303
8.69303
8.69303
6.56679
6.56679
8.69303
8.69303
8.69303
8.69303
8.69303
8.69303
6.56679
8.69303
8.69303
8.69303
8.69303
8.69303
8.69303
6.56679
8.69303
8.69303
8.69303
8.69303
8.69303
6.56679
8.69303
8.69303
8.69303
8.69303
8.69303
8.69303
8.69303
8.69303
8.69303
8.69303
6.56679
6.56679
8.69303
8.69303
8.69303
8.69303
8.69303
6.56679
8.69303
8.69303
8.69303
8.69303
8.69303
6.56679
8.69303
8.69303
8.69303
8.69303
8.69303
6.56679
6.56679
8.69303
8.69303
8.69303
8.69303
8.69303
8.69303
8.69303
8.69303
8.69303
8.69303
8.69303
6.56679
8.69303
8.69303
8.69303
8.69303
8.69303
6.56679
8.69303
8.69303
8.69303
8.69303
8.69303
6.56679
8.69303
8.69303
8.69303
8.69303
8.69303
6.56679
8.69303
8.69303
8.69303
8.69303
8.69303
8.69303
6.56679
8.69303
8.69303
8.69303
8.69303
8.69303
8.69303
8.69303
8.69303
8.69303
8.69303
8.69303
8.69303
6.56679
8.69303
8.69303
8.69303
8.69303
8.69303
6.56679
8.69303
8.69303
8.69303
8.69303
8.69303
8.69303
8.69303
8.69303
8.69303
8.69303
6.56679
6.56679
8.69303
8.69303
8.69303
8.69303
8.69303
6.56679
8.69303
8.69303
8.69303
8.69303
8.69303
8.69303
8.69303
8.69303
8.69303
8.69303
8.69303
8.69303
6.56679
8.69303
8.69303
8.69303
8.69303
8.69303
6.56679
8.69303
8.69303
8.69303
8.69303
8.69303
8.69303
8.69303
8.69303
8.69303
8.69303
8.69303
8.69303
6.56679
8.69303
8.69303
8.69303
8.69303
8.69303
6.56679
8.69303
8.69303
8.69303
8.69303
8.69303
6.56679
8.69303
8.69303
8.69303
8.69303
8.69303
8.69303
8.69303
8.69303
8.69303
8.69303
8.69303
8.69303
6.56679
8.69303
8.69303
8.69303
8.69303
8.69303
6.56679
8.69303
8.69303
8.69303
8.69303
8.69303
8.69303
8.69303
8.69303
8.69303
8.69303
6.56679
6.56679
8.69303
8.69303
8.69303
8.69303
8.69303
6.56679
8.69303
8.69303
8.69303
8.69303
8.69303
6.56679
8.69303
8.69303
8.69303
8.69303
8.69303
8.69303
8.69303
8.69303
8.69303
8.69303
8.69303
8.69303
6.56679
8.69303
8.69303
8.69303
8.69303
8.69303
6.56679
8.69303
8.69303
8.69303
8.69303
8.69303
8.69303
8.69303
8.69303
8.69303
8.69303
8.69303
8.69303
8.69303
8.69303
8.69303
8.69303
8.69303
8.69303
6.56679
8.69303
8.69303
8.69303
8.69303
8.69303
6.56679
8.69303
8.69303
8.69303
8.69303
8.69303
6.56679
6.56679
8.69303
8.69303
8.69303
8.69303
8.69303
8.69303
8.69303
8.69303
8.69303
8.69303
6.56679
8.69303
8.69303
8.69303
8.69303
8.69303
8.69303
6.56679
6.56679
8.69303
8.69303
8.69303
8.69303
8.69303
8.69303
8.69303
8.69303
8.69303
8.69303
6.56679
8.69303
8.69303
8.69303
8.69303
8.69303
6.56679
8.69303
8.69303
8.69303
8.69303
8.69303
6.56679
8.69303
8.69303
8.69303
8.69303
6.56679
6.56679
8.69303
8.69303
8.69303
8.69303
8.69303
6.56679
6.56679
8.69303
8.69303
8.69303
8.69303
8.69303
8.69303
8.69303
8.69303
8.69303
8.69303
8.69303
8.69303
8.69303
8.69303
8.69303
8.69303
8.69303
8.69303
8.69303
8.69303
8.69303
8.69303
6.56679
8.69303
8.69303
8.69303
8.69303
8.69303
6.56679
8.69303
8.69303
8.69303
8.69303
8.69303
8.69303
8.69303
8.69303
8.69303
8.69303
8.69303
8.69303
8.69303
8.69303
8.69303
8.69303
8.69303
6.56679
6.56679
8.69303
8.69303
8.69303
8.69303
8.69303
8.69303
8.69303
8.69303
8.69303
8.69303
8.69303
8.69303
6.56679
8.69303
8.69303
8.69303
8.69303
8.69303
6.56679
8.69303
8.69303
8.69303
8.69303
8.69303
6.56679
8.69303
8.69303
8.69303
8.69303
8.69303
8.69303
6.56679
8.69303
8.69303
8.69303
8.69303
8.69303
6.56679
8.69303
8.69303
8.69303
8.69303
8.69303
6.56679
8.69303
8.69303
8.69303
8.69303
8.69303
6.56679
6.56679
8.69303
8.69303
8.69303
8.69303
8.69303
8.69303
8.69303
8.69303
8.69303
8.69303
6.56679
6.56679
8.69303
8.69303
8.69303
8.69303
8.69303
6.56679
8.69303
8.69303
8.69303
8.69303
8.69303
6.56679
8.69303
8.69303
8.69303
8.69303
8.69303
8.69303
6.56679
8.69303
8.69303
8.69303
8.69303
8.69303
8.69303
8.69303
8.69303
8.69303
8.69303
8.69303
6.56679
6.56679
8.69303
8.69303
8.69303
8.69303
8.69303
8.69303
6.56679
8.69303
8.69303
8.69303
8.69303
8.69303
6.56679
8.69303
8.69303
8.69303
8.69303
8.69303
6.56679
8.69303
8.69303
8.69303
8.69303
8.69303
6.56679
8.69303
8.69303
8.69303
8.69303
8.69303
6.56679
8.69303
8.69303
8.69303
8.69303
8.69303
6.56679
8.69303
8.69303
8.69303
8.69303
8.69303
8.69303
8.69303
8.69303
8.69303
8.69303
8.69303
8.69303
8.69303
8.69303
8.69303
8.69303
6.56679
6.56679
8.69303
8.69303
8.69303
8.69303
8.69303
8.69303
6.56679
8.69303
8.69303
8.69303
8.69303
8.69303
8.69303
8.69303
8.69303
8.69303
8.69303
8.69303
8.69303
6.56679
8.69303
8.69303
8.69303
8.69303
8.69303
6.56679
6.56679
8.69303
8.69303
8.69303
8.69303
8.69303
8.69303
8.69303
8.69303
8.69303
8.69303
6.56679
8.69303
8.69303
8.69303
8.69303
8.69303
6.56679
6.56679
8.69303
8.69303
8.69303
8.69303
8.69303
8.69303
8.69303
8.69303
8.69303
8.69303
8.69303
6.56679
8.69303
8.69303
8.69303
8.69303
8.69303
8.69303
8.69303
8.69303
8.69303
8.69303
8.69303
8.69303
6.56679
8.69303
8.69303
8.69303
8.69303
8.69303
6.56679
8.69303
8.69303
8.69303
8.69303
8.69303
8.69303
6.56679
6.56679
8.69303
8.69303
8.69303
8.69303
8.69303
8.69303
8.69303
8.69303
8.69303
8.69303
6.56679
8.69303
8.69303
8.69303
8.69303
8.69303
6.56679
8.69303
8.69303
8.69303
8.69303
8.69303
8.69303
8.69303
8.69303
8.69303
8.69303
8.69303
8.69303
6.56679
8.69303
8.69303
8.69303
8.69303
8.69303
6.56679
8.69303
8.69303
8.69303
8.69303
8.69303
8.69303
8.69303
8.69303
8.69303
8.69303
8.69303
8.69303
8.69303
8.69303
8.69303
8.69303
8.69303
6.56679
8.69303
8.69303
8.69303
8.69303
8.69303
8.69303
8.69303
8.69303
8.69303
8.69303
8.69303
8.69303
6.56679
8.69303
8.69303
8.69303
8.69303
8.69303
8.69303
6.56679
8.69303
8.69303
8.69303
8.69303
8.69303
6.56679
8.69303
8.69303
8.69303
8.69303
8.69303
6.56679
8.69303
8.69303
8.69303
8.69303
8.69303
8.69303
8.69303
8.69303
8.69303
8.69303
8.69303
8.69303
6.56679
8.69303
8.69303
8.69303
8.69303
8.69303
6.56679
8.69303
8.69303
8.69303
8.69303
8.69303
8.69303
6.56679
8.69303
8.69303
8.69303
8.69303
8.69303
8.69303
8.69303
8.69303
8.69303
8.69303
8.69303
8.69303
8.69303
6.56679
8.69303
8.69303
8.69303
8.69303
8.69303
6.56679
8.69303
8.69303
8.69303
8.69303
8.69303
6.56679
8.69303
8.69303
8.69303
8.69303
8.69303
6.56679
8.69303
8.69303
8.69303
8.69303
8.69303
8.69303
6.56679
6.56679
8.69303
8.69303
8.69303
8.69303
6.56679
6.56679
8.69303
8.69303
8.69303
8.69303
6.56679
6.56679
8.69303
8.69303
8.69303
8.69303
6.56679
8.69303
8.69303
8.69303
8.69303
8.69303
6.56679
8.69303
8.69303
8.69303
8.69303
8.69303
8.69303
6.56679
8.69303
8.69303
8.69303
8.69303
8.69303
6.56679
8.69303
8.69303
8.69303
8.69303
8.69303
8.69303
8.69303
8.69303
8.69303
8.69303
8.69303
8.69303
8.69303
8.69303
8.69303
8.69303
6.56679
6.56679
8.69303
8.69303
8.69303
8.69303
8.69303
6.56679
8.69303
8.69303
8.69303
8.69303
8.69303
6.56679
8.69303
8.69303
8.69303
8.69303
8.69303
6.56679
8.69303
8.69303
8.69303
8.69303
8.69303
6.56679
8.69303
8.69303
8.69303
8.69303
8.69303
8.69303
8.69303
8.69303
8.69303
8.69303
8.69303
8.69303
8.69303
8.69303
8.69303
8.69303
8.69303
8.69303
6.56679
8.69303
8.69303
8.69303
8.69303
8.69303
8.69303
6.56679
8.69303
8.69303
8.69303
8.69303
8.69303
6.56679
8.69303
8.69303
8.69303
8.69303
8.69303
6.56679
8.69303
8.69303
8.69303
8.69303
8.69303
8.69303
6.56679
6.56679
8.69303
8.69303
8.69303
8.69303
8.69303
8.69303
8.69303
8.69303
8.69303
8.69303
8.69303
8.69303
8.69303
8.69303
8.69303
8.69303
6.56679
8.69303
8.69303
8.69303
8.69303
8.69303
6.56679
8.69303
8.69303
8.69303
8.69303
8.69303
6.56679
8.69303
8.69303
8.69303
8.69303
8.69303
6.56679
8.69303
8.69303
8.69303
8.69303
8.69303
8.69303
6.56679
8.69303
8.69303
8.69303
8.69303
8.69303
6.56679
6.56679
8.69303
8.69303
8.69303
8.69303
6.56679
8.69303
8.69303
8.69303
8.69303
8.69303
8.69303
8.69303
8.69303
8.69303
8.69303
8.69303
8.69303
8.69303
8.69303
8.69303
8.69303
8.69303
8.69303
6.56679
8.69303
8.69303
8.69303
8.69303
8.69303
8.69303
6.56679
8.69303
8.69303
8.69303
8.69303
8.69303
6.56679
8.69303
8.69303
8.69303
8.69303
8.69303
8.69303
6.56679
6.56679
8.69303
8.69303
8.69303
6.56679
6.56679
8.69303
8.69303
8.69303
8.69303
8.69303
8.69303
8.69303
8.69303
8.69303
8.69303
8.69303
8.69303
6.56679
8.69303
8.69303
8.69303
8.69303
8.69303
6.56679
6.56679
8.69303
8.69303
8.69303
8.69303
6.56679
6.56679
8.69303
8.69303
8.69303
8.69303
8.69303
8.69303
8.69303
8.69303
8.69303
8.69303
8.69303
6.56679
8.69303
8.69303
8.69303
8.69303
8.69303
6.56679
8.69303
8.69303
8.69303
8.69303
8.69303
8.69303
6.56679
6.56679
8.69303
8.69303
8.69303
8.69303
6.56679
6.56679
8.69303
8.69303
8.69303
8.69303
8.69303
8.69303
8.69303
8.69303
8.69303
8.69303
8.69303
8.69303
8.69303
8.69303
8.69303
8.69303
8.69303
6.56679
8.69303
8.69303
8.69303
8.69303
8.69303
6.56679
8.69303
8.69303
8.69303
8.69303
8.69303
6.56679
6.56679
8.69303
8.69303
8.69303
8.69303
6.56679
6.56679
8.69303
8.69303
8.69303
8.69303
8.69303
6.56679
8.69303
8.69303
8.69303
8.69303
8.69303
6.56679
8.69303
8.69303
8.69303
8.69303
8.69303
6.56679
8.69303
8.69303
8.69303
8.69303
8.69303
6.56679
8.69303
8.69303
8.69303
8.69303
8.69303
8.69303
8.69303
8.69303
8.69303
8.69303
8.69303
6.56679
6.56679
8.69303
8.69303
8.69303
8.69303
8.69303
8.69303
8.69303
8.69303
8.69303
8.69303
6.56679
8.69303
8.69303
8.69303
8.69303
8.69303
6.56679
8.69303
8.69303
8.69303
8.69303
8.69303
6.56679
8.69303
8.69303
8.69303
8.69303
8.69303
6.56679
8.69303
8.69303
8.69303
8.69303
8.69303
8.69303
6.56679
6.56679
8.69303
8.69303
8.69303
8.69303
6.56679
6.56679
8.69303
8.69303
8.69303
8.69303
8.69303
8.69303
8.69303
8.69303
8.69303
8.69303
8.69303
8.69303
8.69303
8.69303
8.69303
6.56679
6.56679
8.69303
8.69303
8.69303
8.69303
8.69303
6.56679
8.69303
8.69303
8.69303
8.69303
8.69303
6.56679
8.69303
8.69303
8.69303
8.69303
8.69303
6.56679
8.69303
8.69303
8.69303
8.69303
8.69303
8.69303
6.56679
6.56679
8.69303
8.69303
8.69303
6.56679
6.56679
8.69303
8.69303
8.69303
8.69303
8.69303
8.69303
8.69303
8.69303
8.69303
8.69303
8.69303
6.56679
8.69303
8.69303
8.69303
8.69303
8.69303
6.56679
8.69303
8.69303
8.69303
8.69303
8.69303
6.56679
6.56679
6.56679
8.69303
8.69303
8.69303
6.56679
8.69303
8.69303
8.69303
8.69303
8.69303
8.69303
8.69303
8.69303
8.69303
8.69303
8.69303
8.69303
6.56679
8.69303
8.69303
8.69303
8.69303
8.69303
6.56679
8.69303
8.69303
8.69303
8.69303
8.69303
6.56679
6.56679
8.69303
8.69303
8.69303
8.69303
6.56679
8.69303
8.69303
8.69303
8.69303
8.69303
6.56679
6.56679
8.69303
8.69303
8.69303
8.69303
8.69303
6.56679
8.69303
8.69303
8.69303
8.69303
8.69303
6.56679
8.69303
8.69303
8.69303
8.69303
8.69303
8.69303
6.56679
8.69303
8.69303
8.69303
8.69303
8.69303
6.56679
8.69303
8.69303
8.69303
8.69303
8.69303
6.56679
6.56679
8.69303
8.69303
8.69303
8.69303
6.56679
8.69303
8.69303
8.69303
8.69303
8.69303
8.69303
8.69303
8.69303
8.69303
8.69303
6.56679
6.56679
8.69303
8.69303
8.69303
8.69303
8.69303
8.69303
8.69303
8.69303
8.69303
8.69303
8.69303
8.69303
8.69303
8.69303
8.69303
8.69303
8.69303
6.56679
8.69303
8.69303
8.69303
8.69303
8.69303
8.69303
6.56679
8.69303
8.69303
8.69303
8.69303
8.69303
6.56679
8.69303
8.69303
8.69303
8.69303
8.69303
8.69303
6.56679
6.56679
8.69303
8.69303
8.69303
8.69303
8.69303
6.56679
8.69303
8.69303
8.69303
8.69303
8.69303
8.69303
6.56679
8.69303
8.69303
8.69303
8.69303
8.69303
6.56679
8.69303
8.69303
8.69303
8.69303
8.69303
8.69303
6.56679
8.69303
8.69303
8.69303
8.69303
8.69303
6.56679
8.69303
8.69303
8.69303
8.69303
8.69303
6.56679
6.56679
8.69303
8.69303
8.69303
8.69303
6.56679
6.56679
8.69303
8.69303
8.69303
8.69303
8.69303
8.69303
8.69303
8.69303
8.69303
8.69303
6.56679
8.69303
8.69303
8.69303
8.69303
6.56679
6.56679
8.69303
8.69303
8.69303
8.69303
8.69303
6.56679
8.69303
8.69303
8.69303
8.69303
8.69303
6.56679
8.69303
8.69303
8.69303
8.69303
6.56679
8.69303
8.69303
8.69303
8.69303
8.69303
6.56679
8.69303
8.69303
8.69303
8.69303
8.69303
6.56679
8.69303
8.69303
8.69303
8.69303
8.69303
6.56679
8.69303
8.69303
8.69303
8.69303
8.69303
6.56679
8.69303
8.69303
8.69303
8.69303
8.69303
6.56679
8.69303
8.69303
8.69303
8.69303
8.69303
6.56679
6.56679
8.69303
8.69303
8.69303
8.69303
8.69303
8.69303
8.69303
8.69303
8.69303
8.69303
8.69303
6.56679
8.69303
8.69303
8.69303
8.69303
6.56679
6.56679
8.69303
8.69303
8.69303
8.69303
8.69303
6.56679
8.69303
8.69303
8.69303
8.69303
8.69303
6.56679
8.69303
8.69303
8.69303
8.69303
8.69303
6.56679
8.69303
8.69303
8.69303
8.69303
8.69303
6.56679
8.69303
8.69303
8.69303
8.69303
8.69303
8.69303
6.56679
8.69303
8.69303
8.69303
8.69303
8.69303
8.69303
6.56679
8.69303
8.69303
8.69303
8.69303
8.69303
6.56679
6.56679
8.69303
8.69303
8.69303
8.69303
6.56679
6.56679
8.69303
8.69303
8.69303
8.69303
8.69303
6.56679
8.69303
8.69303
8.69303
8.69303
8.69303
8.69303
8.69303
8.69303
8.69303
8.69303
8.69303
6.56679
8.69303
8.69303
8.69303
8.69303
8.69303
6.56679
8.69303
8.69303
8.69303
8.69303
8.69303
8.69303
6.56679
8.69303
8.69303
8.69303
8.69303
8.69303
6.56679
6.56679
8.69303
8.69303
8.69303
8.69303
6.56679
8.69303
8.69303
8.69303
8.69303
8.69303
6.56679
6.56679
8.69303
8.69303
8.69303
8.69303
8.69303
6.56679
8.69303
8.69303
8.69303
8.69303
8.69303
6.56679
8.69303
8.69303
8.69303
8.69303
8.69303
6.56679
8.69303
8.69303
8.69303
8.69303
6.56679
8.69303
8.69303
8.69303
8.69303
8.69303
8.69303
6.56679
8.69303
8.69303
8.69303
8.69303
8.69303
6.56679
8.69303
8.69303
8.69303
8.69303
8.69303
8.69303
8.69303
8.69303
8.69303
8.69303
8.69303
6.56679
6.56679
8.69303
8.69303
8.69303
8.69303
8.69303
6.56679
8.69303
8.69303
8.69303
8.69303
8.69303
6.56679
8.69303
8.69303
8.69303
8.69303
8.69303
8.69303
6.56679
8.69303
8.69303
8.69303
8.69303
8.69303
6.56679
8.69303
8.69303
8.69303
8.69303
8.69303
6.56679
8.69303
8.69303
8.69303
8.69303
8.69303
8.69303
8.69303
8.69303
8.69303
8.69303
8.69303
8.69303
8.69303
8.69303
8.69303
8.69303
8.69303
8.69303
8.69303
6.56679
8.69303
8.69303
8.69303
8.69303
8.69303
6.56679
8.69303
8.69303
8.69303
8.69303
8.69303
6.56679
8.69303
8.69303
8.69303
8.69303
6.56679
8.69303
8.69303
8.69303
8.69303
8.69303
6.56679
8.69303
8.69303
8.69303
8.69303
8.69303
8.69303
6.56679
6.56679
8.69303
8.69303
8.69303
8.69303
8.69303
8.69303
8.69303
8.69303
8.69303
8.69303
6.56679
6.56679
8.69303
8.69303
8.69303
6.56679
6.56679
8.69303
8.69303
8.69303
8.69303
8.69303
8.69303
8.69303
8.69303
8.69303
8.69303
8.69303
8.69303
6.56679
8.69303
8.69303
8.69303
8.69303
8.69303
6.56679
8.69303
8.69303
8.69303
8.69303
8.69303
6.56679
8.69303
8.69303
8.69303
8.69303
8.69303
6.56679
8.69303
8.69303
8.69303
8.69303
8.69303
8.69303
6.56679
6.56679
8.69303
8.69303
8.69303
8.69303
8.69303
8.69303
8.69303
8.69303
8.69303
8.69303
6.56679
8.69303
8.69303
8.69303
8.69303
8.69303
8.69303
6.56679
8.69303
8.69303
8.69303
8.69303
8.69303
6.56679
8.69303
8.69303
8.69303
8.69303
6.56679
8.69303
8.69303
8.69303
8.69303
8.69303
6.56679
8.69303
8.69303
8.69303
8.69303
8.69303
8.69303
6.56679
8.69303
8.69303
8.69303
8.69303
6.56679
6.56679
8.69303
8.69303
8.69303
8.69303
8.69303
8.69303
6.56679
8.69303
8.69303
8.69303
8.69303
8.69303
8.69303
8.69303
8.69303
8.69303
8.69303
8.69303
8.69303
8.69303
8.69303
8.69303
8.69303
8.69303
8.69303
6.56679
8.69303
8.69303
8.69303
8.69303
8.69303
6.56679
8.69303
8.69303
8.69303
8.69303
8.69303
6.56679
6.56679
8.69303
8.69303
8.69303
8.69303
8.69303
8.69303
8.69303
8.69303
8.69303
8.69303
8.69303
6.56679
8.69303
8.69303
8.69303
8.69303
8.69303
6.56679
8.69303
8.69303
8.69303
8.69303
8.69303
6.56679
8.69303
8.69303
8.69303
8.69303
8.69303
8.69303
6.56679
8.69303
8.69303
8.69303
8.69303
8.69303
6.56679
8.69303
8.69303
8.69303
8.69303
8.69303
6.56679
8.69303
8.69303
8.69303
8.69303
8.69303
8.69303
8.69303
8.69303
8.69303
8.69303
8.69303
8.69303
8.69303
6.56679
8.69303
8.69303
8.69303
8.69303
8.69303
6.56679
8.69303
8.69303
8.69303
8.69303
8.69303
6.56679
8.69303
8.69303
8.69303
8.69303
8.69303
8.69303
6.56679
8.69303
8.69303
8.69303
8.69303
8.69303
6.56679
6.56679
8.69303
8.69303
8.69303
8.69303
8.69303
8.69303
8.69303
8.69303
8.69303
8.69303
8.69303
6.56679
8.69303
8.69303
8.69303
8.69303
8.69303
8.69303
6.56679
8.69303
8.69303
8.69303
8.69303
8.69303
6.56679
6.56679
8.69303
8.69303
8.69303
8.69303
6.56679
6.56679
8.69303
8.69303
8.69303
8.69303
8.69303
8.69303
6.56679
8.69303
8.69303
8.69303
8.69303
8.69303
6.56679
8.69303
8.69303
8.69303
8.69303
8.69303
6.56679
8.69303
8.69303
8.69303
8.69303
8.69303
8.69303
6.56679
8.69303
8.69303
8.69303
8.69303
8.69303
6.56679
6.56679
8.69303
8.69303
8.69303
8.69303
8.69303
8.69303
8.69303
8.69303
8.69303
8.69303
8.69303
8.69303
8.69303
8.69303
8.69303
8.69303
6.56679
8.69303
8.69303
8.69303
8.69303
8.69303
6.56679
8.69303
8.69303
8.69303
8.69303
8.69303
8.69303
6.56679
8.69303
8.69303
8.69303
8.69303
8.69303
6.56679
8.69303
8.69303
8.69303
8.69303
8.69303
6.56679
8.69303
8.69303
8.69303
8.69303
8.69303
8.69303
8.69303
8.69303
8.69303
8.69303
8.69303
8.69303
8.69303
8.69303
8.69303
8.69303
8.69303
6.56679
6.56679
8.69303
8.69303
8.69303
8.69303
8.69303
6.56679
8.69303
8.69303
8.69303
8.69303
8.69303
6.56679
8.69303
8.69303
8.69303
8.69303
8.69303
6.56679
8.69303
8.69303
8.69303
8.69303
8.69303
8.69303
6.56679
8.69303
8.69303
8.69303
8.69303
8.69303
6.56679
8.69303
8.69303
8.69303
8.69303
8.69303
6.56679
8.69303
8.69303
8.69303
8.69303
8.69303
8.69303
8.69303
8.69303
8.69303
8.69303
8.69303
8.69303
8.69303
8.69303
8.69303
8.69303
8.69303
8.69303
6.56679
8.69303
8.69303
8.69303
8.69303
8.69303
8.69303
6.56679
8.69303
8.69303
8.69303
8.69303
8.69303
6.56679
8.69303
8.69303
8.69303
8.69303
8.69303
6.56679
8.69303
8.69303
8.69303
8.69303
8.69303
6.56679
8.69303
8.69303
8.69303
8.69303
8.69303
6.56679
8.69303
8.69303
8.69303
8.69303
8.69303
8.69303
8.69303
8.69303
8.69303
8.69303
8.69303
6.56679
6.56679
8.69303
8.69303
8.69303
8.69303
8.69303
6.56679
8.69303
8.69303
8.69303
8.69303
8.69303
6.56679
8.69303
8.69303
8.69303
8.69303
8.69303
6.56679
8.69303
8.69303
8.69303
8.69303
8.69303
8.69303
6.56679
8.69303
8.69303
8.69303
8.69303
8.69303
6.56679
6.56679
8.69303
8.69303
8.69303
8.69303
8.69303
6.56679
8.69303
8.69303
8.69303
8.69303
6.56679
6.56679
8.69303
8.69303
8.69303
8.69303
8.69303
8.69303
8.69303
8.69303
8.69303
8.69303
8.69303
8.69303
8.69303
8.69303
8.69303
8.69303
8.69303
8.69303
6.56679
8.69303
8.69303
8.69303
8.69303
8.69303
8.69303
6.56679
8.69303
8.69303
8.69303
8.69303
8.69303
6.56679
8.69303
8.69303
8.69303
8.69303
8.69303
8.69303
8.69303
8.69303
8.69303
8.69303
8.69303
8.69303
8.69303
8.69303
8.69303
8.69303
8.69303
8.69303
8.69303
8.69303
8.69303
8.69303
8.69303
8.69303
8.69303
6.56679
8.69303
8.69303
8.69303
8.69303
8.69303
6.56679
8.69303
8.69303
8.69303
8.69303
8.69303
6.56679
8.69303
8.69303
8.69303
8.69303
8.69303
8.69303
8.69303
8.69303
8.69303
8.69303
8.69303
6.56679
6.56679
8.69303
8.69303
8.69303
8.69303
8.69303
6.56679
8.69303
8.69303
8.69303
8.69303
8.69303
6.56679
8.69303
8.69303
8.69303
8.69303
8.69303
8.69303
6.56679
8.69303
8.69303
8.69303
8.69303
8.69303
6.56679
8.69303
8.69303
8.69303
8.69303
8.69303
6.56679
8.69303
8.69303
8.69303
8.69303
8.69303
6.56679
8.69303
8.69303
8.69303
8.69303
8.69303
6.56679
8.69303
8.69303
8.69303
8.69303
8.69303
8.69303
6.56679
8.69303
8.69303
8.69303
8.69303
8.69303
6.56679
8.69303
8.69303
8.69303
8.69303
8.69303
8.69303
8.69303
8.69303
8.69303
8.69303
8.69303
8.69303
8.69303
8.69303
8.69303
8.69303
8.69303
8.69303
6.56679
8.69303
8.69303
8.69303
8.69303
8.69303
8.69303
6.56679
8.69303
8.69303
8.69303
8.69303
8.69303
6.56679
8.69303
8.69303
8.69303
8.69303
8.69303
8.69303
6.56679
8.69303
8.69303
8.69303
8.69303
8.69303
6.56679
6.56679
8.69303
8.69303
8.69303
8.69303
8.69303
6.56679
8.69303
8.69303
8.69303
8.69303
8.69303
8.69303
6.56679
6.56679
8.69303
8.69303
8.69303
8.69303
8.69303
8.69303
8.69303
8.69303
8.69303
8.69303
6.56679
8.69303
8.69303
8.69303
8.69303
8.69303
8.69303
6.56679
8.69303
8.69303
8.69303
8.69303
6.56679
8.69303
8.69303
8.69303
8.69303
8.69303
6.56679
8.69303
8.69303
8.69303
8.69303
8.69303
8.69303
6.56679
8.69303
8.69303
8.69303
8.69303
8.69303
6.56679
8.69303
8.69303
8.69303
8.69303
8.69303
8.69303
8.69303
8.69303
8.69303
8.69303
8.69303
8.69303
8.69303
6.56679
8.69303
8.69303
8.69303
8.69303
8.69303
6.56679
6.56679
8.69303
8.69303
8.69303
8.69303
8.69303
8.69303
8.69303
8.69303
8.69303
8.69303
6.56679
8.69303
8.69303
8.69303
8.69303
8.69303
6.56679
8.69303
8.69303
8.69303
8.69303
8.69303
6.56679
6.56679
8.69303
8.69303
8.69303
8.69303
6.56679
8.69303
8.69303
8.69303
8.69303
8.69303
8.69303
6.56679
8.69303
8.69303
8.69303
8.69303
8.69303
6.56679
8.69303
8.69303
8.69303
8.69303
8.69303
8.69303
6.56679
8.69303
8.69303
8.69303
8.69303
8.69303
6.56679
6.56679
8.69303
8.69303
8.69303
8.69303
8.69303
8.69303
8.69303
8.69303
8.69303
8.69303
6.56679
8.69303
8.69303
8.69303
8.69303
8.69303
6.56679
8.69303
8.69303
8.69303
8.69303
8.69303
8.69303
6.56679
6.56679
8.69303
8.69303
8.69303
8.69303
8.69303
8.69303
8.69303
8.69303
8.69303
8.69303
8.69303
6.56679
8.69303
8.69303
8.69303
8.69303
8.69303
6.56679
8.69303
8.69303
8.69303
8.69303
8.69303
6.56679
6.56679
8.69303
8.69303
8.69303
6.56679
6.56679
8.69303
8.69303
8.69303
8.69303
8.69303
8.69303
6.56679
8.69303
8.69303
8.69303
8.69303
6.56679
8.69303
8.69303
8.69303
8.69303
8.69303
6.56679
6.56679
8.69303
8.69303
8.69303
8.69303
8.69303
6.56679
8.69303
8.69303
8.69303
8.69303
8.69303
6.56679
8.69303
8.69303
8.69303
8.69303
8.69303
6.56679
6.56679
8.69303
8.69303
8.69303
6.56679
6.56679
8.69303
8.69303
8.69303
8.69303
8.69303
8.69303
6.56679
8.69303
8.69303
8.69303
8.69303
8.69303
6.56679
8.69303
8.69303
8.69303
8.69303
8.69303
8.69303
8.69303
8.69303
8.69303
8.69303
8.69303
6.56679
8.69303
8.69303
8.69303
8.69303
8.69303
8.69303
6.56679
8.69303
8.69303
8.69303
8.69303
8.69303
8.69303
8.69303
8.69303
8.69303
8.69303
6.56679
6.56679
8.69303
8.69303
8.69303
8.69303
8.69303
6.56679
8.69303
8.69303
8.69303
8.69303
8.69303
6.56679
8.69303
8.69303
8.69303
8.69303
8.69303
8.69303
6.56679
8.69303
8.69303
8.69303
8.69303
8.69303
6.56679
8.69303
8.69303
8.69303
8.69303
8.69303
6.56679
8.69303
8.69303
8.69303
8.69303
8.69303
8.69303
6.56679
8.69303
8.69303
8.69303
8.69303
8.69303
6.56679
8.69303
8.69303
8.69303
8.69303
8.69303
6.56679
8.69303
8.69303
8.69303
8.69303
8.69303
8.69303
8.69303
8.69303
8.69303
8.69303
8.69303
8.69303
6.56679
8.69303
8.69303
8.69303
8.69303
8.69303
6.56679
8.69303
8.69303
8.69303
8.69303
8.69303
6.56679
8.69303
8.69303
8.69303
8.69303
8.69303
8.69303
6.56679
8.69303
8.69303
8.69303
8.69303
8.69303
6.56679
8.69303
8.69303
8.69303
8.69303
8.69303
6.56679
8.69303
8.69303
8.69303
8.69303
8.69303
8.69303
8.69303
8.69303
8.69303
8.69303
6.56679
6.56679
8.69303
8.69303
8.69303
8.69303
8.69303
6.56679
8.69303
8.69303
8.69303
8.69303
8.69303
6.56679
6.56679
8.69303
8.69303
8.69303
8.69303
8.69303
8.69303
8.69303
8.69303
8.69303
8.69303
8.69303
6.56679
8.69303
8.69303
8.69303
8.69303
8.69303
8.69303
8.69303
8.69303
8.69303
8.69303
8.69303
6.56679
6.56679
8.69303
8.69303
8.69303
8.69303
8.69303
8.69303
6.56679
6.56679
8.69303
8.69303
8.69303
6.56679
6.56679
8.69303
8.69303
8.69303
8.69303
8.69303
6.56679
8.69303
8.69303
8.69303
8.69303
8.69303
6.56679
8.69303
8.69303
8.69303
8.69303
8.69303
8.69303
8.69303
8.69303
8.69303
8.69303
8.69303
6.56679
6.56679
8.69303
8.69303
8.69303
8.69303
8.69303
6.56679
8.69303
8.69303
8.69303
8.69303
8.69303
8.69303
8.69303
8.69303
8.69303
8.69303
8.69303
8.69303
6.56679
8.69303
8.69303
8.69303
8.69303
8.69303
8.69303
6.56679
8.69303
8.69303
8.69303
8.69303
8.69303
6.56679
6.56679
8.69303
8.69303
8.69303
8.69303
8.69303
6.56679
8.69303
8.69303
8.69303
8.69303
8.69303
6.56679
8.69303
8.69303
8.69303
8.69303
8.69303
6.56679
8.69303
8.69303
8.69303
8.69303
8.69303
8.69303
8.69303
8.69303
8.69303
8.69303
8.69303
6.56679
8.69303
8.69303
8.69303
8.69303
8.69303
6.56679
8.69303
8.69303
8.69303
8.69303
8.69303
6.56679
6.56679
8.69303
8.69303
8.69303
8.69303
8.69303
8.69303
8.69303
8.69303
8.69303
8.69303
6.56679
8.69303
8.69303
8.69303
8.69303
8.69303
6.56679
8.69303
8.69303
8.69303
8.69303
8.69303
8.69303
6.56679
8.69303
8.69303
8.69303
8.69303
8.69303
6.56679
8.69303
8.69303
8.69303
8.69303
8.69303
6.56679
8.69303
8.69303
8.69303
8.69303
8.69303
6.56679
6.56679
8.69303
8.69303
8.69303
8.69303
8.69303
8.69303
8.69303
8.69303
8.69303
8.69303
8.69303
6.56679
8.69303
8.69303
8.69303
8.69303
8.69303
6.56679
8.69303
8.69303
8.69303
8.69303
8.69303
8.69303
8.69303
8.69303
8.69303
8.69303
8.69303
6.56679
8.69303
8.69303
8.69303
8.69303
8.69303
6.56679
8.69303
8.69303
8.69303
8.69303
8.69303
8.69303
8.69303
8.69303
8.69303
8.69303
8.69303
8.69303
6.56679
8.69303
8.69303
8.69303
8.69303
8.69303
6.56679
8.69303
8.69303
8.69303
8.69303
8.69303
8.69303
8.69303
8.69303
8.69303
8.69303
8.69303
8.69303
8.69303
8.69303
8.69303
8.69303
8.69303
8.69303
6.56679
8.69303
8.69303
8.69303
8.69303
8.69303
8.69303
8.69303
8.69303
8.69303
8.69303
8.69303
8.69303
8.69303
8.69303
8.69303
8.69303
8.69303
8.69303
6.56679
8.69303
8.69303
8.69303
8.69303
8.69303
6.56679
8.69303
8.69303
8.69303
8.69303
8.69303
6.56679
6.56679
8.69303
8.69303
8.69303
8.69303
6.56679
8.69303
8.69303
8.69303
8.69303
8.69303
8.69303
6.56679
8.69303
8.69303
8.69303
8.69303
8.69303
8.69303
8.69303
8.69303
8.69303
8.69303
8.69303
6.56679
8.69303
8.69303
8.69303
8.69303
8.69303
6.56679
8.69303
8.69303
8.69303
8.69303
8.69303
8.69303
8.69303
8.69303
8.69303
8.69303
8.69303
8.69303
6.56679
8.69303
8.69303
8.69303
8.69303
8.69303
6.56679
8.69303
8.69303
8.69303
8.69303
8.69303
6.56679
8.69303
8.69303
8.69303
8.69303
8.69303
8.69303
6.56679
8.69303
8.69303
8.69303
8.69303
8.69303
6.56679
8.69303
8.69303
8.69303
8.69303
8.69303
6.56679
6.56679
8.69303
8.69303
8.69303
8.69303
8.69303
8.69303
8.69303
8.69303
8.69303
8.69303
8.69303
8.69303
8.69303
8.69303
8.69303
8.69303
8.69303
6.56679
8.69303
8.69303
8.69303
8.69303
6.56679
6.56679
8.69303
8.69303
8.69303
8.69303
8.69303
6.56679
8.69303
8.69303
8.69303
8.69303
8.69303
6.56679
8.69303
8.69303
8.69303
8.69303
8.69303
8.69303
8.69303
8.69303
8.69303
8.69303
8.69303
6.56679
8.69303
8.69303
8.69303
8.69303
8.69303
6.56679
6.56679
8.69303
8.69303
8.69303
8.69303
8.69303
8.69303
8.69303
8.69303
8.69303
8.69303
8.69303
8.69303
8.69303
8.69303
8.69303
6.56679
6.56679
8.69303
8.69303
8.69303
8.69303
8.69303
6.56679
8.69303
8.69303
8.69303
8.69303
8.69303
6.56679
8.69303
8.69303
8.69303
8.69303
8.69303
6.56679
8.69303
8.69303
8.69303
8.69303
8.69303
8.69303
6.56679
8.69303
8.69303
8.69303
8.69303
8.69303
6.56679
6.56679
8.69303
8.69303
8.69303
8.69303
6.56679
8.69303
8.69303
8.69303
8.69303
8.69303
6.56679
6.56679
8.69303
8.69303
8.69303
8.69303
8.69303
8.69303
8.69303
8.69303
8.69303
8.69303
8.69303
8.69303
8.69303
8.69303
8.69303
8.69303
8.69303
6.56679
8.69303
8.69303
8.69303
8.69303
8.69303
8.69303
6.56679
8.69303
8.69303
8.69303
8.69303
8.69303
8.69303
8.69303
8.69303
8.69303
8.69303
6.56679
6.56679
8.69303
8.69303
8.69303
8.69303
8.69303
8.69303
6.56679
8.69303
8.69303
8.69303
8.69303
8.69303
8.69303
8.69303
8.69303
8.69303
8.69303
8.69303
8.69303
6.56679
8.69303
8.69303
8.69303
8.69303
8.69303
6.56679
8.69303
8.69303
8.69303
8.69303
8.69303
6.56679
8.69303
8.69303
8.69303
8.69303
8.69303
8.69303
8.69303
8.69303
8.69303
8.69303
6.56679
6.56679
8.69303
8.69303
8.69303
8.69303
8.69303
8.69303
6.56679
8.69303
8.69303
8.69303
8.69303
8.69303
6.56679
6.56679
8.69303
8.69303
8.69303
8.69303
8.69303
8.69303
8.69303
8.69303
8.69303
8.69303
6.56679
8.69303
8.69303
8.69303
8.69303
8.69303
8.69303
6.56679
8.69303
8.69303
8.69303
8.69303
8.69303
6.56679
6.56679
8.69303
8.69303
8.69303
8.69303
6.56679
8.69303
8.69303
8.69303
8.69303
8.69303
6.56679
8.69303
8.69303
8.69303
8.69303
8.69303
8.69303
8.69303
8.69303
8.69303
8.69303
8.69303
8.69303
8.69303
8.69303
8.69303
8.69303
8.69303
6.56679
8.69303
8.69303
8.69303
8.69303
8.69303
6.56679
8.69303
8.69303
8.69303
8.69303
8.69303
6.56679
6.56679
8.69303
8.69303
8.69303
8.69303
8.69303
6.56679
8.69303
8.69303
8.69303
8.69303
8.69303
6.56679
8.69303
8.69303
8.69303
8.69303
8.69303
6.56679
6.56679
8.69303
8.69303
8.69303
6.56679
6.56679
8.69303
8.69303
8.69303
8.69303
8.69303
6.56679
8.69303
8.69303
8.69303
8.69303
8.69303
8.69303
6.56679
8.69303
8.69303
8.69303
8.69303
8.69303
8.69303
8.69303
8.69303
8.69303
8.69303
8.69303
8.69303
8.69303
8.69303
8.69303
8.69303
8.69303
6.56679
8.69303
8.69303
8.69303
8.69303
8.69303
8.69303
8.69303
8.69303
8.69303
8.69303
8.69303
8.69303
8.69303
8.69303
8.69303
8.69303
8.69303
8.69303
6.56679
6.56679
8.69303
8.69303
8.69303
6.56679
6.56679
8.69303
8.69303
8.69303
8.69303
8.69303
8.69303
8.69303
8.69303
8.69303
8.69303
8.69303
6.56679
8.69303
8.69303
8.69303
8.69303
8.69303
6.56679
6.56679
8.69303
8.69303
8.69303
6.56679
6.56679
8.69303
8.69303
8.69303
8.69303
8.69303
6.56679
8.69303
8.69303
8.69303
8.69303
8.69303
6.56679
8.69303
8.69303
8.69303
8.69303
8.69303
8.69303
8.69303
8.69303
8.69303
8.69303
8.69303
8.69303
6.56679
8.69303
8.69303
8.69303
8.69303
8.69303
8.69303
6.56679
6.56679
8.69303
8.69303
8.69303
8.69303
6.56679
8.69303
8.69303
8.69303
8.69303
8.69303
6.56679
8.69303
8.69303
8.69303
8.69303
8.69303
8.69303
8.69303
8.69303
8.69303
8.69303
8.69303
6.56679
8.69303
8.69303
8.69303
6.56679
6.56679
8.69303
8.69303
8.69303
8.69303
8.69303
8.69303
6.56679
8.69303
8.69303
8.69303
8.69303
8.69303
8.69303
8.69303
8.69303
8.69303
8.69303
8.69303
8.69303
8.69303
8.69303
8.69303
8.69303
8.69303
6.56679
8.69303
8.69303
8.69303
8.69303
8.69303
8.69303
8.69303
8.69303
8.69303
8.69303
8.69303
8.69303
8.69303
8.69303
8.69303
8.69303
8.69303
8.69303
6.56679
8.69303
8.69303
8.69303
8.69303
8.69303
6.56679
8.69303
8.69303
8.69303
8.69303
8.69303
6.56679
6.56679
8.69303
8.69303
8.69303
8.69303
8.69303
6.56679
8.69303
8.69303
8.69303
8.69303
8.69303
6.56679
8.69303
8.69303
8.69303
6.56679
6.56679
8.69303
8.69303
8.69303
8.69303
8.69303
8.69303
6.56679
8.69303
8.69303
8.69303
8.69303
8.69303
6.56679
8.69303
8.69303
8.69303
8.69303
8.69303
6.56679
8.69303
8.69303
8.69303
8.69303
8.69303
6.56679
8.69303
8.69303
8.69303
8.69303
8.69303
6.56679
6.56679
8.69303
8.69303
8.69303
8.69303
8.69303
6.56679
8.69303
8.69303
8.69303
8.69303
6.56679
6.56679
8.69303
8.69303
8.69303
8.69303
8.69303
6.56679
8.69303
8.69303
8.69303
8.69303
8.69303
8.69303
6.56679
8.69303
8.69303
8.69303
8.69303
8.69303
6.56679
8.69303
8.69303
8.69303
8.69303
8.69303
6.56679
8.69303
8.69303
8.69303
8.69303
8.69303
6.56679
8.69303
8.69303
8.69303
8.69303
8.69303
6.56679
6.56679
8.69303
8.69303
8.69303
8.69303
6.56679
6.56679
8.69303
8.69303
8.69303
8.69303
8.69303
8.69303
8.69303
8.69303
8.69303
6.56679
6.56679
8.69303
8.69303
8.69303
8.69303
8.69303
8.69303
6.56679
8.69303
8.69303
8.69303
8.69303
8.69303
6.56679
8.69303
8.69303
8.69303
8.69303
8.69303
8.69303
6.56679
8.69303
8.69303
8.69303
8.69303
8.69303
6.56679
6.56679
8.69303
8.69303
8.69303
8.69303
6.56679
6.56679
8.69303
8.69303
8.69303
8.69303
8.69303
8.69303
8.69303
8.69303
8.69303
8.69303
8.69303
6.56679
8.69303
8.69303
8.69303
8.69303
8.69303
6.56679
8.69303
8.69303
8.69303
8.69303
8.69303
6.56679
8.69303
8.69303
8.69303
8.69303
8.69303
6.56679
8.69303
8.69303
8.69303
8.69303
8.69303
8.69303
6.56679
6.56679
8.69303
8.69303
8.69303
8.69303
8.69303
8.69303
8.69303
8.69303
8.69303
6.56679
6.56679
8.69303
8.69303
8.69303
8.69303
8.69303
8.69303
8.69303
8.69303
8.69303
8.69303
8.69303
8.69303
8.69303
8.69303
8.69303
8.69303
8.69303
8.69303
6.56679
8.69303
8.69303
8.69303
8.69303
8.69303
6.56679
8.69303
8.69303
8.69303
8.69303
8.69303
8.69303
8.69303
8.69303
8.69303
8.69303
8.69303
8.69303
8.69303
8.69303
8.69303
8.69303
8.69303
8.69303
6.56679
8.69303
8.69303
8.69303
8.69303
8.69303
8.69303
6.56679
8.69303
8.69303
8.69303
8.69303
8.69303
6.56679
8.69303
8.69303
8.69303
8.69303
8.69303
8.69303
6.56679
6.56679
8.69303
8.69303
8.69303
8.69303
6.56679
8.69303
8.69303
8.69303
8.69303
8.69303
6.56679
6.56679
8.69303
8.69303
8.69303
8.69303
8.69303
8.69303
8.69303
8.69303
8.69303
8.69303
8.69303
8.69303
8.69303
8.69303
8.69303
8.69303
8.69303
6.56679
8.69303
8.69303
8.69303
8.69303
8.69303
6.56679
8.69303
8.69303
8.69303
8.69303
8.69303
6.56679
8.69303
8.69303
8.69303
8.69303
8.69303
8.69303
6.56679
6.56679
8.69303
8.69303
8.69303
8.69303
8.69303
6.56679
8.69303
8.69303
8.69303
8.69303
6.56679
8.69303
8.69303
8.69303
8.69303
8.69303
8.69303
6.56679
8.69303
8.69303
8.69303
8.69303
8.69303
8.69303
6.56679
8.69303
8.69303
8.69303
8.69303
8.69303
12.9455
32.0813
38.4598
38.4598
40.586
42.7121
44.8383
44.8383
44.8383
34.2075
29.9551
27.829
29.9551
29.9551
32.0813
29.9551
32.0813
32.0813
32.0813
32.0813
29.9551
32.0813
34.2075
40.586
40.586
38.4598
40.586
40.586
40.586
40.586
38.4598
40.586
40.586
40.586
40.586
40.586
40.586
40.586
38.4598
38.4598
40.586
40.586
38.4598
40.586
40.586
40.586
38.4598
40.586
40.586
23.5766
23.5766
23.5766
23.5766
23.5766
10.8193
8.69303
8.69303
8.69303
8.69303
8.69303
6.56679
6.56679
8.69303
8.69303
8.69303
8.69303
8.69303
8.69303
8.69303
8.69303
8.69303
8.69303
8.69303
8.69303
8.69303
8.69303
8.69303
8.69303
8.69303
8.69303
8.69303
8.69303
8.69303
8.69303
6.56679
6.56679
6.56679
8.69303
8.69303
8.69303
8.69303
8.69303
6.56679
8.69303
8.69303
8.69303
8.69303
8.69303
8.69303
8.69303
8.69303
8.69303
8.69303
8.69303
8.69303
8.69303
8.69303
8.69303
8.69303
8.69303
8.69303
8.69303
8.69303
8.69303
8.69303
8.69303
6.56679
8.69303
8.69303
8.69303
8.69303
8.69303
8.69303
6.56679
6.56679
8.69303
8.69303
8.69303
8.69303
6.56679
6.56679
8.69303
8.69303
8.69303
8.69303
8.69303
6.56679
8.69303
8.69303
8.69303
8.69303
8.69303
6.56679
8.69303
8.69303
8.69303
8.69303
8.69303
8.69303
6.56679
6.56679
8.69303
8.69303
8.69303
8.69303
6.56679
8.69303
8.69303
8.69303
8.69303
8.69303
6.56679
6.56679
8.69303
8.69303
8.69303
8.69303
8.69303
8.69303
8.69303
8.69303
8.69303
6.56679
6.56679
8.69303
8.69303
8.69303
8.69303
8.69303
6.56679
8.69303
8.69303
8.69303
8.69303
6.56679
6.56679
8.69303
8.69303
8.69303
8.69303
8.69303
6.56679
8.69303
8.69303
8.69303
8.69303
8.69303
6.56679
8.69303
8.69303
8.69303
8.69303
8.69303
6.56679
8.69303
8.69303
8.69303
8.69303
8.69303
8.69303
6.56679
6.56679
8.69303
8.69303
8.69303
8.69303
6.56679
6.56679
8.69303
8.69303
8.69303
8.69303
6.56679
6.56679
8.69303
8.69303
8.69303
8.69303
8.69303
8.69303
8.69303
8.69303
8.69303
8.69303
8.69303
8.69303
8.69303
8.69303
8.69303
8.69303
8.69303
6.56679
8.69303
8.69303
8.69303
8.69303
8.69303
6.56679
8.69303
8.69303
8.69303
8.69303
8.69303
6.56679
8.69303
8.69303
8.69303
8.69303
8.69303
6.56679
8.69303
8.69303
8.69303
8.69303
8.69303
6.56679
6.56679
8.69303
8.69303
8.69303
8.69303
6.56679
6.56679
8.69303
8.69303
8.69303
8.69303
6.56679
6.56679
8.69303
8.69303
8.69303
8.69303
8.69303
8.69303
8.69303
8.69303
8.69303
8.69303
8.69303
6.56679
8.69303
8.69303
8.69303
8.69303
8.69303
6.56679
8.69303
8.69303
8.69303
8.69303
8.69303
8.69303
8.69303
8.69303
8.69303
8.69303
8.69303
8.69303
6.56679
8.69303
8.69303
8.69303
8.69303
8.69303
6.56679
8.69303
8.69303
8.69303
8.69303
8.69303
8.69303
6.56679
8.69303
8.69303
8.69303
8.69303
6.56679
8.69303
8.69303
8.69303
8.69303
8.69303
8.69303
6.56679
6.56679
8.69303
8.69303
8.69303
8.69303
8.69303
6.56679
8.69303
8.69303
8.69303
8.69303
6.56679
8.69303
8.69303
8.69303
8.69303
8.69303
6.56679
6.56679
8.69303
8.69303
8.69303
8.69303
8.69303
8.69303
8.69303
8.69303
8.69303
8.69303
8.69303
6.56679
8.69303
8.69303
8.69303
8.69303
8.69303
6.56679
8.69303
8.69303
8.69303
8.69303
8.69303
6.56679
8.69303
8.69303
8.69303
8.69303
8.69303
8.69303
8.69303
8.69303
8.69303
8.69303
8.69303
8.69303
6.56679
8.69303
8.69303
8.69303
8.69303
8.69303
8.69303
6.56679
8.69303
8.69303
8.69303
8.69303
8.69303
8.69303
6.56679
8.69303
8.69303
8.69303
8.69303
8.69303
6.56679
8.69303
8.69303
8.69303
8.69303
8.69303
8.69303
6.56679
6.56679
8.69303
8.69303
8.69303
8.69303
6.56679
8.69303
8.69303
8.69303
8.69303
8.69303
8.69303
6.56679
8.69303
8.69303
8.69303
8.69303
8.69303
6.56679
6.56679
8.69303
8.69303
8.69303
8.69303
8.69303
8.69303
8.69303
8.69303
8.69303
8.69303
8.69303
6.56679
8.69303
8.69303
8.69303
8.69303
8.69303
8.69303
8.69303
8.69303
8.69303
8.69303
8.69303
6.56679
8.69303
8.69303
8.69303
8.69303
8.69303
6.56679
8.69303
8.69303
8.69303
8.69303
8.69303
8.69303
6.56679
6.56679
8.69303
8.69303
8.69303
8.69303
6.56679
6.56679
8.69303
8.69303
8.69303
8.69303
8.69303
6.56679
8.69303
8.69303
8.69303
8.69303
8.69303
6.56679
8.69303
8.69303
8.69303
8.69303
8.69303
6.56679
8.69303
8.69303
8.69303
8.69303
8.69303
8.69303
6.56679
8.69303
8.69303
8.69303
8.69303
8.69303
8.69303
8.69303
8.69303
8.69303
8.69303
8.69303
8.69303
8.69303
8.69303
8.69303
8.69303
8.69303
8.69303
6.56679
8.69303
8.69303
8.69303
8.69303
8.69303
8.69303
6.56679
8.69303
8.69303
8.69303
8.69303
8.69303
6.56679
8.69303
8.69303
8.69303
8.69303
8.69303
6.56679
8.69303
8.69303
8.69303
8.69303
8.69303
6.56679
8.69303
8.69303
8.69303
8.69303
8.69303
8.69303
6.56679
6.56679
8.69303
8.69303
8.69303
8.69303
8.69303
8.69303
8.69303
8.69303
8.69303
8.69303
8.69303
8.69303
8.69303
8.69303
8.69303
8.69303
6.56679
8.69303
8.69303
8.69303
8.69303
8.69303
6.56679
8.69303
8.69303
8.69303
8.69303
8.69303
6.56679
8.69303
8.69303
8.69303
8.69303
8.69303
6.56679
8.69303
8.69303
8.69303
8.69303
8.69303
8.69303
6.56679
8.69303
8.69303
8.69303
8.69303
6.56679
8.69303
8.69303
8.69303
8.69303
8.69303
8.69303
8.69303
8.69303
8.69303
8.69303
8.69303
8.69303
8.69303
8.69303
8.69303
8.69303
8.69303
8.69303
6.56679
8.69303
8.69303
8.69303
8.69303
8.69303
8.69303
8.69303
8.69303
8.69303
8.69303
6.56679
8.69303
8.69303
8.69303
8.69303
8.69303
6.56679
8.69303
8.69303
8.69303
8.69303
8.69303
6.56679
8.69303
8.69303
8.69303
8.69303
8.69303
6.56679
8.69303
8.69303
8.69303
8.69303
8.69303
8.69303
6.56679
8.69303
8.69303
8.69303
8.69303
8.69303
6.56679
8.69303
8.69303
8.69303
8.69303
8.69303
6.56679
6.56679
8.69303
8.69303
8.69303
8.69303
6.56679
6.56679
8.69303
8.69303
8.69303
8.69303
6.56679
6.56679
8.69303
8.69303
8.69303
8.69303
8.69303
6.56679
8.69303
8.69303
8.69303
8.69303
8.69303
6.56679
8.69303
8.69303
8.69303
8.69303
6.56679
8.69303
8.69303
8.69303
8.69303
8.69303
6.56679
8.69303
8.69303
8.69303
8.69303
8.69303
6.56679
8.69303
8.69303
8.69303
8.69303
8.69303
6.56679
8.69303
8.69303
8.69303
8.69303
8.69303
8.69303
6.56679
8.69303
8.69303
8.69303
8.69303
8.69303
6.56679
8.69303
8.69303
8.69303
8.69303
8.69303
6.56679
8.69303
8.69303
8.69303
8.69303
8.69303
6.56679
8.69303
8.69303
8.69303
8.69303
8.69303
8.69303
6.56679
6.56679
8.69303
8.69303
8.69303
6.56679
6.56679
8.69303
8.69303
8.69303
8.69303
6.56679
8.69303
8.69303
8.69303
8.69303
8.69303
8.69303
6.56679
8.69303
8.69303
8.69303
8.69303
6.56679
8.69303
8.69303
8.69303
8.69303
8.69303
6.56679
8.69303
8.69303
8.69303
8.69303
8.69303
6.56679
8.69303
8.69303
8.69303
8.69303
8.69303
6.56679
8.69303
8.69303
8.69303
8.69303
8.69303
6.56679
8.69303
8.69303
8.69303
8.69303
8.69303
6.56679
6.56679
8.69303
8.69303
8.69303
8.69303
6.56679
8.69303
8.69303
8.69303
8.69303
8.69303
6.56679
8.69303
8.69303
8.69303
8.69303
8.69303
8.69303
6.56679
8.69303
8.69303
8.69303
8.69303
6.56679
8.69303
8.69303
8.69303
8.69303
8.69303
6.56679
6.56679
8.69303
8.69303
8.69303
8.69303
6.56679
8.69303
8.69303
8.69303
8.69303
8.69303
6.56679
6.56679
8.69303
8.69303
8.69303
8.69303
8.69303
8.69303
8.69303
8.69303
8.69303
8.69303
6.56679
8.69303
8.69303
8.69303
8.69303
8.69303
8.69303
8.69303
8.69303
8.69303
8.69303
8.69303
6.56679
8.69303
8.69303
8.69303
8.69303
8.69303
6.56679
8.69303
8.69303
8.69303
8.69303
8.69303
8.69303
8.69303
8.69303
8.69303
8.69303
8.69303
6.56679
8.69303
8.69303
8.69303
8.69303
8.69303
6.56679
6.56679
8.69303
8.69303
8.69303
8.69303
8.69303
8.69303
8.69303
8.69303
8.69303
8.69303
8.69303
6.56679
6.56679
8.69303
8.69303
8.69303
8.69303
6.56679
8.69303
8.69303
8.69303
8.69303
8.69303
6.56679
8.69303
8.69303
8.69303
8.69303
8.69303
8.69303
8.69303
8.69303
8.69303
8.69303
8.69303
6.56679
8.69303
8.69303
8.69303
8.69303
6.56679
8.69303
8.69303
8.69303
8.69303
8.69303
6.56679
6.56679
8.69303
8.69303
8.69303
8.69303
6.56679
8.69303
8.69303
8.69303
8.69303
8.69303
8.69303
8.69303
8.69303
8.69303
8.69303
8.69303
8.69303
6.56679
6.56679
8.69303
8.69303
8.69303
8.69303
8.69303
8.69303
8.69303
8.69303
8.69303
6.56679
8.69303
8.69303
8.69303
8.69303
8.69303
6.56679
8.69303
8.69303
8.69303
8.69303
8.69303
8.69303
6.56679
6.56679
8.69303
8.69303
8.69303
8.69303
8.69303
8.69303
8.69303
8.69303
8.69303
8.69303
6.56679
6.56679
8.69303
8.69303
8.69303
8.69303
8.69303
6.56679
6.56679
8.69303
8.69303
8.69303
8.69303
6.56679
6.56679
8.69303
8.69303
8.69303
8.69303
8.69303
8.69303
8.69303
8.69303
8.69303
8.69303
8.69303
6.56679
8.69303
8.69303
8.69303
8.69303
8.69303
6.56679
8.69303
8.69303
8.69303
8.69303
8.69303
6.56679
6.56679
6.56679
8.69303
8.69303
8.69303
6.56679
6.56679
8.69303
8.69303
8.69303
8.69303
6.56679
6.56679
8.69303
8.69303
8.69303
8.69303
8.69303
8.69303
8.69303
8.69303
8.69303
8.69303
8.69303
6.56679
8.69303
8.69303
8.69303
8.69303
8.69303
6.56679
8.69303
8.69303
8.69303
8.69303
8.69303
6.56679
8.69303
8.69303
8.69303
8.69303
8.69303
6.56679
8.69303
8.69303
8.69303
8.69303
8.69303
6.56679
6.56679
8.69303
8.69303
8.69303
8.69303
6.56679
6.56679
8.69303
8.69303
8.69303
8.69303
6.56679
8.69303
8.69303
8.69303
8.69303
8.69303
8.69303
8.69303
8.69303
8.69303
8.69303
8.69303
6.56679
8.69303
8.69303
8.69303
8.69303
8.69303
6.56679
8.69303
8.69303
8.69303
8.69303
8.69303
6.56679
8.69303
8.69303
8.69303
8.69303
8.69303
8.69303
8.69303
8.69303
8.69303
8.69303
8.69303
6.56679
8.69303
8.69303
8.69303
8.69303
8.69303
8.69303
8.69303
8.69303
8.69303
8.69303
8.69303
6.56679
8.69303
8.69303
8.69303
8.69303
8.69303
6.56679
8.69303
8.69303
8.69303
8.69303
8.69303
6.56679
8.69303
8.69303
8.69303
8.69303
8.69303
6.56679
8.69303
8.69303
8.69303
8.69303
8.69303
6.56679
8.69303
8.69303
8.69303
8.69303
6.56679
8.69303
8.69303
8.69303
8.69303
8.69303
6.56679
8.69303
8.69303
8.69303
8.69303
8.69303
6.56679
8.69303
8.69303
8.69303
8.69303
8.69303
6.56679
8.69303
8.69303
8.69303
8.69303
8.69303
6.56679
8.69303
8.69303
8.69303
8.69303
8.69303
8.69303
8.69303
8.69303
8.69303
8.69303
8.69303
8.69303
6.56679
8.69303
8.69303
8.69303
8.69303
6.56679
6.56679
8.69303
8.69303
8.69303
8.69303
8.69303
6.56679
8.69303
8.69303
8.69303
8.69303
8.69303
6.56679
8.69303
8.69303
8.69303
8.69303
8.69303
6.56679
8.69303
8.69303
8.69303
8.69303
8.69303
6.56679
8.69303
8.69303
8.69303
8.69303
8.69303
6.56679
8.69303
8.69303
8.69303
8.69303
8.69303
6.56679
8.69303
8.69303
8.69303
8.69303
8.69303
8.69303
6.56679
8.69303
8.69303
8.69303
8.69303
8.69303
6.56679
6.56679
8.69303
8.69303
8.69303
8.69303
6.56679
8.69303
8.69303
8.69303
8.69303
8.69303
6.56679
8.69303
8.69303
8.69303
8.69303
8.69303
6.56679
8.69303
8.69303
8.69303
8.69303
8.69303
6.56679
8.69303
8.69303
8.69303
8.69303
8.69303
8.69303
6.56679
6.56679
8.69303
8.69303
8.69303
6.56679
8.69303
8.69303
8.69303
8.69303
8.69303
6.56679
8.69303
8.69303
8.69303
8.69303
8.69303
6.56679
6.56679
8.69303
8.69303
8.69303
8.69303
8.69303
8.69303
8.69303
8.69303
8.69303
8.69303
8.69303
6.56679
8.69303
8.69303
8.69303
8.69303
8.69303
6.56679
8.69303
8.69303
8.69303
8.69303
8.69303
6.56679
8.69303
8.69303
8.69303
8.69303
8.69303
6.56679
8.69303
8.69303
8.69303
8.69303
8.69303
8.69303
8.69303
8.69303
8.69303
8.69303
8.69303
8.69303
8.69303
8.69303
8.69303
8.69303
8.69303
8.69303
6.56679
8.69303
8.69303
8.69303
8.69303
8.69303
6.56679
8.69303
8.69303
8.69303
8.69303
8.69303
8.69303
6.56679
8.69303
8.69303
8.69303
8.69303
8.69303
6.56679
8.69303
8.69303
8.69303
8.69303
8.69303
6.56679
6.56679
8.69303
8.69303
8.69303
8.69303
8.69303
8.69303
8.69303
8.69303
8.69303
8.69303
8.69303
8.69303
8.69303
8.69303
8.69303
8.69303
6.56679
8.69303
8.69303
8.69303
8.69303
8.69303
6.56679
8.69303
8.69303
8.69303
8.69303
8.69303
8.69303
6.56679
6.56679
8.69303
8.69303
8.69303
8.69303
6.56679
6.56679
8.69303
8.69303
8.69303
8.69303
8.69303
8.69303
8.69303
8.69303
8.69303
8.69303
8.69303
6.56679
8.69303
8.69303
8.69303
8.69303
6.56679
8.69303
8.69303
8.69303
8.69303
8.69303
8.69303
6.56679
8.69303
8.69303
8.69303
8.69303
6.56679
8.69303
8.69303
8.69303
8.69303
8.69303
8.69303
6.56679
6.56679
8.69303
8.69303
8.69303
8.69303
8.69303
8.69303
8.69303
8.69303
8.69303
8.69303
6.56679
8.69303
8.69303
8.69303
8.69303
8.69303
8.69303
6.56679
8.69303
8.69303
8.69303
8.69303
8.69303
6.56679
8.69303
8.69303
8.69303
8.69303
8.69303
6.56679
8.69303
8.69303
8.69303
8.69303
8.69303
6.56679
8.69303
8.69303
8.69303
8.69303
8.69303
8.69303
6.56679
6.56679
8.69303
8.69303
8.69303
8.69303
6.56679
8.69303
8.69303
8.69303
8.69303
8.69303
6.56679
8.69303
8.69303
8.69303
8.69303
8.69303
6.56679
8.69303
8.69303
8.69303
8.69303
8.69303
6.56679
8.69303
8.69303
8.69303
8.69303
8.69303
8.69303
6.56679
6.56679
8.69303
8.69303
8.69303
8.69303
8.69303
8.69303
8.69303
8.69303
8.69303
8.69303
8.69303
8.69303
8.69303
8.69303
8.69303
8.69303
6.56679
8.69303
8.69303
8.69303
8.69303
8.69303
8.69303
6.56679
8.69303
8.69303
8.69303
8.69303
8.69303
6.56679
8.69303
8.69303
8.69303
8.69303
8.69303
6.56679
8.69303
8.69303
8.69303
8.69303
8.69303
6.56679
8.69303
8.69303
8.69303
8.69303
8.69303
8.69303
8.69303
8.69303
8.69303
8.69303
8.69303
8.69303
8.69303
6.56679
8.69303
8.69303
8.69303
8.69303
8.69303
6.56679
8.69303
8.69303
8.69303
8.69303
8.69303
6.56679
6.56679
8.69303
8.69303
8.69303
8.69303
8.69303
8.69303
8.69303
8.69303
8.69303
8.69303
6.56679
6.56679
8.69303
8.69303
8.69303
8.69303
6.56679
8.69303
8.69303
8.69303
8.69303
8.69303
6.56679
8.69303
8.69303
8.69303
8.69303
8.69303
8.69303
6.56679
8.69303
8.69303
8.69303
8.69303
8.69303
6.56679
8.69303
8.69303
8.69303
8.69303
8.69303
6.56679
6.56679
8.69303
8.69303
8.69303
8.69303
8.69303
6.56679
6.56679
8.69303
8.69303
8.69303
8.69303
8.69303
8.69303
8.69303
8.69303
8.69303
8.69303
6.56679
8.69303
8.69303
8.69303
8.69303
8.69303
6.56679
8.69303
8.69303
8.69303
8.69303
8.69303
6.56679
8.69303
8.69303
8.69303
8.69303
8.69303
6.56679
6.56679
8.69303
8.69303
8.69303
8.69303
6.56679
6.56679
8.69303
8.69303
8.69303
8.69303
6.56679
6.56679
8.69303
8.69303
8.69303
8.69303
8.69303
6.56679
8.69303
8.69303
8.69303
8.69303
8.69303
6.56679
6.56679
8.69303
8.69303
8.69303
8.69303
6.56679
8.69303
8.69303
8.69303
8.69303
8.69303
6.56679
6.56679
8.69303
8.69303
8.69303
8.69303
8.69303
8.69303
8.69303
8.69303
8.69303
8.69303
8.69303
6.56679
8.69303
8.69303
8.69303
8.69303
8.69303
6.56679
8.69303
8.69303
8.69303
8.69303
8.69303
6.56679
6.56679
8.69303
8.69303
8.69303
8.69303
8.69303
8.69303
8.69303
8.69303
8.69303
8.69303
8.69303
6.56679
8.69303
8.69303
8.69303
8.69303
6.56679
8.69303
8.69303
8.69303
8.69303
8.69303
8.69303
8.69303
8.69303
8.69303
8.69303
8.69303
6.56679
8.69303
8.69303
8.69303
8.69303
8.69303
6.56679
8.69303
8.69303
8.69303
8.69303
8.69303
8.69303
6.56679
6.56679
8.69303
8.69303
8.69303
8.69303
8.69303
8.69303
8.69303
8.69303
8.69303
8.69303
6.56679
8.69303
8.69303
8.69303
8.69303
8.69303
6.56679
8.69303
8.69303
8.69303
8.69303
8.69303
6.56679
8.69303
8.69303
8.69303
8.69303
8.69303
8.69303
6.56679
8.69303
8.69303
8.69303
8.69303
8.69303
8.69303
8.69303
8.69303
8.69303
8.69303
8.69303
8.69303
8.69303
8.69303
8.69303
8.69303
8.69303
8.69303
8.69303
8.69303
8.69303
8.69303
8.69303
8.69303
6.56679
8.69303
8.69303
8.69303
8.69303
8.69303
6.56679
8.69303
8.69303
8.69303
8.69303
8.69303
6.56679
8.69303
8.69303
8.69303
8.69303
8.69303
6.56679
8.69303
8.69303
8.69303
8.69303
8.69303
6.56679
6.56679
8.69303
8.69303
8.69303
8.69303
6.56679
6.56679
8.69303
8.69303
8.69303
8.69303
8.69303
8.69303
8.69303
8.69303
8.69303
8.69303
8.69303
6.56679
8.69303
8.69303
8.69303
8.69303
8.69303
6.56679
8.69303
8.69303
8.69303
8.69303
8.69303
6.56679
8.69303
8.69303
8.69303
8.69303
8.69303
6.56679
8.69303
8.69303
8.69303
8.69303
8.69303
6.56679
6.56679
8.69303
8.69303
8.69303
8.69303
8.69303
8.69303
8.69303
8.69303
8.69303
8.69303
8.69303
6.56679
8.69303
8.69303
8.69303
8.69303
8.69303
8.69303
6.56679
6.56679
6.56679
6.56679
6.56679
6.56679
6.56679
6.56679
6.56679
6.56679
6.56679
8.69303
6.56679
8.69303
8.69303
8.69303
8.69303
8.69303
6.56679
8.69303
8.69303
8.69303
8.69303
8.69303
8.69303
6.56679
6.56679
8.69303
8.69303
8.69303
8.69303
8.69303
8.69303
8.69303
8.69303
8.69303
8.69303
6.56679
8.69303
8.69303
8.69303
8.69303
8.69303
8.69303
6.56679
8.69303
8.69303
8.69303
8.69303
8.69303
6.56679
8.69303
8.69303
8.69303
8.69303
8.69303
6.56679
8.69303
8.69303
8.69303
8.69303
8.69303
6.56679
6.56679
8.69303
8.69303
8.69303
8.69303
6.56679
6.56679
8.69303
8.69303
8.69303
8.69303
8.69303
8.69303
8.69303
8.69303
8.69303
8.69303
8.69303
8.69303
8.69303
8.69303
8.69303
8.69303
8.69303
8.69303
8.69303
8.69303
8.69303
8.69303
6.56679
8.69303
8.69303
8.69303
8.69303
8.69303
6.56679
8.69303
8.69303
8.69303
8.69303
8.69303
8.69303
8.69303
6.56679
8.69303
8.69303
8.69303
8.69303
6.56679
6.56679
8.69303
8.69303
8.69303
6.56679
6.56679
8.69303
8.69303
8.69303
8.69303
8.69303
6.56679
8.69303
8.69303
8.69303
8.69303
8.69303
6.56679
8.69303
8.69303
8.69303
8.69303
8.69303
6.56679
8.69303
8.69303
8.69303
8.69303
8.69303
6.56679
8.69303
8.69303
8.69303
8.69303
8.69303
6.56679
8.69303
8.69303
8.69303
8.69303
8.69303
8.69303
8.69303
8.69303
8.69303
8.69303
8.69303
8.69303
6.56679
8.69303
8.69303
8.69303
8.69303
8.69303
6.56679
8.69303
8.69303
8.69303
8.69303
8.69303
8.69303
6.56679
8.69303
8.69303
8.69303
8.69303
6.56679
8.69303
8.69303
8.69303
8.69303
8.69303
8.69303
8.69303
8.69303
8.69303
8.69303
8.69303
8.69303
6.56679
6.56679
8.69303
8.69303
8.69303
8.69303
8.69303
6.56679
8.69303
8.69303
8.69303
8.69303
8.69303
6.56679
8.69303
8.69303
8.69303
8.69303
8.69303
8.69303
6.56679
6.56679
8.69303
8.69303
8.69303
8.69303
8.69303
8.69303
8.69303
8.69303
8.69303
8.69303
6.56679
8.69303
8.69303
8.69303
8.69303
8.69303
6.56679
8.69303
8.69303
8.69303
8.69303
8.69303
6.56679
8.69303
8.69303
8.69303
8.69303
8.69303
8.69303
6.56679
8.69303
8.69303
8.69303
8.69303
8.69303
6.56679
6.56679
8.69303
8.69303
8.69303
8.69303
6.56679
6.56679
8.69303
8.69303
8.69303
8.69303
8.69303
8.69303
8.69303
8.69303
8.69303
8.69303
8.69303
6.56679
8.69303
8.69303
8.69303
8.69303
8.69303
8.69303
6.56679
8.69303
8.69303
8.69303
8.69303
8.69303
6.56679
8.69303
8.69303
8.69303
8.69303
8.69303
6.56679
8.69303
8.69303
8.69303
8.69303
8.69303
8.69303
8.69303
8.69303
8.69303
8.69303
8.69303
8.69303
8.69303
8.69303
8.69303
8.69303
8.69303
8.69303
6.56679
8.69303
8.69303
8.69303
8.69303
8.69303
6.56679
8.69303
8.69303
8.69303
8.69303
8.69303
6.56679
8.69303
8.69303
8.69303
8.69303
8.69303
8.69303
6.56679
8.69303
8.69303
8.69303
8.69303
8.69303
6.56679
8.69303
8.69303
8.69303
8.69303
8.69303
6.56679
8.69303
8.69303
8.69303
8.69303
8.69303
6.56679
6.56679
8.69303
8.69303
8.69303
8.69303
8.69303
8.69303
8.69303
8.69303
8.69303
8.69303
8.69303
6.56679
8.69303
8.69303
8.69303
8.69303
8.69303
8.69303
6.56679
6.56679
8.69303
8.69303
8.69303
8.69303
8.69303
8.69303
8.69303
8.69303
8.69303
8.69303
8.69303
6.56679
8.69303
8.69303
8.69303
8.69303
8.69303
8.69303
6.56679
8.69303
8.69303
8.69303
8.69303
8.69303
6.56679
8.69303
8.69303
8.69303
8.69303
8.69303
8.69303
6.56679
6.56679
8.69303
8.69303
8.69303
8.69303
8.69303
8.69303
8.69303
8.69303
8.69303
8.69303
6.56679
8.69303
8.69303
8.69303
8.69303
8.69303
8.69303
6.56679
8.69303
8.69303
8.69303
8.69303
8.69303
6.56679
8.69303
8.69303
8.69303
8.69303
8.69303
6.56679
8.69303
8.69303
8.69303
8.69303
8.69303
8.69303
8.69303
8.69303
8.69303
8.69303
8.69303
8.69303
8.69303
8.69303
8.69303
8.69303
8.69303
8.69303
6.56679
8.69303
8.69303
8.69303
8.69303
8.69303
8.69303
6.56679
8.69303
8.69303
8.69303
8.69303
8.69303
6.56679
6.56679
8.69303
8.69303
8.69303
8.69303
6.56679
6.56679
8.69303
8.69303
8.69303
8.69303
8.69303
6.56679
8.69303
8.69303
8.69303
8.69303
8.69303
6.56679
8.69303
8.69303
8.69303
8.69303
8.69303
6.56679
8.69303
8.69303
8.69303
8.69303
8.69303
6.56679
8.69303
8.69303
8.69303
8.69303
8.69303
8.69303
6.56679
8.69303
8.69303
8.69303
8.69303
8.69303
6.56679
8.69303
8.69303
8.69303
8.69303
8.69303
8.69303
6.56679
6.56679
8.69303
8.69303
8.69303
8.69303
8.69303
8.69303
8.69303
8.69303
8.69303
8.69303
6.56679
8.69303
8.69303
8.69303
8.69303
8.69303
6.56679
8.69303
8.69303
8.69303
8.69303
8.69303
8.69303
6.56679
8.69303
8.69303
8.69303
8.69303
6.56679
8.69303
8.69303
8.69303
8.69303
8.69303
8.69303
6.56679
6.56679
8.69303
8.69303
8.69303
8.69303
6.56679
6.56679
8.69303
8.69303
8.69303
8.69303
8.69303
8.69303
8.69303
8.69303
8.69303
8.69303
6.56679
8.69303
8.69303
8.69303
8.69303
8.69303
6.56679
8.69303
8.69303
8.69303
8.69303
8.69303
6.56679
8.69303
8.69303
8.69303
8.69303
8.69303
8.69303
8.69303
8.69303
8.69303
8.69303
6.56679
8.69303
8.69303
8.69303
8.69303
8.69303
8.69303
6.56679
6.56679
8.69303
8.69303
8.69303
8.69303
8.69303
8.69303
8.69303
8.69303
8.69303
8.69303
8.69303
8.69303
8.69303
8.69303
8.69303
8.69303
6.56679
8.69303
8.69303
8.69303
8.69303
8.69303
8.69303
6.56679
8.69303
8.69303
8.69303
8.69303
8.69303
6.56679
8.69303
8.69303
8.69303
8.69303
8.69303
8.69303
6.56679
8.69303
8.69303
8.69303
8.69303
8.69303
8.69303
8.69303
8.69303
8.69303
8.69303
8.69303
8.69303
8.69303
8.69303
8.69303
8.69303
8.69303
8.69303
8.69303
8.69303
8.69303
8.69303
8.69303
6.56679
8.69303
8.69303
8.69303
8.69303
8.69303
6.56679
8.69303
8.69303
8.69303
8.69303
8.69303
6.56679
8.69303
8.69303
8.69303
8.69303
8.69303
8.69303
6.56679
8.69303
8.69303
8.69303
8.69303
8.69303
6.56679
8.69303
8.69303
8.69303
8.69303
8.69303
6.56679
6.56679
8.69303
8.69303
8.69303
8.69303
6.56679
6.56679
8.69303
8.69303
8.69303
6.56679
6.56679
8.69303
8.69303
8.69303
8.69303
6.56679
6.56679
8.69303
8.69303
8.69303
8.69303
8.69303
8.69303
8.69303
8.69303
8.69303
8.69303
6.56679
8.69303
8.69303
8.69303
8.69303
8.69303
6.56679
8.69303
8.69303
8.69303
8.69303
8.69303
8.69303
6.56679
8.69303
8.69303
8.69303
8.69303
8.69303
6.56679
8.69303
8.69303
8.69303
8.69303
8.69303
8.69303
8.69303
8.69303
8.69303
8.69303
8.69303
8.69303
8.69303
8.69303
8.69303
8.69303
8.69303
8.69303
8.69303
6.56679
8.69303
8.69303
8.69303
8.69303
8.69303
6.56679
8.69303
8.69303
8.69303
8.69303
8.69303
8.69303
6.56679
8.69303
8.69303
8.69303
8.69303
8.69303
6.56679
6.56679
8.69303
8.69303
8.69303
8.69303
6.56679
6.56679
8.69303
8.69303
8.69303
8.69303
6.56679
8.69303
8.69303
8.69303
8.69303
8.69303
8.69303
6.56679
8.69303
8.69303
8.69303
8.69303
8.69303
6.56679
8.69303
8.69303
8.69303
8.69303
8.69303
8.69303
8.69303
8.69303
8.69303
8.69303
8.69303
8.69303
6.56679
8.69303
8.69303
8.69303
8.69303
8.69303
8.69303
6.56679
6.56679
8.69303
8.69303
8.69303
8.69303
6.56679
8.69303
8.69303
8.69303
8.69303
8.69303
6.56679
6.56679
8.69303
8.69303
8.69303
8.69303
8.69303
6.56679
8.69303
8.69303
8.69303
8.69303
8.69303
6.56679
8.69303
8.69303
8.69303
8.69303
8.69303
6.56679
8.69303
8.69303
8.69303
8.69303
8.69303
6.56679
6.56679
8.69303
8.69303
8.69303
8.69303
6.56679
6.56679
8.69303
8.69303
8.69303
8.69303
8.69303
8.69303
8.69303
8.69303
8.69303
6.56679
6.56679
8.69303
8.69303
8.69303
8.69303
8.69303
8.69303
8.69303
8.69303
8.69303
8.69303
8.69303
6.56679
8.69303
8.69303
8.69303
8.69303
8.69303
6.56679
8.69303
8.69303
8.69303
8.69303
8.69303
6.56679
8.69303
8.69303
8.69303
8.69303
8.69303
8.69303
6.56679
8.69303
8.69303
8.69303
8.69303
8.69303
6.56679
8.69303
8.69303
8.69303
8.69303
8.69303
8.69303
8.69303
8.69303
8.69303
8.69303
8.69303
8.69303
8.69303
8.69303
8.69303
8.69303
6.56679
8.69303
8.69303
8.69303
8.69303
8.69303
6.56679
8.69303
8.69303
8.69303
8.69303
8.69303
6.56679
8.69303
8.69303
8.69303
8.69303
8.69303
6.56679
8.69303
8.69303
8.69303
8.69303
8.69303
6.56679
8.69303
8.69303
8.69303
8.69303
8.69303
8.69303
6.56679
8.69303
8.69303
8.69303
8.69303
8.69303
6.56679
8.69303
8.69303
8.69303
8.69303
8.69303
6.56679
6.56679
8.69303
8.69303
8.69303
8.69303
8.69303
8.69303
8.69303
8.69303
8.69303
8.69303
8.69303
8.69303
8.69303
8.69303
8.69303
8.69303
8.69303
8.69303
8.69303
8.69303
8.69303
8.69303
6.56679
8.69303
8.69303
8.69303
8.69303
8.69303
6.56679
8.69303
8.69303
8.69303
8.69303
8.69303
8.69303
6.56679
8.69303
8.69303
8.69303
8.69303
8.69303
6.56679
6.56679
8.69303
8.69303
8.69303
8.69303
6.56679
6.56679
8.69303
8.69303
8.69303
8.69303
8.69303
8.69303
8.69303
8.69303
8.69303
8.69303
6.56679
8.69303
8.69303
8.69303
8.69303
8.69303
8.69303
6.56679
8.69303
8.69303
8.69303
8.69303
8.69303
6.56679
8.69303
8.69303
8.69303
8.69303
8.69303
6.56679
8.69303
8.69303
8.69303
8.69303
8.69303
6.56679
8.69303
8.69303
8.69303
8.69303
8.69303
6.56679
8.69303
8.69303
8.69303
8.69303
8.69303
8.69303
6.56679
8.69303
8.69303
8.69303
8.69303
8.69303
8.69303
8.69303
8.69303
8.69303
8.69303
8.69303
6.56679
8.69303
8.69303
8.69303
8.69303
8.69303
6.56679
8.69303
8.69303
8.69303
8.69303
8.69303
6.56679
8.69303
8.69303
8.69303
8.69303
8.69303
8.69303
8.69303
8.69303
8.69303
8.69303
8.69303
8.69303
6.56679
6.56679
8.69303
8.69303
8.69303
8.69303
8.69303
8.69303
8.69303
8.69303
8.69303
6.56679
6.56679
8.69303
8.69303
8.69303
8.69303
8.69303
8.69303
8.69303
8.69303
8.69303
8.69303
8.69303
6.56679
8.69303
8.69303
8.69303
8.69303
8.69303
6.56679
8.69303
8.69303
8.69303
8.69303
8.69303
6.56679
8.69303
8.69303
8.69303
8.69303
8.69303
6.56679
8.69303
8.69303
8.69303
8.69303
8.69303
6.56679
8.69303
8.69303
8.69303
8.69303
8.69303
8.69303
8.69303
8.69303
8.69303
8.69303
8.69303
8.69303
8.69303
8.69303
8.69303
8.69303
8.69303
8.69303
8.69303
6.56679
8.69303
8.69303
8.69303
8.69303
8.69303
8.69303
6.56679
8.69303
8.69303
8.69303
8.69303
8.69303
6.56679
6.56679
8.69303
8.69303
8.69303
8.69303
6.56679
8.69303
8.69303
8.69303
8.69303
8.69303
6.56679
6.56679
8.69303
8.69303
8.69303
8.69303
8.69303
6.56679
8.69303
8.69303
8.69303
8.69303
8.69303
6.56679
8.69303
8.69303
8.69303
8.69303
8.69303
6.56679
8.69303
8.69303
8.69303
8.69303
8.69303
6.56679
8.69303
8.69303
8.69303
8.69303
8.69303
8.69303
8.69303
8.69303
8.69303
8.69303
8.69303
8.69303
8.69303
8.69303
8.69303
8.69303
8.69303
8.69303
8.69303
6.56679
8.69303
8.69303
8.69303
8.69303
8.69303
6.56679
6.56679
8.69303
8.69303
8.69303
8.69303
6.56679
6.56679
8.69303
8.69303
8.69303
8.69303
8.69303
8.69303
8.69303
8.69303
8.69303
8.69303
6.56679
8.69303
8.69303
8.69303
8.69303
8.69303
6.56679
8.69303
8.69303
8.69303
8.69303
8.69303
8.69303
6.56679
8.69303
8.69303
8.69303
8.69303
8.69303
6.56679
8.69303
8.69303
8.69303
8.69303
8.69303
8.69303
6.56679
8.69303
8.69303
8.69303
8.69303
8.69303
6.56679
8.69303
8.69303
8.69303
8.69303
8.69303
6.56679
8.69303
8.69303
8.69303
8.69303
8.69303
8.69303
6.56679
8.69303
8.69303
8.69303
8.69303
8.69303
6.56679
6.56679
8.69303
8.69303
8.69303
8.69303
6.56679
6.56679
8.69303
8.69303
8.69303
8.69303
8.69303
8.69303
8.69303
8.69303
8.69303
8.69303
8.69303
8.69303
8.69303
8.69303
8.69303
8.69303
8.69303
6.56679
8.69303
8.69303
8.69303
8.69303
8.69303
6.56679
8.69303
8.69303
8.69303
8.69303
8.69303
8.69303
8.69303
8.69303
8.69303
8.69303
8.69303
8.69303
8.69303
6.56679
8.69303
8.69303
8.69303
8.69303
8.69303
6.56679
8.69303
8.69303
8.69303
8.69303
8.69303
8.69303
8.69303
8.69303
8.69303
8.69303
8.69303
8.69303
6.56679
6.56679
8.69303
8.69303
8.69303
6.56679
8.69303
8.69303
8.69303
8.69303
8.69303
8.69303
6.56679
8.69303
8.69303
8.69303
8.69303
8.69303
6.56679
6.56679
8.69303
8.69303
8.69303
8.69303
8.69303
8.69303
8.69303
8.69303
8.69303
8.69303
6.56679
8.69303
8.69303
8.69303
8.69303
8.69303
8.69303
6.56679
8.69303
8.69303
8.69303
8.69303
8.69303
6.56679
6.56679
8.69303
8.69303
8.69303
8.69303
8.69303
8.69303
8.69303
8.69303
8.69303
8.69303
8.69303
6.56679
8.69303
8.69303
8.69303
8.69303
8.69303
6.56679
6.56679
8.69303
8.69303
8.69303
6.56679
6.56679
8.69303
8.69303
8.69303
8.69303
8.69303
8.69303
6.56679
8.69303
8.69303
8.69303
8.69303
8.69303
8.69303
8.69303
8.69303
8.69303
8.69303
8.69303
8.69303
6.56679
8.69303
8.69303
8.69303
8.69303
8.69303
8.69303
6.56679
8.69303
8.69303
8.69303
8.69303
8.69303
6.56679
8.69303
8.69303
8.69303
8.69303
8.69303
8.69303
8.69303
8.69303
8.69303
8.69303
8.69303
8.69303
6.56679
8.69303
8.69303
8.69303
8.69303
8.69303
6.56679
8.69303
8.69303
8.69303
8.69303
8.69303
6.56679
6.56679
8.69303
8.69303
8.69303
8.69303
8.69303
6.56679
8.69303
8.69303
8.69303
8.69303
8.69303
8.69303
6.56679
8.69303
8.69303
8.69303
8.69303
8.69303
8.69303
6.56679
8.69303
8.69303
8.69303
8.69303
8.69303
6.56679
6.56679
8.69303
8.69303
8.69303
6.56679
6.56679
8.69303
8.69303
8.69303
8.69303
8.69303
6.56679
8.69303
8.69303
8.69303
8.69303
8.69303
6.56679
6.56679
8.69303
8.69303
8.69303
8.69303
8.69303
8.69303
8.69303
8.69303
8.69303
8.69303
6.56679
8.69303
8.69303
8.69303
8.69303
8.69303
8.69303
6.56679
8.69303
8.69303
8.69303
8.69303
8.69303
6.56679
6.56679
8.69303
8.69303
8.69303
8.69303
8.69303
6.56679
8.69303
8.69303
8.69303
8.69303
8.69303
8.69303
6.56679
6.56679
8.69303
8.69303
8.69303
8.69303
6.56679
6.56679
8.69303
8.69303
8.69303
8.69303
6.56679
8.69303
8.69303
8.69303
8.69303
8.69303
8.69303
6.56679
8.69303
8.69303
8.69303
8.69303
8.69303
8.69303
6.56679
8.69303
8.69303
8.69303
8.69303
8.69303
6.56679
8.69303
8.69303
8.69303
8.69303
8.69303
8.69303
6.56679
8.69303
8.69303
8.69303
8.69303
6.56679
6.56679
8.69303
8.69303
8.69303
8.69303
6.56679
6.56679
8.69303
8.69303
8.69303
8.69303
8.69303
8.69303
6.56679
8.69303
8.69303
8.69303
8.69303
8.69303
8.69303
8.69303
8.69303
8.69303
8.69303
8.69303
6.56679
19.3242
32.0813
34.2075
34.2075
42.7121
42.7121
42.7121
44.8383
44.8383
32.0813
29.9551
29.9551
29.9551
32.0813
29.9551
32.0813
32.0813
32.0813
32.0813
29.9551
32.0813
32.0813
32.0813
40.586
38.4598
40.586
40.586
40.586
40.586
38.4598
40.586
38.4598
38.4598
38.4598
40.586
38.4598
38.4598
40.586
38.4598
40.586
38.4598
38.4598
38.4598
40.586
38.4598
38.4598
38.4598
40.586
38.4598
40.586
38.4598
38.4598
38.4598
40.586
38.4598
40.586
40.586
40.586
38.4598
40.586
38.4598
40.586
40.586
40.586
38.4598
40.586
38.4598
40.586
40.586
40.586
38.4598
40.586
38.4598
38.4598
38.4598
40.586
38.4598
40.586
38.4598
38.4598
38.4598
40.586
38.4598
40.586
38.4598
38.4598
38.4598
40.586
38.4598
38.4598
38.4598
40.586
38.4598
40.586
40.586
40.586
40.586
38.4598
40.586
40.586
40.586
38.4598
40.586
38.4598
40.586
40.586
40.586
38.4598
40.586
38.4598
38.4598
40.586
38.4598
40.586
38.4598
40.586
40.586
40.586
38.4598
38.4598
40.586
40.586
40.586
38.4598
40.586
38.4598
38.4598
38.4598
40.586
38.4598
38.4598
40.586
38.4598
38.4598
38.4598
40.586
38.4598
40.586
40.586
38.4598
40.586
38.4598
38.4598
38.4598
40.586
38.4598
38.4598
40.586
40.586
40.586
38.4598
40.586
38.4598
38.4598
40.586
38.4598
40.586
38.4598
40.586
40.586
38.4598
40.586
38.4598
40.586
40.586
38.4598
40.586
38.4598
40.586
40.586
40.586
38.4598
38.4598
40.586
40.586
40.586
38.4598
38.4598
38.4598
38.4598
40.586
38.4598
38.4598
38.4598
40.586
40.586
38.4598
38.4598
40.586
40.586
40.586
38.4598
38.4598
40.586
38.4598
38.4598
38.4598
38.4598
40.586
40.586
38.4598
38.4598
38.4598
40.586
40.586
38.4598
40.586
38.4598
40.586
40.586
40.586
38.4598
38.4598
40.586
38.4598
38.4598
40.586
38.4598
40.586
38.4598
38.4598
40.586
38.4598
40.586
38.4598
38.4598
40.586
38.4598
38.4598
40.586
40.586
38.4598
38.4598
38.4598
40.586
38.4598
38.4598
40.586
38.4598
40.586
38.4598
38.4598
38.4598
38.4598
38.4598
40.586
38.4598
38.4598
40.586
38.4598
40.586
38.4598
38.4598
38.4598
38.4598
38.4598
40.586
38.4598
38.4598
40.586
38.4598
38.4598
40.586
40.586
38.4598
40.586
38.4598
40.586
40.586
38.4598
40.586
38.4598
38.4598
40.586
40.586
38.4598
40.586
38.4598
38.4598
40.586
38.4598
38.4598
40.586
40.586
38.4598
40.586
38.4598
38.4598
38.4598
40.586
38.4598
40.586
38.4598
38.4598
40.586
40.586
38.4598
40.586
38.4598
38.4598
38.4598
38.4598
38.4598
40.586
40.586
38.4598
40.586
38.4598
38.4598
38.4598
38.4598
38.4598
38.4598
40.586
38.4598
38.4598
40.586
38.4598
38.4598
40.586
38.4598
38.4598
40.586
38.4598
38.4598
38.4598
38.4598
38.4598
38.4598
40.586
38.4598
38.4598
38.4598
38.4598
38.4598
40.586
40.586
38.4598
40.586
38.4598
38.4598
38.4598
40.586
38.4598
38.4598
40.586
38.4598
38.4598
40.586
38.4598
38.4598
40.586
40.586
38.4598
40.586
38.4598
38.4598
38.4598
38.4598
38.4598
38.4598
40.586
38.4598
38.4598
38.4598
40.586
38.4598
38.4598
38.4598
40.586
38.4598
38.4598
40.586
38.4598
38.4598
38.4598
38.4598
38.4598
40.586
40.586
38.4598
38.4598
40.586
38.4598
38.4598
38.4598
40.586
38.4598
38.4598
40.586
40.586
38.4598
38.4598
40.586
38.4598
38.4598
40.586
38.4598
38.4598
38.4598
40.586
40.586
38.4598
38.4598
40.586
38.4598
38.4598
38.4598
38.4598
38.4598
38.4598
40.586
40.586
38.4598
38.4598
40.586
38.4598
38.4598
38.4598
38.4598
38.4598
38.4598
40.586
40.586
38.4598
38.4598
40.586
38.4598
38.4598
38.4598
40.586
38.4598
38.4598
40.586
40.586
38.4598
38.4598
40.586
40.586
38.4598
38.4598
40.586
38.4598
38.4598
38.4598
40.586
38.4598
38.4598
38.4598
38.4598
38.4598
38.4598
38.4598
40.586
40.586
38.4598
38.4598
40.586
38.4598
38.4598
38.4598
38.4598
38.4598
38.4598
38.4598
40.586
38.4598
38.4598
40.586
38.4598
38.4598
38.4598
40.586
38.4598
38.4598
38.4598
38.4598
40.586
38.4598
38.4598
40.586
40.586
38.4598
38.4598
40.586
38.4598
38.4598
38.4598
40.586
38.4598
38.4598
38.4598
38.4598
38.4598
38.4598
38.4598
38.4598
40.586
40.586
38.4598
38.4598
40.586
38.4598
38.4598
38.4598
40.586
38.4598
38.4598
38.4598
38.4598
38.4598
38.4598
38.4598
38.4598
40.586
40.586
38.4598
38.4598
40.586
38.4598
38.4598
38.4598
40.586
38.4598
38.4598
38.4598
38.4598
40.586
38.4598
38.4598
38.4598
38.4598
40.586
38.4598
38.4598
38.4598
38.4598
38.4598
38.4598
38.4598
40.586
38.4598
38.4598
38.4598
38.4598
40.586
40.586
38.4598
38.4598
40.586
38.4598
38.4598
38.4598
38.4598
40.586
38.4598
38.4598
38.4598
38.4598
38.4598
38.4598
38.4598
38.4598
38.4598
40.586
38.4598
38.4598
38.4598
38.4598
40.586
38.4598
38.4598
38.4598
38.4598
40.586
38.4598
38.4598
38.4598
40.586
38.4598
38.4598
38.4598
38.4598
40.586
38.4598
38.4598
38.4598
38.4598
38.4598
38.4598
38.4598
38.4598
38.4598
38.4598
38.4598
38.4598
38.4598
38.4598
38.4598
40.586
38.4598
38.4598
38.4598
38.4598
38.4598
40.586
38.4598
38.4598
38.4598
38.4598
40.586
38.4598
38.4598
38.4598
38.4598
40.586
38.4598
38.4598
38.4598
38.4598
38.4598
40.586
38.4598
38.4598
38.4598
38.4598
40.586
38.4598
38.4598
38.4598
38.4598
38.4598
40.586
40.586
38.4598
38.4598
38.4598
38.4598
40.586
40.586
38.4598
38.4598
38.4598
38.4598
40.586
40.586
38.4598
38.4598
38.4598
38.4598
40.586
40.586
38.4598
38.4598
38.4598
38.4598
38.4598
38.4598
38.4598
38.4598
38.4598
38.4598
38.4598
38.4598
40.586
38.4598
38.4598
38.4598
38.4598
38.4598
38.4598
40.586
40.586
38.4598
38.4598
38.4598
38.4598
40.586
40.586
38.4598
38.4598
38.4598
38.4598
38.4598
38.4598
40.586
38.4598
38.4598
38.4598
38.4598
38.4598
38.4598
38.4598
40.586
40.586
38.4598
38.4598
38.4598
38.4598
38.4598
40.586
38.4598
38.4598
38.4598
38.4598
38.4598
38.4598
40.586
38.4598
38.4598
38.4598
38.4598
38.4598
38.4598
38.4598
38.4598
38.4598
38.4598
38.4598
38.4598
38.4598
38.4598
38.4598
40.586
38.4598
38.4598
38.4598
38.4598
38.4598
38.4598
38.4598
40.586
40.586
38.4598
38.4598
38.4598
38.4598
38.4598
38.4598
38.4598
40.586
38.4598
38.4598
38.4598
38.4598
38.4598
38.4598
38.4598
40.586
38.4598
38.4598
38.4598
38.4598
38.4598
38.4598
38.4598
38.4598
40.586
40.586
38.4598
38.4598
38.4598
38.4598
38.4598
38.4598
38.4598
40.586
38.4598
38.4598
38.4598
38.4598
38.4598
38.4598
38.4598
38.4598
38.4598
40.586
38.4598
38.4598
38.4598
38.4598
38.4598
38.4598
38.4598
38.4598
40.586
40.586
38.4598
38.4598
40.586
38.4598
38.4598
40.586
38.4598
40.586
40.586
40.586
40.586
40.586
40.586
38.4598
38.4598
40.586
40.586
38.4598
40.586
40.586
40.586
38.4598
40.586
38.4598
40.586
40.586
40.586
40.586
40.586
38.4598
38.4598
40.586
40.586
38.4598
40.586
40.586
40.586
38.4598
40.586
40.586
38.4598
38.4598
40.586
40.586
38.4598
40.586
40.586
40.586
40.586
40.586
40.586
38.4598
38.4598
40.586
40.586
38.4598
40.586
40.586
38.4598
40.586
40.586
40.586
38.4598
38.4598
40.586
38.4598
40.586
40.586
40.586
40.586
40.586
40.586
40.586
40.586
38.4598
40.586
38.4598
40.586
40.586
38.4598
40.586
40.586
40.586
38.4598
38.4598
40.586
38.4598
40.586
40.586
40.586
40.586
40.586
40.586
40.586
38.4598
40.586
38.4598
40.586
40.586
38.4598
38.4598
38.4598
38.4598
38.4598
38.4598
38.4598
38.4598
38.4598
38.4598
38.4598
38.4598
38.4598
40.586
40.586
38.4598
40.586
40.586
40.586
38.4598
40.586
40.586
40.586
38.4598
40.586
38.4598
40.586
40.586
40.586
40.586
40.586
38.4598
40.586
40.586
38.4598
40.586
40.586
38.4598
40.586
40.586
38.4598
40.586
40.586
38.4598
38.4598
40.586
38.4598
40.586
40.586
40.586
38.4598
38.4598
40.586
40.586
38.4598
38.4598
38.4598
36.3337
38.4598
38.4598
38.4598
36.3337
38.4598
36.3337
38.4598
38.4598
38.4598
38.4598
38.4598
36.3337
38.4598
38.4598
36.3337
38.4598
38.4598
36.3337
36.3337
38.4598
36.3337
38.4598
36.3337
38.4598
38.4598
38.4598
38.4598
40.586
38.4598
38.4598
38.4598
38.4598
38.4598
40.586
38.4598
38.4598
38.4598
38.4598
36.3337
38.4598
38.4598
38.4598
36.3337
38.4598
38.4598
38.4598
38.4598
36.3337
38.4598
38.4598
38.4598
36.3337
36.3337
38.4598
38.4598
36.3337
38.4598
38.4598
38.4598
36.3337
38.4598
38.4598
38.4598
36.3337
38.4598
38.4598
38.4598
38.4598
38.4598
38.4598
38.4598
36.3337
36.3337
38.4598
36.3337
38.4598
38.4598
38.4598
38.4598
42.7121
42.7121
40.586
42.7121
42.7121
42.7121
42.7121
40.586
42.7121
42.7121
38.4598
40.586
38.4598
38.4598
38.4598
38.4598
38.4598
38.4598
38.4598
38.4598
38.4598
38.4598
40.586
38.4598
38.4598
38.4598
40.586
38.4598
38.4598
38.4598
38.4598
38.4598
38.4598
38.4598
40.586
40.586
38.4598
38.4598
40.586
38.4598
38.4598
38.4598
40.586
38.4598
38.4598
38.4598
38.4598
38.4598
38.4598
40.586
38.4598
38.4598
38.4598
40.586
38.4598
38.4598
38.4598
40.586
38.4598
38.4598
40.586
40.586
38.4598
38.4598
38.4598
40.586
38.4598
38.4598
38.4598
38.4598
38.4598
40.586
38.4598
38.4598
38.4598
38.4598
38.4598
38.4598
38.4598
38.4598
40.586
38.4598
38.4598
38.4598
38.4598
38.4598
38.4598
38.4598
38.4598
38.4598
38.4598
40.586
38.4598
38.4598
38.4598
38.4598
38.4598
40.586
38.4598
38.4598
38.4598
40.586
38.4598
38.4598
38.4598
40.586
38.4598
38.4598
38.4598
40.586
38.4598
38.4598
38.4598
38.4598
38.4598
38.4598
38.4598
38.4598
40.586
38.4598
38.4598
38.4598
38.4598
38.4598
38.4598
38.4598
38.4598
40.586
40.586
42.7121
42.7121
42.7121
40.586
42.7121
42.7121
42.7121
42.7121
40.586
40.586
42.7121
42.7121
40.586
40.586
44.8383
42.7121
40.586
40.586
23.5766
23.5766
23.5766
23.5766
23.5766
8.69303
8.69303
8.69303
8.69303
8.69303
6.56679
8.69303
8.69303
8.69303
8.69303
8.69303
8.69303
6.56679
8.69303
8.69303
8.69303
8.69303
6.56679
8.69303
8.69303
8.69303
8.69303
8.69303
8.69303
8.69303
6.56679
8.69303
8.69303
8.69303
8.69303
6.56679
8.69303
8.69303
8.69303
8.69303
8.69303
6.56679
8.69303
8.69303
8.69303
8.69303
8.69303
8.69303
8.69303
8.69303
8.69303
8.69303
8.69303
6.56679
8.69303
8.69303
8.69303
8.69303
8.69303
8.69303
8.69303
8.69303
8.69303
8.69303
8.69303
8.69303
6.56679
6.56679
8.69303
8.69303
8.69303
8.69303
8.69303
6.56679
8.69303
8.69303
8.69303
8.69303
8.69303
6.56679
8.69303
8.69303
8.69303
8.69303
8.69303
6.56679
8.69303
8.69303
8.69303
8.69303
8.69303
6.56679
6.56679
8.69303
8.69303
8.69303
8.69303
6.56679
8.69303
8.69303
8.69303
8.69303
8.69303
6.56679
8.69303
8.69303
8.69303
8.69303
8.69303
8.69303
6.56679
6.56679
8.69303
8.69303
8.69303
8.69303
8.69303
8.69303
8.69303
8.69303
8.69303
8.69303
8.69303
8.69303
8.69303
8.69303
8.69303
6.56679
8.69303
8.69303
8.69303
8.69303
8.69303
6.56679
8.69303
8.69303
8.69303
8.69303
8.69303
6.56679
8.69303
8.69303
8.69303
8.69303
8.69303
6.56679
8.69303
8.69303
8.69303
8.69303
8.69303
6.56679
8.69303
8.69303
8.69303
8.69303
8.69303
8.69303
6.56679
8.69303
8.69303
8.69303
8.69303
8.69303
6.56679
8.69303
8.69303
8.69303
8.69303
8.69303
6.56679
8.69303
8.69303
8.69303
8.69303
8.69303
8.69303
8.69303
8.69303
8.69303
8.69303
8.69303
8.69303
6.56679
8.69303
8.69303
8.69303
8.69303
8.69303
6.56679
8.69303
8.69303
8.69303
8.69303
8.69303
8.69303
6.56679
8.69303
8.69303
8.69303
6.56679
6.56679
8.69303
8.69303
8.69303
8.69303
8.69303
6.56679
8.69303
8.69303
8.69303
8.69303
8.69303
6.56679
8.69303
8.69303
8.69303
8.69303
8.69303
8.69303
6.56679
8.69303
8.69303
8.69303
8.69303
8.69303
8.69303
8.69303
8.69303
8.69303
8.69303
8.69303
6.56679
8.69303
8.69303
8.69303
8.69303
8.69303
6.56679
6.56679
8.69303
8.69303
8.69303
8.69303
8.69303
6.56679
8.69303
8.69303
8.69303
8.69303
8.69303
6.56679
8.69303
8.69303
8.69303
8.69303
8.69303
8.69303
8.69303
8.69303
8.69303
8.69303
8.69303
6.56679
6.56679
8.69303
8.69303
8.69303
8.69303
8.69303
6.56679
8.69303
8.69303
8.69303
8.69303
8.69303
6.56679
8.69303
8.69303
8.69303
8.69303
8.69303
8.69303
8.69303
8.69303
8.69303
8.69303
8.69303
8.69303
6.56679
8.69303
8.69303
8.69303
8.69303
8.69303
6.56679
8.69303
8.69303
8.69303
8.69303
8.69303
8.69303
8.69303
8.69303
8.69303
8.69303
8.69303
6.56679
8.69303
8.69303
8.69303
8.69303
8.69303
6.56679
8.69303
8.69303
8.69303
8.69303
8.69303
8.69303
6.56679
8.69303
8.69303
8.69303
8.69303
8.69303
6.56679
8.69303
8.69303
8.69303
8.69303
8.69303
8.69303
6.56679
6.56679
8.69303
8.69303
8.69303
8.69303
8.69303
6.56679
8.69303
8.69303
8.69303
8.69303
8.69303
6.56679
6.56679
8.69303
8.69303
8.69303
8.69303
8.69303
8.69303
8.69303
8.69303
8.69303
8.69303
8.69303
6.56679
8.69303
8.69303
8.69303
8.69303
8.69303
8.69303
6.56679
6.56679
8.69303
8.69303
8.69303
8.69303
8.69303
8.69303
8.69303
8.69303
8.69303
8.69303
6.56679
8.69303
8.69303
8.69303
8.69303
8.69303
6.56679
8.69303
8.69303
8.69303
8.69303
8.69303
6.56679
6.56679
8.69303
8.69303
8.69303
8.69303
8.69303
6.56679
8.69303
8.69303
8.69303
8.69303
8.69303
6.56679
8.69303
8.69303
8.69303
8.69303
8.69303
8.69303
8.69303
8.69303
8.69303
8.69303
8.69303
6.56679
8.69303
8.69303
8.69303
8.69303
8.69303
6.56679
8.69303
8.69303
8.69303
8.69303
8.69303
6.56679
6.56679
8.69303
8.69303
8.69303
8.69303
6.56679
8.69303
8.69303
8.69303
8.69303
8.69303
6.56679
8.69303
8.69303
8.69303
8.69303
8.69303
6.56679
6.56679
8.69303
8.69303
8.69303
8.69303
8.69303
6.56679
6.56679
8.69303
8.69303
8.69303
6.56679
6.56679
8.69303
8.69303
8.69303
8.69303
8.69303
6.56679
8.69303
8.69303
8.69303
8.69303
8.69303
6.56679
8.69303
8.69303
8.69303
8.69303
8.69303
8.69303
8.69303
8.69303
8.69303
8.69303
8.69303
6.56679
8.69303
8.69303
8.69303
8.69303
8.69303
8.69303
6.56679
8.69303
8.69303
8.69303
8.69303
6.56679
8.69303
8.69303
8.69303
8.69303
8.69303
6.56679
8.69303
8.69303
8.69303
8.69303
8.69303
8.69303
8.69303
8.69303
8.69303
8.69303
8.69303
8.69303
6.56679
8.69303
8.69303
8.69303
8.69303
8.69303
8.69303
6.56679
8.69303
8.69303
8.69303
6.56679
8.69303
8.69303
8.69303
8.69303
8.69303
8.69303
6.56679
6.56679
8.69303
8.69303
8.69303
8.69303
8.69303
8.69303
8.69303
8.69303
8.69303
8.69303
8.69303
6.56679
6.56679
8.69303
8.69303
8.69303
8.69303
6.56679
8.69303
8.69303
8.69303
8.69303
8.69303
6.56679
8.69303
8.69303
8.69303
8.69303
8.69303
8.69303
8.69303
8.69303
8.69303
8.69303
8.69303
6.56679
8.69303
8.69303
8.69303
8.69303
8.69303
6.56679
6.56679
8.69303
8.69303
8.69303
8.69303
6.56679
8.69303
8.69303
8.69303
8.69303
8.69303
6.56679
6.56679
8.69303
8.69303
8.69303
8.69303
8.69303
8.69303
8.69303
8.69303
8.69303
8.69303
6.56679
8.69303
8.69303
8.69303
8.69303
8.69303
6.56679
6.56679
8.69303
8.69303
8.69303
8.69303
8.69303
8.69303
8.69303
8.69303
8.69303
8.69303
6.56679
8.69303
8.69303
8.69303
8.69303
8.69303
8.69303
8.69303
8.69303
8.69303
8.69303
8.69303
6.56679
8.69303
8.69303
8.69303
8.69303
8.69303
8.69303
6.56679
8.69303
8.69303
8.69303
8.69303
6.56679
8.69303
8.69303
8.69303
8.69303
8.69303
6.56679
6.56679
8.69303
8.69303
8.69303
8.69303
8.69303
8.69303
8.69303
8.69303
8.69303
8.69303
6.56679
8.69303
8.69303
8.69303
8.69303
8.69303
6.56679
6.56679
8.69303
8.69303
8.69303
8.69303
8.69303
8.69303
8.69303
8.69303
8.69303
8.69303
6.56679
8.69303
8.69303
8.69303
8.69303
8.69303
8.69303
6.56679
8.69303
8.69303
8.69303
8.69303
6.56679
8.69303
8.69303
8.69303
8.69303
8.69303
8.69303
8.69303
8.69303
8.69303
8.69303
8.69303
8.69303
6.56679
8.69303
8.69303
8.69303
8.69303
8.69303
6.56679
6.56679
8.69303
8.69303
8.69303
8.69303
8.69303
8.69303
8.69303
8.69303
8.69303
8.69303
6.56679
6.56679
8.69303
8.69303
8.69303
8.69303
8.69303
8.69303
8.69303
8.69303
8.69303
8.69303
6.56679
8.69303
8.69303
8.69303
8.69303
6.56679
6.56679
8.69303
8.69303
8.69303
8.69303
8.69303
8.69303
8.69303
8.69303
8.69303
8.69303
6.56679
8.69303
8.69303
8.69303
8.69303
8.69303
6.56679
6.56679
8.69303
8.69303
8.69303
8.69303
6.56679
6.56679
8.69303
8.69303
8.69303
6.56679
8.69303
8.69303
8.69303
8.69303
8.69303
8.69303
8.69303
8.69303
8.69303
8.69303
8.69303
6.56679
6.56679
8.69303
8.69303
8.69303
8.69303
8.69303
8.69303
8.69303
8.69303
8.69303
8.69303
6.56679
8.69303
8.69303
8.69303
8.69303
8.69303
6.56679
6.56679
8.69303
8.69303
8.69303
8.69303
8.69303
8.69303
8.69303
8.69303
8.69303
8.69303
6.56679
8.69303
8.69303
8.69303
8.69303
8.69303
8.69303
8.69303
8.69303
8.69303
8.69303
8.69303
8.69303
8.69303
8.69303
8.69303
8.69303
8.69303
6.56679
8.69303
8.69303
8.69303
8.69303
8.69303
6.56679
8.69303
8.69303
8.69303
8.69303
8.69303
6.56679
8.69303
8.69303
8.69303
8.69303
8.69303
6.56679
8.69303
8.69303
8.69303
8.69303
8.69303
8.69303
6.56679
8.69303
8.69303
8.69303
8.69303
8.69303
6.56679
6.56679
8.69303
8.69303
8.69303
8.69303
6.56679
6.56679
8.69303
8.69303
8.69303
6.56679
6.56679
8.69303
8.69303
8.69303
8.69303
8.69303
6.56679
8.69303
8.69303
8.69303
8.69303
8.69303
6.56679
8.69303
8.69303
8.69303
8.69303
6.56679
8.69303
8.69303
8.69303
8.69303
8.69303
6.56679
8.69303
8.69303
8.69303
8.69303
8.69303
6.56679
8.69303
8.69303
8.69303
8.69303
8.69303
6.56679
8.69303
8.69303
8.69303
8.69303
8.69303
6.56679
8.69303
8.69303
8.69303
8.69303
8.69303
6.56679
8.69303
8.69303
8.69303
8.69303
8.69303
6.56679
6.56679
8.69303
8.69303
8.69303
8.69303
8.69303
8.69303
8.69303
8.69303
8.69303
8.69303
8.69303
8.69303
8.69303
8.69303
8.69303
8.69303
6.56679
8.69303
8.69303
8.69303
8.69303
8.69303
6.56679
8.69303
8.69303
8.69303
8.69303
8.69303
8.69303
8.69303
8.69303
8.69303
8.69303
8.69303
6.56679
8.69303
8.69303
8.69303
8.69303
8.69303
6.56679
6.56679
8.69303
8.69303
8.69303
8.69303
6.56679
6.56679
8.69303
8.69303
8.69303
8.69303
8.69303
8.69303
8.69303
8.69303
8.69303
8.69303
6.56679
8.69303
8.69303
8.69303
8.69303
8.69303
6.56679
8.69303
8.69303
8.69303
8.69303
8.69303
6.56679
8.69303
8.69303
8.69303
8.69303
8.69303
6.56679
8.69303
8.69303
8.69303
8.69303
8.69303
6.56679
8.69303
8.69303
8.69303
8.69303
8.69303
8.69303
8.69303
8.69303
8.69303
8.69303
8.69303
6.56679
8.69303
8.69303
8.69303
8.69303
8.69303
8.69303
8.69303
8.69303
8.69303
8.69303
8.69303
6.56679
8.69303
8.69303
8.69303
8.69303
6.56679
8.69303
8.69303
8.69303
8.69303
8.69303
6.56679
8.69303
8.69303
8.69303
8.69303
8.69303
6.56679
8.69303
8.69303
8.69303
8.69303
8.69303
6.56679
8.69303
8.69303
8.69303
8.69303
6.56679
8.69303
8.69303
8.69303
8.69303
8.69303
6.56679
8.69303
8.69303
8.69303
8.69303
8.69303
6.56679
6.56679
8.69303
8.69303
8.69303
8.69303
8.69303
8.69303
8.69303
8.69303
8.69303
8.69303
8.69303
6.56679
8.69303
8.69303
8.69303
8.69303
8.69303
6.56679
8.69303
8.69303
8.69303
8.69303
8.69303
6.56679
8.69303
8.69303
8.69303
8.69303
8.69303
6.56679
8.69303
8.69303
8.69303
8.69303
8.69303
6.56679
6.56679
8.69303
8.69303
8.69303
6.56679
6.56679
8.69303
8.69303
8.69303
8.69303
6.56679
6.56679
8.69303
8.69303
8.69303
8.69303
8.69303
8.69303
8.69303
8.69303
8.69303
8.69303
6.56679
8.69303
8.69303
8.69303
8.69303
8.69303
6.56679
8.69303
8.69303
8.69303
8.69303
6.56679
8.69303
8.69303
8.69303
8.69303
8.69303
6.56679
8.69303
8.69303
8.69303
8.69303
8.69303
6.56679
8.69303
8.69303
8.69303
8.69303
8.69303
8.69303
8.69303
8.69303
8.69303
8.69303
8.69303
8.69303
8.69303
8.69303
8.69303
8.69303
8.69303
8.69303
6.56679
8.69303
8.69303
8.69303
8.69303
8.69303
6.56679
8.69303
8.69303
8.69303
8.69303
8.69303
8.69303
6.56679
8.69303
8.69303
8.69303
8.69303
6.56679
8.69303
8.69303
8.69303
8.69303
8.69303
6.56679
8.69303
8.69303
8.69303
8.69303
8.69303
6.56679
6.56679
8.69303
8.69303
8.69303
8.69303
6.56679
8.69303
8.69303
8.69303
8.69303
8.69303
6.56679
6.56679
8.69303
8.69303
8.69303
8.69303
8.69303
8.69303
8.69303
8.69303
8.69303
8.69303
8.69303
8.69303
8.69303
8.69303
8.69303
8.69303
8.69303
8.69303
8.69303
8.69303
8.69303
8.69303
8.69303
6.56679
8.69303
8.69303
8.69303
8.69303
8.69303
6.56679
6.56679
8.69303
8.69303
8.69303
8.69303
6.56679
8.69303
8.69303
8.69303
8.69303
8.69303
6.56679
6.56679
8.69303
8.69303
8.69303
8.69303
8.69303
8.69303
8.69303
8.69303
8.69303
8.69303
8.69303
8.69303
8.69303
8.69303
8.69303
6.56679
8.69303
8.69303
8.69303
8.69303
8.69303
8.69303
8.69303
8.69303
8.69303
8.69303
8.69303
6.56679
8.69303
8.69303
8.69303
8.69303
8.69303
6.56679
8.69303
8.69303
8.69303
8.69303
6.56679
8.69303
8.69303
8.69303
8.69303
8.69303
6.56679
8.69303
8.69303
8.69303
8.69303
8.69303
6.56679
6.56679
8.69303
8.69303
8.69303
6.56679
8.69303
8.69303
8.69303
8.69303
8.69303
6.56679
6.56679
8.69303
8.69303
8.69303
8.69303
8.69303
8.69303
8.69303
8.69303
8.69303
8.69303
8.69303
8.69303
8.69303
8.69303
8.69303
8.69303
6.56679
8.69303
8.69303
8.69303
8.69303
6.56679
8.69303
8.69303
8.69303
8.69303
8.69303
6.56679
8.69303
8.69303
8.69303
8.69303
8.69303
6.56679
8.69303
8.69303
8.69303
8.69303
8.69303
6.56679
8.69303
8.69303
8.69303
8.69303
8.69303
6.56679
6.56679
8.69303
8.69303
8.69303
8.69303
6.56679
6.56679
8.69303
8.69303
8.69303
8.69303
8.69303
8.69303
8.69303
8.69303
8.69303
6.56679
6.56679
8.69303
8.69303
8.69303
8.69303
8.69303
6.56679
8.69303
8.69303
8.69303
8.69303
8.69303
8.69303
8.69303
8.69303
8.69303
8.69303
8.69303
8.69303
8.69303
8.69303
8.69303
8.69303
8.69303
8.69303
8.69303
8.69303
8.69303
6.56679
8.69303
8.69303
8.69303
8.69303
8.69303
6.56679
8.69303
8.69303
8.69303
8.69303
8.69303
6.56679
8.69303
8.69303
8.69303
8.69303
6.56679
8.69303
8.69303
8.69303
8.69303
8.69303
6.56679
8.69303
8.69303
8.69303
8.69303
6.56679
8.69303
8.69303
8.69303
8.69303
8.69303
6.56679
6.56679
8.69303
8.69303
8.69303
8.69303
6.56679
6.56679
8.69303
8.69303
8.69303
6.56679
6.56679
8.69303
8.69303
8.69303
8.69303
6.56679
6.56679
8.69303
8.69303
8.69303
6.56679
6.56679
8.69303
8.69303
8.69303
8.69303
6.56679
8.69303
8.69303
8.69303
8.69303
8.69303
6.56679
8.69303
8.69303
8.69303
8.69303
6.56679
8.69303
8.69303
8.69303
8.69303
8.69303
8.69303
8.69303
8.69303
8.69303
8.69303
6.56679
8.69303
8.69303
8.69303
8.69303
8.69303
6.56679
8.69303
8.69303
8.69303
8.69303
8.69303
6.56679
8.69303
8.69303
8.69303
8.69303
6.56679
8.69303
8.69303
8.69303
8.69303
8.69303
6.56679
8.69303
8.69303
8.69303
8.69303
8.69303
6.56679
6.56679
8.69303
8.69303
8.69303
6.56679
8.69303
8.69303
8.69303
8.69303
8.69303
6.56679
6.56679
8.69303
8.69303
8.69303
8.69303
8.69303
8.69303
8.69303
8.69303
8.69303
8.69303
6.56679
6.56679
8.69303
8.69303
8.69303
8.69303
8.69303
8.69303
8.69303
8.69303
8.69303
8.69303
8.69303
8.69303
8.69303
8.69303
8.69303
6.56679
8.69303
8.69303
8.69303
8.69303
8.69303
6.56679
8.69303
8.69303
8.69303
8.69303
8.69303
6.56679
8.69303
8.69303
8.69303
8.69303
6.56679
8.69303
8.69303
8.69303
8.69303
8.69303
6.56679
8.69303
8.69303
8.69303
8.69303
8.69303
6.56679
8.69303
8.69303
8.69303
8.69303
8.69303
6.56679
6.56679
8.69303
8.69303
8.69303
6.56679
6.56679
8.69303
8.69303
8.69303
8.69303
6.56679
6.56679
8.69303
8.69303
8.69303
6.56679
6.56679
8.69303
8.69303
8.69303
8.69303
6.56679
6.56679
8.69303
8.69303
8.69303
8.69303
8.69303
8.69303
8.69303
8.69303
8.69303
6.56679
8.69303
8.69303
8.69303
8.69303
8.69303
6.56679
8.69303
8.69303
8.69303
8.69303
8.69303
6.56679
6.56679
8.69303
8.69303
8.69303
6.56679
6.56679
8.69303
8.69303
8.69303
8.69303
6.56679
6.56679
8.69303
8.69303
8.69303
6.56679
6.56679
8.69303
8.69303
8.69303
8.69303
8.69303
6.56679
8.69303
8.69303
8.69303
8.69303
8.69303
6.56679
8.69303
8.69303
8.69303
6.56679
6.56679
8.69303
8.69303
8.69303
8.69303
6.56679
6.56679
8.69303
8.69303
8.69303
8.69303
8.69303
8.69303
8.69303
8.69303
8.69303
8.69303
8.69303
8.69303
8.69303
8.69303
8.69303
8.69303
8.69303
8.69303
8.69303
8.69303
8.69303
6.56679
8.69303
8.69303
8.69303
8.69303
8.69303
6.56679
8.69303
8.69303
8.69303
8.69303
8.69303
6.56679
8.69303
8.69303
8.69303
8.69303
8.69303
6.56679
8.69303
8.69303
8.69303
8.69303
8.69303
6.56679
8.69303
8.69303
8.69303
8.69303
8.69303
6.56679
6.56679
8.69303
8.69303
8.69303
8.69303
6.56679
6.56679
8.69303
8.69303
8.69303
6.56679
6.56679
8.69303
8.69303
8.69303
8.69303
6.56679
6.56679
8.69303
8.69303
8.69303
8.69303
6.56679
6.56679
8.69303
8.69303
8.69303
8.69303
8.69303
8.69303
8.69303
8.69303
8.69303
8.69303
8.69303
8.69303
8.69303
8.69303
8.69303
8.69303
8.69303
8.69303
8.69303
8.69303
8.69303
6.56679
8.69303
8.69303
8.69303
8.69303
8.69303
6.56679
8.69303
8.69303
8.69303
8.69303
8.69303
6.56679
8.69303
8.69303
8.69303
8.69303
8.69303
6.56679
8.69303
8.69303
8.69303
8.69303
6.56679
8.69303
8.69303
8.69303
8.69303
8.69303
6.56679
8.69303
8.69303
8.69303
8.69303
8.69303
6.56679
8.69303
8.69303
8.69303
8.69303
8.69303
6.56679
6.56679
8.69303
8.69303
8.69303
8.69303
6.56679
8.69303
8.69303
8.69303
8.69303
8.69303
6.56679
6.56679
8.69303
8.69303
8.69303
8.69303
8.69303
8.69303
8.69303
8.69303
8.69303
8.69303
6.56679
8.69303
8.69303
8.69303
8.69303
8.69303
6.56679
8.69303
8.69303
8.69303
8.69303
8.69303
6.56679
6.56679
8.69303
8.69303
8.69303
6.56679
6.56679
8.69303
8.69303
8.69303
8.69303
8.69303
8.69303
8.69303
8.69303
8.69303
8.69303
6.56679
6.56679
8.69303
8.69303
8.69303
8.69303
8.69303
8.69303
8.69303
8.69303
8.69303
8.69303
6.56679
8.69303
8.69303
8.69303
8.69303
8.69303
6.56679
8.69303
8.69303
8.69303
8.69303
8.69303
6.56679
8.69303
8.69303
8.69303
8.69303
8.69303
6.56679
8.69303
8.69303
8.69303
8.69303
6.56679
8.69303
8.69303
8.69303
8.69303
8.69303
6.56679
8.69303
8.69303
8.69303
8.69303
6.56679
8.69303
8.69303
8.69303
8.69303
8.69303
6.56679
8.69303
8.69303
8.69303
8.69303
8.69303
6.56679
8.69303
8.69303
8.69303
8.69303
8.69303
6.56679
6.56679
8.69303
8.69303
8.69303
8.69303
6.56679
6.56679
8.69303
8.69303
8.69303
6.56679
6.56679
8.69303
8.69303
8.69303
8.69303
8.69303
6.56679
8.69303
8.69303
8.69303
8.69303
8.69303
6.56679
8.69303
8.69303
8.69303
8.69303
8.69303
6.56679
8.69303
8.69303
8.69303
8.69303
8.69303
6.56679
6.56679
8.69303
8.69303
8.69303
8.69303
6.56679
8.69303
8.69303
8.69303
8.69303
8.69303
8.69303
8.69303
8.69303
8.69303
8.69303
8.69303
8.69303
8.69303
8.69303
8.69303
8.69303
8.69303
6.56679
8.69303
8.69303
8.69303
8.69303
8.69303
6.56679
8.69303
8.69303
8.69303
8.69303
8.69303
6.56679
8.69303
8.69303
8.69303
8.69303
8.69303
6.56679
8.69303
8.69303
8.69303
8.69303
8.69303
6.56679
8.69303
8.69303
8.69303
8.69303
8.69303
6.56679
8.69303
8.69303
8.69303
8.69303
6.56679
8.69303
8.69303
8.69303
8.69303
8.69303
6.56679
6.56679
8.69303
8.69303
8.69303
8.69303
6.56679
6.56679
8.69303
8.69303
8.69303
8.69303
6.56679
8.69303
8.69303
8.69303
8.69303
8.69303
6.56679
6.56679
8.69303
8.69303
8.69303
6.56679
6.56679
8.69303
8.69303
8.69303
8.69303
6.56679
6.56679
8.69303
8.69303
8.69303
8.69303
6.56679
8.69303
8.69303
8.69303
8.69303
8.69303
6.56679
8.69303
8.69303
8.69303
8.69303
6.56679
8.69303
8.69303
8.69303
8.69303
8.69303
6.56679
8.69303
8.69303
8.69303
8.69303
8.69303
6.56679
8.69303
8.69303
8.69303
8.69303
8.69303
6.56679
8.69303
8.69303
8.69303
8.69303
8.69303
6.56679
6.56679
8.69303
8.69303
8.69303
8.69303
6.56679
6.56679
8.69303
8.69303
8.69303
8.69303
6.56679
6.56679
8.69303
8.69303
8.69303
8.69303
6.56679
8.69303
8.69303
8.69303
8.69303
8.69303
8.69303
8.69303
8.69303
8.69303
8.69303
6.56679
8.69303
8.69303
8.69303
8.69303
8.69303
6.56679
8.69303
8.69303
8.69303
8.69303
8.69303
6.56679
8.69303
8.69303
8.69303
8.69303
6.56679
8.69303
8.69303
8.69303
8.69303
8.69303
6.56679
8.69303
8.69303
8.69303
8.69303
6.56679
8.69303
8.69303
8.69303
8.69303
8.69303
6.56679
8.69303
8.69303
8.69303
8.69303
8.69303
6.56679
8.69303
8.69303
8.69303
8.69303
6.56679
8.69303
8.69303
8.69303
8.69303
8.69303
8.69303
6.56679
8.69303
8.69303
8.69303
8.69303
6.56679
8.69303
8.69303
8.69303
8.69303
8.69303
6.56679
8.69303
8.69303
8.69303
8.69303
8.69303
6.56679
6.56679
8.69303
8.69303
8.69303
6.56679
6.56679
8.69303
8.69303
8.69303
8.69303
6.56679
8.69303
8.69303
8.69303
8.69303
8.69303
6.56679
6.56679
8.69303
8.69303
8.69303
8.69303
8.69303
6.56679
8.69303
8.69303
8.69303
8.69303
8.69303
6.56679
8.69303
8.69303
8.69303
8.69303
8.69303
6.56679
8.69303
8.69303
8.69303
8.69303
8.69303
6.56679
8.69303
8.69303
8.69303
8.69303
8.69303
6.56679
6.56679
8.69303
8.69303
8.69303
8.69303
6.56679
6.56679
8.69303
8.69303
8.69303
8.69303
8.69303
8.69303
8.69303
8.69303
8.69303
8.69303
8.69303
8.69303
8.69303
8.69303
8.69303
6.56679
6.56679
8.69303
8.69303
8.69303
8.69303
8.69303
8.69303
8.69303
8.69303
8.69303
8.69303
8.69303
8.69303
8.69303
8.69303
8.69303
8.69303
8.69303
8.69303
8.69303
8.69303
8.69303
6.56679
8.69303
8.69303
8.69303
8.69303
8.69303
6.56679
8.69303
8.69303
8.69303
8.69303
8.69303
6.56679
8.69303
8.69303
8.69303
8.69303
8.69303
6.56679
8.69303
8.69303
8.69303
8.69303
6.56679
8.69303
8.69303
8.69303
8.69303
8.69303
6.56679
8.69303
8.69303
8.69303
8.69303
8.69303
8.69303
8.69303
8.69303
8.69303
8.69303
8.69303
8.69303
8.69303
8.69303
8.69303
8.69303
8.69303
6.56679
8.69303
8.69303
8.69303
8.69303
8.69303
8.69303
8.69303
8.69303
8.69303
8.69303
8.69303
8.69303
8.69303
8.69303
8.69303
8.69303
8.69303
6.56679
8.69303
8.69303
8.69303
8.69303
8.69303
6.56679
8.69303
8.69303
8.69303
8.69303
6.56679
8.69303
8.69303
8.69303
8.69303
8.69303
6.56679
8.69303
8.69303
8.69303
8.69303
8.69303
8.69303
8.69303
8.69303
8.69303
8.69303
8.69303
8.69303
8.69303
8.69303
8.69303
8.69303
6.56679
8.69303
8.69303
8.69303
8.69303
8.69303
6.56679
6.56679
8.69303
8.69303
8.69303
8.69303
8.69303
8.69303
8.69303
8.69303
8.69303
6.56679
8.69303
8.69303
8.69303
8.69303
8.69303
6.56679
8.69303
8.69303
8.69303
8.69303
8.69303
6.56679
6.56679
8.69303
8.69303
8.69303
8.69303
8.69303
8.69303
8.69303
8.69303
8.69303
6.56679
8.69303
8.69303
8.69303
8.69303
8.69303
6.56679
8.69303
8.69303
8.69303
8.69303
6.56679
8.69303
8.69303
8.69303
8.69303
8.69303
6.56679
6.56679
8.69303
8.69303
8.69303
8.69303
6.56679
6.56679
8.69303
8.69303
8.69303
8.69303
6.56679
8.69303
8.69303
8.69303
8.69303
8.69303
8.69303
8.69303
8.69303
8.69303
8.69303
6.56679
8.69303
8.69303
8.69303
8.69303
6.56679
6.56679
8.69303
8.69303
8.69303
8.69303
8.69303
8.69303
8.69303
8.69303
8.69303
8.69303
6.56679
8.69303
8.69303
8.69303
8.69303
6.56679
8.69303
8.69303
8.69303
8.69303
8.69303
6.56679
8.69303
8.69303
8.69303
8.69303
6.56679
6.56679
8.69303
8.69303
8.69303
8.69303
8.69303
6.56679
8.69303
8.69303
8.69303
8.69303
8.69303
8.69303
8.69303
8.69303
8.69303
6.56679
8.69303
8.69303
8.69303
8.69303
8.69303
6.56679
8.69303
8.69303
8.69303
8.69303
6.56679
8.69303
8.69303
8.69303
8.69303
8.69303
6.56679
6.56679
8.69303
8.69303
8.69303
6.56679
6.56679
8.69303
8.69303
8.69303
8.69303
8.69303
8.69303
8.69303
8.69303
8.69303
8.69303
8.69303
8.69303
8.69303
8.69303
8.69303
6.56679
8.69303
8.69303
8.69303
8.69303
8.69303
6.56679
8.69303
8.69303
8.69303
8.69303
6.56679
8.69303
8.69303
8.69303
8.69303
8.69303
6.56679
6.56679
8.69303
8.69303
8.69303
6.56679
6.56679
8.69303
8.69303
8.69303
6.56679
6.56679
8.69303
8.69303
8.69303
8.69303
8.69303
8.69303
8.69303
8.69303
8.69303
8.69303
6.56679
8.69303
8.69303
8.69303
8.69303
8.69303
6.56679
8.69303
8.69303
8.69303
8.69303
6.56679
8.69303
8.69303
8.69303
8.69303
8.69303
6.56679
6.56679
8.69303
8.69303
8.69303
8.69303
6.56679
8.69303
8.69303
8.69303
8.69303
8.69303
8.69303
8.69303
8.69303
8.69303
8.69303
6.56679
8.69303
8.69303
8.69303
8.69303
6.56679
8.69303
8.69303
8.69303
8.69303
6.56679
8.69303
8.69303
8.69303
8.69303
8.69303
6.56679
6.56679
8.69303
8.69303
8.69303
6.56679
6.56679
8.69303
8.69303
8.69303
8.69303
8.69303
8.69303
8.69303
8.69303
8.69303
6.56679
8.69303
8.69303
8.69303
8.69303
8.69303
6.56679
8.69303
8.69303
8.69303
8.69303
6.56679
8.69303
8.69303
8.69303
8.69303
8.69303
6.56679
6.56679
8.69303
8.69303
8.69303
8.69303
6.56679
6.56679
8.69303
8.69303
8.69303
8.69303
8.69303
8.69303
8.69303
8.69303
8.69303
8.69303
8.69303
8.69303
8.69303
8.69303
8.69303
6.56679
8.69303
8.69303
8.69303
8.69303
6.56679
8.69303
8.69303
8.69303
8.69303
8.69303
6.56679
8.69303
8.69303
8.69303
8.69303
8.69303
8.69303
6.56679
8.69303
8.69303
8.69303
8.69303
8.69303
8.69303
8.69303
8.69303
8.69303
6.56679
8.69303
8.69303
8.69303
8.69303
8.69303
6.56679
8.69303
8.69303
8.69303
8.69303
6.56679
8.69303
8.69303
8.69303
8.69303
8.69303
6.56679
8.69303
8.69303
8.69303
8.69303
8.69303
8.69303
8.69303
8.69303
8.69303
8.69303
8.69303
6.56679
8.69303
8.69303
8.69303
8.69303
8.69303
8.69303
8.69303
8.69303
8.69303
8.69303
6.56679
8.69303
8.69303
8.69303
8.69303
6.56679
8.69303
8.69303
8.69303
8.69303
8.69303
6.56679
8.69303
8.69303
8.69303
8.69303
8.69303
8.69303
8.69303
8.69303
8.69303
8.69303
8.69303
6.56679
8.69303
8.69303
8.69303
8.69303
6.56679
8.69303
8.69303
8.69303
8.69303
6.56679
6.56679
8.69303
8.69303
8.69303
8.69303
6.56679
6.56679
8.69303
8.69303
8.69303
8.69303
6.56679
6.56679
8.69303
8.69303
8.69303
8.69303
8.69303
8.69303
8.69303
8.69303
8.69303
6.56679
8.69303
8.69303
8.69303
8.69303
8.69303
6.56679
8.69303
8.69303
8.69303
8.69303
8.69303
6.56679
6.56679
8.69303
8.69303
8.69303
6.56679
6.56679
8.69303
8.69303
8.69303
8.69303
8.69303
8.69303
8.69303
8.69303
8.69303
8.69303
6.56679
8.69303
8.69303
8.69303
8.69303
8.69303
6.56679
8.69303
8.69303
8.69303
8.69303
6.56679
8.69303
8.69303
8.69303
8.69303
8.69303
8.69303
6.56679
8.69303
8.69303
8.69303
6.56679
6.56679
8.69303
8.69303
8.69303
8.69303
6.56679
8.69303
8.69303
8.69303
8.69303
8.69303
6.56679
8.69303
8.69303
8.69303
8.69303
8.69303
6.56679
8.69303
8.69303
8.69303
8.69303
8.69303
6.56679
8.69303
8.69303
8.69303
8.69303
8.69303
8.69303
8.69303
8.69303
8.69303
8.69303
6.56679
8.69303
8.69303
8.69303
8.69303
8.69303
6.56679
6.56679
8.69303
8.69303
8.69303
6.56679
8.69303
8.69303
8.69303
8.69303
8.69303
6.56679
6.56679
8.69303
8.69303
8.69303
8.69303
8.69303
8.69303
8.69303
8.69303
8.69303
8.69303
6.56679
8.69303
8.69303
8.69303
8.69303
8.69303
8.69303
8.69303
8.69303
8.69303
8.69303
6.56679
8.69303
8.69303
8.69303
8.69303
8.69303
6.56679
8.69303
8.69303
8.69303
8.69303
6.56679
8.69303
8.69303
8.69303
8.69303
8.69303
6.56679
8.69303
8.69303
8.69303
8.69303
8.69303
6.56679
8.69303
8.69303
8.69303
8.69303
6.56679
8.69303
8.69303
8.69303
8.69303
8.69303
6.56679
8.69303
8.69303
8.69303
8.69303
8.69303
6.56679
8.69303
8.69303
8.69303
8.69303
8.69303
6.56679
8.69303
8.69303
8.69303
8.69303
8.69303
6.56679
6.56679
8.69303
8.69303
8.69303
6.56679
8.69303
8.69303
8.69303
8.69303
8.69303
8.69303
6.56679
8.69303
8.69303
8.69303
8.69303
6.56679
6.56679
8.69303
8.69303
8.69303
6.56679
6.56679
8.69303
8.69303
8.69303
8.69303
8.69303
8.69303
8.69303
8.69303
8.69303
8.69303
6.56679
8.69303
8.69303
8.69303
6.56679
6.56679
8.69303
8.69303
8.69303
8.69303
6.56679
6.56679
8.69303
8.69303
8.69303
8.69303
6.56679
8.69303
8.69303
8.69303
8.69303
6.56679
8.69303
8.69303
8.69303
8.69303
8.69303
6.56679
8.69303
8.69303
8.69303
8.69303
6.56679
8.69303
8.69303
8.69303
8.69303
8.69303
6.56679
8.69303
8.69303
8.69303
8.69303
6.56679
8.69303
8.69303
8.69303
8.69303
6.56679
8.69303
8.69303
8.69303
8.69303
8.69303
8.69303
8.69303
8.69303
8.69303
8.69303
8.69303
8.69303
8.69303
8.69303
8.69303
8.69303
8.69303
8.69303
8.69303
8.69303
6.56679
6.56679
8.69303
8.69303
8.69303
8.69303
6.56679
8.69303
8.69303
8.69303
8.69303
8.69303
8.69303
8.69303
8.69303
8.69303
8.69303
8.69303
8.69303
8.69303
8.69303
8.69303
6.56679
8.69303
8.69303
8.69303
8.69303
8.69303
8.69303
8.69303
8.69303
8.69303
8.69303
8.69303
8.69303
8.69303
8.69303
6.56679
6.56679
8.69303
8.69303
8.69303
8.69303
8.69303
8.69303
8.69303
8.69303
8.69303
8.69303
8.69303
8.69303
8.69303
8.69303
6.56679
6.56679
8.69303
8.69303
8.69303
6.56679
6.56679
8.69303
8.69303
8.69303
8.69303
6.56679
6.56679
8.69303
8.69303
8.69303
8.69303
8.69303
6.56679
8.69303
8.69303
8.69303
8.69303
8.69303
8.69303
8.69303
8.69303
8.69303
8.69303
6.56679
8.69303
8.69303
8.69303
8.69303
6.56679
8.69303
8.69303
8.69303
8.69303
8.69303
8.69303
8.69303
8.69303
8.69303
8.69303
8.69303
8.69303
8.69303
8.69303
8.69303
8.69303
8.69303
8.69303
8.69303
8.69303
8.69303
6.56679
8.69303
8.69303
8.69303
8.69303
8.69303
6.56679
8.69303
8.69303
8.69303
8.69303
6.56679
8.69303
8.69303
8.69303
6.56679
6.56679
8.69303
8.69303
8.69303
8.69303
8.69303
6.56679
8.69303
8.69303
8.69303
8.69303
6.56679
8.69303
8.69303
8.69303
8.69303
8.69303
6.56679
8.69303
8.69303
8.69303
8.69303
6.56679
8.69303
8.69303
8.69303
6.56679
6.56679
8.69303
8.69303
8.69303
6.56679
6.56679
8.69303
8.69303
8.69303
8.69303
8.69303
6.56679
8.69303
8.69303
8.69303
6.56679
8.69303
8.69303
8.69303
8.69303
8.69303
8.69303
8.69303
8.69303
8.69303
8.69303
8.69303
8.69303
8.69303
8.69303
8.69303
8.69303
6.56679
8.69303
8.69303
8.69303
8.69303
8.69303
8.69303
8.69303
8.69303
6.56679
6.56679
8.69303
8.69303
8.69303
6.56679
6.56679
8.69303
8.69303
8.69303
8.69303
6.56679
6.56679
6.56679
6.56679
6.56679
6.56679
6.56679
6.56679
6.56679
6.56679
6.56679
6.56679
6.56679
6.56679
6.56679
6.56679
8.69303
6.56679
8.69303
8.69303
8.69303
8.69303
6.56679
8.69303
8.69303
8.69303
8.69303
8.69303
6.56679
8.69303
8.69303
8.69303
8.69303
6.56679
8.69303
8.69303
8.69303
8.69303
8.69303
6.56679
8.69303
8.69303
8.69303
8.69303
8.69303
6.56679
6.56679
8.69303
8.69303
8.69303
6.56679
6.56679
8.69303
8.69303
8.69303
8.69303
6.56679
6.56679
8.69303
8.69303
8.69303
6.56679
6.56679
8.69303
8.69303
8.69303
8.69303
6.56679
6.56679
8.69303
8.69303
8.69303
8.69303
8.69303
8.69303
8.69303
8.69303
8.69303
8.69303
8.69303
8.69303
8.69303
8.69303
8.69303
8.69303
8.69303
8.69303
8.69303
8.69303
8.69303
8.69303
8.69303
8.69303
8.69303
8.69303
6.56679
8.69303
8.69303
8.69303
8.69303
8.69303
8.69303
8.69303
8.69303
8.69303
8.69303
8.69303
8.69303
8.69303
8.69303
8.69303
8.69303
6.56679
8.69303
8.69303
8.69303
8.69303
8.69303
6.56679
8.69303
8.69303
8.69303
8.69303
8.69303
8.69303
8.69303
8.69303
8.69303
6.56679
6.56679
8.69303
8.69303
8.69303
8.69303
6.56679
8.69303
8.69303
8.69303
8.69303
6.56679
8.69303
8.69303
8.69303
8.69303
8.69303
6.56679
8.69303
8.69303
8.69303
8.69303
6.56679
8.69303
8.69303
8.69303
8.69303
8.69303
6.56679
8.69303
8.69303
8.69303
8.69303
8.69303
8.69303
8.69303
8.69303
8.69303
8.69303
6.56679
8.69303
8.69303
8.69303
8.69303
8.69303
8.69303
8.69303
8.69303
8.69303
8.69303
6.56679
8.69303
8.69303
8.69303
8.69303
6.56679
8.69303
8.69303
8.69303
8.69303
8.69303
6.56679
8.69303
8.69303
8.69303
8.69303
6.56679
8.69303
8.69303
8.69303
8.69303
6.56679
8.69303
8.69303
8.69303
8.69303
8.69303
6.56679
8.69303
8.69303
8.69303
8.69303
6.56679
6.56679
8.69303
8.69303
8.69303
8.69303
6.56679
8.69303
8.69303
8.69303
8.69303
6.56679
8.69303
8.69303
8.69303
8.69303
6.56679
8.69303
8.69303
8.69303
8.69303
6.56679
8.69303
8.69303
8.69303
8.69303
8.69303
6.56679
6.56679
8.69303
8.69303
8.69303
8.69303
6.56679
6.56679
8.69303
8.69303
8.69303
8.69303
6.56679
6.56679
8.69303
8.69303
8.69303
6.56679
6.56679
8.69303
8.69303
8.69303
8.69303
6.56679
6.56679
8.69303
8.69303
8.69303
6.56679
6.56679
8.69303
8.69303
8.69303
8.69303
6.56679
6.56679
8.69303
8.69303
8.69303
6.56679
8.69303
8.69303
8.69303
8.69303
8.69303
8.69303
8.69303
8.69303
8.69303
8.69303
8.69303
6.56679
8.69303
8.69303
8.69303
8.69303
6.56679
8.69303
8.69303
8.69303
8.69303
8.69303
8.69303
8.69303
8.69303
8.69303
8.69303
8.69303
8.69303
8.69303
8.69303
8.69303
8.69303
6.56679
8.69303
8.69303
8.69303
8.69303
8.69303
6.56679
8.69303
8.69303
8.69303
8.69303
8.69303
8.69303
8.69303
8.69303
8.69303
6.56679
8.69303
8.69303
8.69303
8.69303
8.69303
6.56679
8.69303
8.69303
8.69303
8.69303
8.69303
8.69303
8.69303
8.69303
8.69303
8.69303
6.56679
8.69303
8.69303
8.69303
8.69303
8.69303
8.69303
8.69303
8.69303
8.69303
8.69303
8.69303
8.69303
8.69303
8.69303
8.69303
8.69303
8.69303
8.69303
8.69303
8.69303
8.69303
8.69303
8.69303
8.69303
8.69303
8.69303
8.69303
8.69303
8.69303
8.69303
8.69303
8.69303
8.69303
8.69303
8.69303
8.69303
8.69303
8.69303
8.69303
8.69303
8.69303
8.69303
8.69303
8.69303
8.69303
6.56679
8.69303
8.69303
8.69303
8.69303
6.56679
8.69303
8.69303
8.69303
8.69303
6.56679
6.56679
8.69303
8.69303
8.69303
8.69303
8.69303
6.56679
8.69303
8.69303
8.69303
8.69303
8.69303
8.69303
8.69303
8.69303
8.69303
8.69303
8.69303
8.69303
8.69303
8.69303
8.69303
8.69303
8.69303
8.69303
8.69303
8.69303
8.69303
8.69303
8.69303
8.69303
8.69303
8.69303
6.56679
6.56679
8.69303
8.69303
8.69303
8.69303
8.69303
8.69303
8.69303
8.69303
8.69303
6.56679
6.56679
8.69303
8.69303
8.69303
8.69303
8.69303
6.56679
8.69303
8.69303
8.69303
8.69303
8.69303
8.69303
8.69303
8.69303
8.69303
8.69303
6.56679
6.56679
6.56679
8.69303
8.69303
6.56679
6.56679
6.56679
8.69303
8.69303
8.69303
8.69303
8.69303
8.69303
8.69303
8.69303
8.69303
6.56679
8.69303
8.69303
8.69303
8.69303
6.56679
6.56679
8.69303
8.69303
8.69303
8.69303
8.69303
8.69303
8.69303
8.69303
8.69303
8.69303
8.69303
8.69303
8.69303
8.69303
8.69303
6.56679
6.56679
8.69303
8.69303
8.69303
6.56679
8.69303
8.69303
8.69303
8.69303
8.69303
8.69303
8.69303
8.69303
8.69303
8.69303
8.69303
6.56679
6.56679
6.56679
8.69303
8.69303
8.69303
8.69303
8.69303
8.69303
8.69303
8.69303
6.56679
8.69303
8.69303
8.69303
8.69303
8.69303
6.56679
6.56679
8.69303
8.69303
8.69303
8.69303
6.56679
6.56679
8.69303
8.69303
8.69303
6.56679
8.69303
8.69303
8.69303
8.69303
8.69303
8.69303
6.56679
8.69303
8.69303
8.69303
8.69303
8.69303
8.69303
8.69303
8.69303
8.69303
8.69303
8.69303
8.69303
8.69303
8.69303
8.69303
8.69303
8.69303
8.69303
8.69303
8.69303
8.69303
6.56679
8.69303
8.69303
8.69303
8.69303
8.69303
6.56679
8.69303
8.69303
8.69303
8.69303
6.56679
6.56679
8.69303
8.69303
8.69303
8.69303
6.56679
6.56679
8.69303
8.69303
8.69303
8.69303
6.56679
8.69303
8.69303
8.69303
8.69303
8.69303
6.56679
8.69303
8.69303
8.69303
8.69303
8.69303
6.56679
6.56679
8.69303
8.69303
8.69303
6.56679
6.56679
8.69303
8.69303
8.69303
8.69303
6.56679
8.69303
8.69303
8.69303
8.69303
8.69303
8.69303
8.69303
8.69303
8.69303
8.69303
8.69303
8.69303
8.69303
8.69303
8.69303
8.69303
6.56679
6.56679
8.69303
8.69303
8.69303
8.69303
6.56679
8.69303
8.69303
8.69303
8.69303
6.56679
8.69303
8.69303
8.69303
8.69303
6.56679
8.69303
8.69303
8.69303
8.69303
8.69303
6.56679
8.69303
8.69303
8.69303
8.69303
8.69303
8.69303
8.69303
8.69303
8.69303
8.69303
6.56679
6.56679
8.69303
8.69303
8.69303
8.69303
8.69303
6.56679
8.69303
8.69303
8.69303
8.69303
8.69303
8.69303
8.69303
8.69303
8.69303
8.69303
6.56679
6.56679
8.69303
8.69303
8.69303
8.69303
8.69303
8.69303
8.69303
8.69303
8.69303
6.56679
8.69303
8.69303
8.69303
8.69303
8.69303
6.56679
6.56679
8.69303
8.69303
8.69303
8.69303
8.69303
8.69303
8.69303
8.69303
8.69303
6.56679
8.69303
8.69303
8.69303
8.69303
6.56679
8.69303
8.69303
8.69303
8.69303
8.69303
8.69303
8.69303
8.69303
8.69303
8.69303
8.69303
6.56679
8.69303
8.69303
8.69303
8.69303
6.56679
8.69303
8.69303
8.69303
8.69303
8.69303
6.56679
6.56679
8.69303
8.69303
8.69303
8.69303
8.69303
8.69303
8.69303
8.69303
8.69303
6.56679
8.69303
8.69303
8.69303
8.69303
6.56679
8.69303
8.69303
8.69303
8.69303
8.69303
8.69303
8.69303
8.69303
8.69303
8.69303
8.69303
8.69303
8.69303
8.69303
8.69303
8.69303
6.56679
8.69303
8.69303
8.69303
8.69303
6.56679
6.56679
8.69303
8.69303
8.69303
8.69303
8.69303
8.69303
8.69303
8.69303
8.69303
8.69303
6.56679
8.69303
8.69303
8.69303
8.69303
6.56679
8.69303
8.69303
8.69303
8.69303
8.69303
6.56679
8.69303
8.69303
8.69303
8.69303
6.56679
8.69303
8.69303
8.69303
8.69303
8.69303
6.56679
6.56679
8.69303
8.69303
8.69303
8.69303
6.56679
8.69303
8.69303
8.69303
8.69303
6.56679
8.69303
8.69303
8.69303
8.69303
8.69303
6.56679
6.56679
8.69303
8.69303
8.69303
8.69303
8.69303
8.69303
8.69303
8.69303
8.69303
8.69303
8.69303
8.69303
8.69303
8.69303
8.69303
6.56679
8.69303
8.69303
8.69303
8.69303
8.69303
6.56679
6.56679
8.69303
8.69303
8.69303
8.69303
6.56679
8.69303
8.69303
8.69303
8.69303
6.56679
6.56679
8.69303
8.69303
8.69303
6.56679
6.56679
8.69303
8.69303
8.69303
8.69303
8.69303
8.69303
8.69303
8.69303
8.69303
8.69303
6.56679
8.69303
8.69303
8.69303
8.69303
6.56679
6.56679
8.69303
8.69303
8.69303
8.69303
6.56679
8.69303
8.69303
8.69303
8.69303
6.56679
8.69303
8.69303
8.69303
8.69303
8.69303
6.56679
6.56679
8.69303
8.69303
8.69303
8.69303
6.56679
8.69303
8.69303
8.69303
8.69303
6.56679
8.69303
12.9455
12.9455
12.9455
8.69303
8.69303
8.69303
8.69303
6.56679
8.69303
8.69303
8.69303
8.69303
8.69303
6.56679
6.56679
8.69303
8.69303
8.69303
8.69303
8.69303
8.69303
8.69303
8.69303
8.69303
6.56679
8.69303
8.69303
8.69303
8.69303
6.56679
8.69303
8.69303
8.69303
8.69303
8.69303
8.69303
8.69303
8.69303
8.69303
8.69303
8.69303
8.69303
8.69303
8.69303
8.69303
8.69303
6.56679
8.69303
8.69303
8.69303
8.69303
8.69303
6.56679
8.69303
8.69303
8.69303
8.69303
6.56679
8.69303
8.69303
8.69303
8.69303
6.56679
8.69303
8.69303
8.69303
8.69303
6.56679
8.69303
8.69303
8.69303
8.69303
6.56679
6.56679
8.69303
8.69303
8.69303
8.69303
8.69303
8.69303
8.69303
8.69303
8.69303
8.69303
6.56679
8.69303
8.69303
8.69303
8.69303
8.69303
6.56679
8.69303
8.69303
8.69303
8.69303
6.56679
8.69303
8.69303
8.69303
8.69303
8.69303
6.56679
6.56679
8.69303
8.69303
8.69303
6.56679
6.56679
8.69303
8.69303
8.69303
8.69303
8.69303
8.69303
8.69303
8.69303
8.69303
6.56679
8.69303
8.69303
8.69303
8.69303
6.56679
8.69303
8.69303
8.69303
8.69303
8.69303
8.69303
6.56679
8.69303
8.69303
8.69303
8.69303
6.56679
8.69303
8.69303
8.69303
8.69303
6.56679
8.69303
8.69303
8.69303
8.69303
8.69303
8.69303
6.56679
8.69303
8.69303
8.69303
8.69303
8.69303
8.69303
8.69303
8.69303
8.69303
6.56679
8.69303
8.69303
8.69303
8.69303
6.56679
8.69303
8.69303
8.69303
8.69303
6.56679
6.56679
8.69303
8.69303
8.69303
8.69303
8.69303
8.69303
8.69303
8.69303
8.69303
6.56679
8.69303
8.69303
8.69303
8.69303
8.69303
6.56679
8.69303
8.69303
8.69303
8.69303
6.56679
6.56679
8.69303
8.69303
8.69303
8.69303
6.56679
8.69303
8.69303
8.69303
8.69303
6.56679
8.69303
8.69303
8.69303
8.69303
8.69303
6.56679
6.56679
8.69303
8.69303
8.69303
8.69303
8.69303
8.69303
8.69303
8.69303
8.69303
6.56679
8.69303
8.69303
8.69303
8.69303
6.56679
8.69303
8.69303
8.69303
8.69303
8.69303
6.56679
6.56679
8.69303
8.69303
8.69303
8.69303
8.69303
8.69303
8.69303
8.69303
8.69303
6.56679
8.69303
8.69303
8.69303
8.69303
6.56679
8.69303
8.69303
8.69303
8.69303
8.69303
8.69303
8.69303
8.69303
8.69303
8.69303
8.69303
8.69303
8.69303
8.69303
8.69303
6.56679
8.69303
8.69303
8.69303
8.69303
8.69303
6.56679
6.56679
8.69303
8.69303
8.69303
8.69303
8.69303
8.69303
8.69303
8.69303
8.69303
6.56679
8.69303
8.69303
8.69303
8.69303
6.56679
8.69303
8.69303
8.69303
8.69303
8.69303
8.69303
6.56679
8.69303
8.69303
8.69303
8.69303
6.56679
8.69303
8.69303
8.69303
8.69303
6.56679
8.69303
8.69303
8.69303
8.69303
6.56679
8.69303
8.69303
8.69303
8.69303
8.69303
6.56679
6.56679
8.69303
8.69303
8.69303
8.69303
6.56679
8.69303
8.69303
8.69303
8.69303
8.69303
8.69303
6.56679
8.69303
8.69303
8.69303
8.69303
6.56679
8.69303
8.69303
8.69303
8.69303
6.56679
8.69303
8.69303
8.69303
8.69303
8.69303
6.56679
6.56679
8.69303
8.69303
8.69303
8.69303
6.56679
8.69303
8.69303
8.69303
8.69303
6.56679
8.69303
8.69303
8.69303
8.69303
6.56679
8.69303
8.69303
8.69303
8.69303
8.69303
6.56679
6.56679
8.69303
8.69303
8.69303
8.69303
8.69303
6.56679
8.69303
8.69303
8.69303
8.69303
6.56679
8.69303
8.69303
8.69303
8.69303
6.56679
8.69303
8.69303
8.69303
8.69303
8.69303
6.56679
8.69303
8.69303
8.69303
8.69303
6.56679
8.69303
8.69303
8.69303
8.69303
8.69303
6.56679
8.69303
8.69303
8.69303
8.69303
8.69303
8.69303
8.69303
8.69303
8.69303
8.69303
8.69303
8.69303
8.69303
8.69303
8.69303
6.56679
8.69303
8.69303
8.69303
8.69303
8.69303
8.69303
8.69303
8.69303
8.69303
8.69303
8.69303
8.69303
8.69303
8.69303
8.69303
6.56679
8.69303
8.69303
8.69303
8.69303
6.56679
8.69303
8.69303
8.69303
8.69303
8.69303
6.56679
8.69303
8.69303
8.69303
8.69303
6.56679
8.69303
8.69303
8.69303
8.69303
6.56679
8.69303
8.69303
8.69303
8.69303
8.69303
6.56679
8.69303
8.69303
8.69303
8.69303
8.69303
6.56679
6.56679
8.69303
8.69303
8.69303
6.56679
8.69303
8.69303
8.69303
8.69303
8.69303
6.56679
6.56679
8.69303
8.69303
8.69303
6.56679
6.56679
8.69303
8.69303
8.69303
8.69303
8.69303
8.69303
8.69303
8.69303
8.69303
8.69303
6.56679
8.69303
8.69303
8.69303
8.69303
8.69303
8.69303
8.69303
8.69303
8.69303
8.69303
8.69303
8.69303
8.69303
8.69303
8.69303
8.69303
8.69303
8.69303
8.69303
8.69303
8.69303
8.69303
8.69303
8.69303
8.69303
8.69303
8.69303
8.69303
8.69303
8.69303
8.69303
8.69303
8.69303
8.69303
8.69303
8.69303
8.69303
8.69303
6.56679
8.69303
8.69303
8.69303
8.69303
6.56679
8.69303
8.69303
8.69303
8.69303
8.69303
8.69303
8.69303
8.69303
8.69303
8.69303
6.56679
8.69303
8.69303
8.69303
8.69303
6.56679
8.69303
8.69303
8.69303
8.69303
6.56679
8.69303
8.69303
8.69303
8.69303
8.69303
6.56679
8.69303
8.69303
8.69303
8.69303
6.56679
8.69303
8.69303
8.69303
8.69303
6.56679
8.69303
8.69303
8.69303
8.69303
8.69303
6.56679
8.69303
8.69303
8.69303
8.69303
6.56679
8.69303
8.69303
8.69303
8.69303
8.69303
6.56679
8.69303
8.69303
8.69303
8.69303
8.69303
8.69303
8.69303
8.69303
8.69303
8.69303
6.56679
8.69303
8.69303
8.69303
8.69303
6.56679
8.69303
8.69303
8.69303
8.69303
8.69303
8.69303
8.69303
8.69303
8.69303
8.69303
6.56679
8.69303
8.69303
8.69303
8.69303
6.56679
8.69303
8.69303
8.69303
8.69303
8.69303
8.69303
8.69303
8.69303
8.69303
8.69303
6.56679
8.69303
8.69303
8.69303
8.69303
8.69303
8.69303
8.69303
8.69303
8.69303
8.69303
6.56679
8.69303
8.69303
8.69303
8.69303
6.56679
8.69303
8.69303
8.69303
8.69303
8.69303
6.56679
8.69303
8.69303
8.69303
8.69303
6.56679
8.69303
8.69303
8.69303
8.69303
8.69303
8.69303
8.69303
8.69303
8.69303
8.69303
6.56679
8.69303
8.69303
8.69303
8.69303
8.69303
6.56679
8.69303
8.69303
8.69303
8.69303
6.56679
8.69303
8.69303
8.69303
8.69303
6.56679
8.69303
8.69303
8.69303
8.69303
6.56679
8.69303
8.69303
8.69303
8.69303
8.69303
6.56679
8.69303
8.69303
8.69303
8.69303
6.56679
8.69303
8.69303
8.69303
8.69303
8.69303
8.69303
8.69303
8.69303
8.69303
8.69303
6.56679
8.69303
8.69303
8.69303
8.69303
8.69303
8.69303
8.69303
8.69303
8.69303
8.69303
8.69303
6.56679
8.69303
8.69303
8.69303
8.69303
6.56679
8.69303
8.69303
8.69303
8.69303
8.69303
8.69303
8.69303
8.69303
8.69303
8.69303
6.56679
8.69303
8.69303
8.69303
8.69303
8.69303
8.69303
8.69303
8.69303
8.69303
8.69303
8.69303
8.69303
8.69303
8.69303
8.69303
8.69303
8.69303
8.69303
8.69303
8.69303
8.69303
8.69303
8.69303
8.69303
8.69303
8.69303
8.69303
8.69303
8.69303
8.69303
8.69303
8.69303
8.69303
8.69303
8.69303
8.69303
8.69303
6.56679
8.69303
8.69303
8.69303
6.56679
6.56679
8.69303
8.69303
8.69303
8.69303
8.69303
6.56679
8.69303
8.69303
8.69303
6.56679
6.56679
8.69303
8.69303
8.69303
8.69303
6.56679
6.56679
8.69303
8.69303
8.69303
6.56679
8.69303
8.69303
8.69303
8.69303
8.69303
6.56679
6.56679
8.69303
8.69303
8.69303
8.69303
6.56679
8.69303
8.69303
8.69303
8.69303
8.69303
8.69303
8.69303
8.69303
8.69303
8.69303
6.56679
8.69303
8.69303
8.69303
8.69303
6.56679
8.69303
8.69303
8.69303
8.69303
6.56679
6.56679
8.69303
8.69303
8.69303
6.56679
6.56679
8.69303
8.69303
8.69303
8.69303
8.69303
8.69303
8.69303
8.69303
8.69303
8.69303
8.69303
6.56679
8.69303
8.69303
8.69303
8.69303
8.69303
8.69303
8.69303
8.69303
8.69303
6.56679
8.69303
8.69303
8.69303
8.69303
8.69303
6.56679
8.69303
8.69303
8.69303
8.69303
6.56679
8.69303
8.69303
8.69303
8.69303
8.69303
8.69303
8.69303
8.69303
8.69303
8.69303
6.56679
8.69303
8.69303
8.69303
6.56679
6.56679
8.69303
8.69303
8.69303
8.69303
6.56679
6.56679
8.69303
8.69303
8.69303
8.69303
8.69303
8.69303
8.69303
8.69303
8.69303
6.56679
8.69303
8.69303
8.69303
8.69303
6.56679
8.69303
8.69303
8.69303
8.69303
6.56679
6.56679
8.69303
8.69303
8.69303
8.69303
8.69303
8.69303
8.69303
8.69303
8.69303
6.56679
8.69303
8.69303
8.69303
8.69303
6.56679
8.69303
8.69303
8.69303
8.69303
8.69303
8.69303
8.69303
8.69303
8.69303
8.69303
8.69303
6.56679
8.69303
8.69303
8.69303
8.69303
8.69303
6.56679
8.69303
8.69303
8.69303
8.69303
8.69303
8.69303
8.69303
8.69303
8.69303
8.69303
8.69303
8.69303
8.69303
8.69303
8.69303
8.69303
6.56679
8.69303
8.69303
8.69303
8.69303
8.69303
8.69303
8.69303
8.69303
8.69303
8.69303
8.69303
6.56679
8.69303
8.69303
8.69303
8.69303
6.56679
8.69303
8.69303
8.69303
8.69303
8.69303
6.56679
6.56679
8.69303
8.69303
8.69303
8.69303
8.69303
8.69303
8.69303
8.69303
8.69303
6.56679
8.69303
8.69303
8.69303
8.69303
8.69303
6.56679
6.56679
8.69303
8.69303
8.69303
8.69303
8.69303
8.69303
8.69303
8.69303
8.69303
8.69303
8.69303
8.69303
8.69303
8.69303
6.56679
8.69303
8.69303
8.69303
8.69303
8.69303
8.69303
8.69303
8.69303
8.69303
8.69303
6.56679
8.69303
8.69303
8.69303
8.69303
8.69303
6.56679
6.56679
8.69303
8.69303
8.69303
6.56679
6.56679
8.69303
8.69303
8.69303
8.69303
6.56679
8.69303
8.69303
8.69303
8.69303
6.56679
8.69303
8.69303
8.69303
8.69303
6.56679
8.69303
8.69303
8.69303
8.69303
8.69303
8.69303
8.69303
8.69303
8.69303
8.69303
8.69303
8.69303
8.69303
8.69303
8.69303
8.69303
6.56679
8.69303
8.69303
8.69303
8.69303
8.69303
6.56679
6.56679
8.69303
8.69303
8.69303
6.56679
6.56679
8.69303
8.69303
8.69303
8.69303
8.69303
8.69303
8.69303
8.69303
8.69303
8.69303
6.56679
8.69303
8.69303
8.69303
8.69303
6.56679
8.69303
8.69303
8.69303
8.69303
8.69303
6.56679
8.69303
8.69303
8.69303
8.69303
8.69303
6.56679
6.56679
8.69303
8.69303
8.69303
8.69303
6.56679
8.69303
8.69303
8.69303
8.69303
8.69303
8.69303
8.69303
8.69303
8.69303
8.69303
8.69303
8.69303
8.69303
8.69303
8.69303
8.69303
8.69303
8.69303
8.69303
8.69303
6.56679
8.69303
8.69303
8.69303
8.69303
8.69303
6.56679
6.56679
8.69303
8.69303
8.69303
8.69303
8.69303
8.69303
8.69303
8.69303
8.69303
6.56679
8.69303
8.69303
8.69303
8.69303
8.69303
6.56679
8.69303
8.69303
8.69303
8.69303
8.69303
6.56679
8.69303
8.69303
8.69303
8.69303
6.56679
6.56679
8.69303
8.69303
8.69303
8.69303
6.56679
6.56679
8.69303
8.69303
8.69303
6.56679
6.56679
8.69303
8.69303
8.69303
8.69303
8.69303
8.69303
8.69303
8.69303
8.69303
8.69303
6.56679
8.69303
8.69303
8.69303
8.69303
6.56679
8.69303
8.69303
8.69303
8.69303
8.69303
6.56679
6.56679
8.69303
8.69303
8.69303
8.69303
6.56679
6.56679
8.69303
8.69303
8.69303
8.69303
8.69303
8.69303
8.69303
8.69303
8.69303
8.69303
8.69303
8.69303
8.69303
8.69303
8.69303
8.69303
8.69303
8.69303
8.69303
8.69303
6.56679
6.56679
8.69303
8.69303
8.69303
8.69303
8.69303
6.56679
8.69303
8.69303
8.69303
8.69303
8.69303
8.69303
8.69303
8.69303
8.69303
8.69303
8.69303
8.69303
8.69303
8.69303
8.69303
6.56679
8.69303
8.69303
8.69303
8.69303
8.69303
6.56679
6.56679
8.69303
8.69303
8.69303
6.56679
6.56679
8.69303
8.69303
8.69303
6.56679
6.56679
8.69303
8.69303
8.69303
6.56679
6.56679
8.69303
8.69303
8.69303
8.69303
8.69303
8.69303
8.69303
8.69303
8.69303
6.56679
8.69303
8.69303
8.69303
8.69303
8.69303
6.56679
8.69303
8.69303
8.69303
8.69303
6.56679
6.56679
8.69303
8.69303
8.69303
8.69303
8.69303
6.56679
8.69303
8.69303
8.69303
8.69303
8.69303
8.69303
8.69303
8.69303
8.69303
8.69303
8.69303
8.69303
8.69303
8.69303
6.56679
8.69303
8.69303
8.69303
8.69303
8.69303
6.56679
8.69303
8.69303
8.69303
8.69303
6.56679
8.69303
8.69303
8.69303
8.69303
8.69303
6.56679
6.56679
8.69303
8.69303
8.69303
8.69303
6.56679
8.69303
8.69303
8.69303
8.69303
8.69303
6.56679
8.69303
8.69303
8.69303
8.69303
6.56679
8.69303
8.69303
8.69303
8.69303
6.56679
8.69303
8.69303
8.69303
8.69303
8.69303
6.56679
6.56679
8.69303
8.69303
8.69303
8.69303
6.56679
8.69303
8.69303
8.69303
8.69303
6.56679
8.69303
8.69303
8.69303
8.69303
8.69303
8.69303
6.56679
8.69303
8.69303
8.69303
8.69303
6.56679
6.56679
8.69303
8.69303
8.69303
6.56679
6.56679
8.69303
8.69303
8.69303
8.69303
8.69303
8.69303
8.69303
8.69303
8.69303
8.69303
6.56679
8.69303
8.69303
8.69303
8.69303
6.56679
8.69303
8.69303
8.69303
8.69303
8.69303
6.56679
6.56679
8.69303
8.69303
8.69303
6.56679
6.56679
8.69303
8.69303
8.69303
8.69303
8.69303
8.69303
8.69303
8.69303
8.69303
8.69303
6.56679
8.69303
8.69303
8.69303
8.69303
6.56679
8.69303
8.69303
8.69303
8.69303
8.69303
6.56679
8.69303
8.69303
8.69303
8.69303
8.69303
8.69303
8.69303
8.69303
8.69303
8.69303
6.56679
8.69303
8.69303
8.69303
8.69303
6.56679
8.69303
8.69303
8.69303
8.69303
8.69303
6.56679
8.69303
8.69303
8.69303
8.69303
6.56679
8.69303
8.69303
8.69303
8.69303
8.69303
6.56679
8.69303
8.69303
8.69303
8.69303
8.69303
6.56679
8.69303
8.69303
8.69303
8.69303
6.56679
8.69303
8.69303
8.69303
8.69303
8.69303
8.69303
6.56679
8.69303
8.69303
8.69303
8.69303
6.56679
6.56679
8.69303
8.69303
8.69303
6.56679
6.56679
8.69303
8.69303
8.69303
8.69303
8.69303
8.69303
8.69303
8.69303
8.69303
8.69303
6.56679
8.69303
8.69303
8.69303
8.69303
8.69303
8.69303
8.69303
8.69303
8.69303
8.69303
8.69303
6.56679
8.69303
8.69303
8.69303
8.69303
8.69303
8.69303
8.69303
8.69303
8.69303
8.69303
8.69303
8.69303
8.69303
8.69303
8.69303
8.69303
6.56679
8.69303
8.69303
8.69303
8.69303
8.69303
8.69303
8.69303
8.69303
8.69303
8.69303
6.56679
8.69303
8.69303
8.69303
8.69303
8.69303
6.56679
8.69303
8.69303
8.69303
8.69303
6.56679
8.69303
8.69303
8.69303
8.69303
8.69303
6.56679
8.69303
8.69303
8.69303
8.69303
6.56679
8.69303
8.69303
8.69303
8.69303
8.69303
6.56679
8.69303
8.69303
8.69303
8.69303
8.69303
6.56679
8.69303
8.69303
8.69303
8.69303
6.56679
8.69303
8.69303
8.69303
8.69303
8.69303
6.56679
8.69303
8.69303
8.69303
8.69303
8.69303
6.56679
8.69303
8.69303
8.69303
8.69303
8.69303
6.56679
6.56679
8.69303
8.69303
8.69303
8.69303
8.69303
8.69303
8.69303
8.69303
8.69303
8.69303
8.69303
8.69303
8.69303
8.69303
8.69303
8.69303
6.56679
6.56679
8.69303
8.69303
8.69303
8.69303
8.69303
6.56679
8.69303
8.69303
8.69303
8.69303
8.69303
8.69303
8.69303
8.69303
8.69303
8.69303
6.56679
8.69303
8.69303
8.69303
8.69303
8.69303
6.56679
8.69303
8.69303
8.69303
8.69303
6.56679
8.69303
8.69303
8.69303
8.69303
8.69303
8.69303
8.69303
8.69303
8.69303
8.69303
8.69303
8.69303
6.56679
8.69303
8.69303
8.69303
8.69303
8.69303
6.56679
8.69303
8.69303
8.69303
8.69303
6.56679
6.56679
8.69303
8.69303
8.69303
8.69303
6.56679
6.56679
8.69303
8.69303
8.69303
8.69303
6.56679
8.69303
8.69303
8.69303
8.69303
8.69303
8.69303
8.69303
8.69303
8.69303
8.69303
6.56679
8.69303
8.69303
8.69303
8.69303
6.56679
8.69303
8.69303
8.69303
8.69303
8.69303
6.56679
8.69303
8.69303
8.69303
8.69303
8.69303
8.69303
8.69303
8.69303
8.69303
8.69303
8.69303
6.56679
8.69303
8.69303
8.69303
8.69303
6.56679
8.69303
8.69303
8.69303
8.69303
8.69303
6.56679
8.69303
8.69303
8.69303
8.69303
8.69303
6.56679
6.56679
8.69303
8.69303
8.69303
8.69303
8.69303
6.56679
8.69303
8.69303
8.69303
8.69303
6.56679
8.69303
8.69303
8.69303
8.69303
8.69303
6.56679
6.56679
8.69303
8.69303
8.69303
8.69303
8.69303
6.56679
8.69303
8.69303
8.69303
8.69303
8.69303
8.69303
8.69303
8.69303
8.69303
6.56679
8.69303
8.69303
8.69303
8.69303
8.69303
6.56679
8.69303
8.69303
8.69303
8.69303
8.69303
6.56679
6.56679
8.69303
8.69303
8.69303
8.69303
6.56679
6.56679
8.69303
8.69303
8.69303
6.56679
6.56679
8.69303
8.69303
8.69303
8.69303
8.69303
8.69303
8.69303
8.69303
8.69303
8.69303
8.69303
8.69303
8.69303
8.69303
8.69303
8.69303
6.56679
8.69303
8.69303
8.69303
8.69303
6.56679
8.69303
8.69303
8.69303
8.69303
8.69303
6.56679
8.69303
8.69303
8.69303
8.69303
6.56679
8.69303
8.69303
8.69303
8.69303
8.69303
8.69303
6.56679
8.69303
8.69303
8.69303
8.69303
8.69303
6.56679
8.69303
8.69303
8.69303
8.69303
8.69303
6.56679
8.69303
8.69303
8.69303
8.69303
8.69303
6.56679
6.56679
8.69303
8.69303
8.69303
8.69303
8.69303
8.69303
8.69303
8.69303
8.69303
8.69303
6.56679
6.56679
8.69303
8.69303
8.69303
8.69303
6.56679
6.56679
8.69303
8.69303
8.69303
8.69303
8.69303
8.69303
8.69303
8.69303
8.69303
8.69303
8.69303
6.56679
8.69303
8.69303
8.69303
8.69303
6.56679
8.69303
8.69303
8.69303
8.69303
8.69303
8.69303
8.69303
8.69303
8.69303
8.69303
8.69303
6.56679
8.69303
8.69303
8.69303
8.69303
8.69303
8.69303
8.69303
6.56679
8.69303
8.69303
8.69303
6.56679
6.56679
8.69303
8.69303
8.69303
8.69303
6.56679
6.56679
8.69303
8.69303
8.69303
8.69303
8.69303
8.69303
8.69303
8.69303
8.69303
6.56679
6.56679
8.69303
8.69303
8.69303
8.69303
8.69303
6.56679
8.69303
8.69303
8.69303
8.69303
8.69303
6.56679
8.69303
8.69303
8.69303
8.69303
8.69303
6.56679
8.69303
8.69303
8.69303
8.69303
8.69303
6.56679
8.69303
8.69303
8.69303
8.69303
8.69303
6.56679
8.69303
8.69303
8.69303
8.69303
8.69303
6.56679
6.56679
8.69303
8.69303
8.69303
8.69303
8.69303
8.69303
6.56679
8.69303
8.69303
8.69303
8.69303
8.69303
6.56679
8.69303
8.69303
8.69303
8.69303
6.56679
8.69303
8.69303
8.69303
8.69303
8.69303
6.56679
8.69303
8.69303
8.69303
8.69303
8.69303
8.69303
8.69303
8.69303
8.69303
8.69303
6.56679
8.69303
8.69303
8.69303
8.69303
8.69303
8.69303
8.69303
8.69303
8.69303
8.69303
6.56679
8.69303
8.69303
8.69303
8.69303
8.69303
6.56679
8.69303
8.69303
8.69303
8.69303
8.69303
6.56679
8.69303
8.69303
8.69303
8.69303
8.69303
6.56679
8.69303
8.69303
8.69303
8.69303
8.69303
8.69303
8.69303
8.69303
8.69303
8.69303
8.69303
6.56679
8.69303
8.69303
8.69303
8.69303
8.69303
8.69303
8.69303
8.69303
8.69303
8.69303
8.69303
8.69303
8.69303
8.69303
8.69303
8.69303
6.56679
8.69303
8.69303
8.69303
8.69303
8.69303
8.69303
8.69303
8.69303
8.69303
8.69303
8.69303
8.69303
8.69303
8.69303
8.69303
8.69303
6.56679
8.69303
8.69303
8.69303
8.69303
6.56679
8.69303
8.69303
8.69303
8.69303
8.69303
6.56679
8.69303
8.69303
8.69303
8.69303
8.69303
6.56679
8.69303
8.69303
8.69303
8.69303
8.69303
6.56679
8.69303
8.69303
8.69303
8.69303
8.69303
8.69303
6.56679
8.69303
8.69303
8.69303
6.56679
8.69303
8.69303
8.69303
8.69303
8.69303
6.56679
6.56679
8.69303
8.69303
8.69303
8.69303
8.69303
6.56679
8.69303
8.69303
8.69303
8.69303
6.56679
6.56679
8.69303
8.69303
8.69303
8.69303
8.69303
6.56679
8.69303
8.69303
8.69303
8.69303
8.69303
8.69303
8.69303
8.69303
8.69303
6.56679
8.69303
8.69303
8.69303
8.69303
8.69303
6.56679
6.56679
8.69303
8.69303
8.69303
6.56679
8.69303
8.69303
8.69303
8.69303
8.69303
8.69303
8.69303
8.69303
8.69303
8.69303
8.69303
6.56679
8.69303
8.69303
8.69303
8.69303
6.56679
8.69303
8.69303
8.69303
8.69303
8.69303
6.56679
6.56679
8.69303
8.69303
8.69303
8.69303
8.69303
6.56679
8.69303
8.69303
8.69303
8.69303
8.69303
8.69303
8.69303
8.69303
8.69303
8.69303
8.69303
8.69303
8.69303
8.69303
8.69303
6.56679
6.56679
8.69303
8.69303
8.69303
8.69303
8.69303
8.69303
8.69303
8.69303
8.69303
8.69303
8.69303
8.69303
8.69303
8.69303
6.56679
8.69303
8.69303
8.69303
8.69303
8.69303
6.56679
8.69303
8.69303
8.69303
8.69303
8.69303
6.56679
8.69303
8.69303
8.69303
8.69303
8.69303
8.69303
6.56679
8.69303
8.69303
8.69303
8.69303
8.69303
8.69303
8.69303
8.69303
8.69303
8.69303
8.69303
8.69303
8.69303
8.69303
8.69303
6.56679
8.69303
8.69303
8.69303
8.69303
8.69303
6.56679
6.56679
8.69303
8.69303
8.69303
8.69303
8.69303
6.56679
8.69303
8.69303
8.69303
8.69303
8.69303
8.69303
8.69303
8.69303
8.69303
8.69303
6.56679
8.69303
8.69303
8.69303
8.69303
8.69303
6.56679
8.69303
8.69303
8.69303
8.69303
6.56679
6.56679
8.69303
8.69303
8.69303
8.69303
6.56679
6.56679
8.69303
8.69303
8.69303
8.69303
8.69303
8.69303
8.69303
8.69303
8.69303
8.69303
6.56679
8.69303
8.69303
8.69303
8.69303
8.69303
6.56679
6.56679
8.69303
8.69303
8.69303
8.69303
8.69303
8.69303
8.69303
8.69303
8.69303
8.69303
6.56679
8.69303
8.69303
8.69303
8.69303
8.69303
6.56679
8.69303
8.69303
8.69303
8.69303
8.69303
6.56679
8.69303
8.69303
8.69303
8.69303
6.56679
8.69303
8.69303
8.69303
8.69303
8.69303
6.56679
8.69303
8.69303
8.69303
8.69303
8.69303
8.69303
6.56679
6.56679
8.69303
8.69303
8.69303
8.69303
8.69303
8.69303
8.69303
8.69303
8.69303
8.69303
6.56679
8.69303
8.69303
8.69303
8.69303
8.69303
8.69303
8.69303
8.69303
8.69303
8.69303
6.56679
8.69303
8.69303
8.69303
8.69303
8.69303
8.69303
6.56679
8.69303
8.69303
8.69303
8.69303
8.69303
6.56679
8.69303
8.69303
8.69303
8.69303
8.69303
6.56679
8.69303
8.69303
8.69303
8.69303
8.69303
6.56679
6.56679
8.69303
8.69303
8.69303
8.69303
6.56679
6.56679
8.69303
8.69303
8.69303
8.69303
8.69303
6.56679
8.69303
8.69303
8.69303
6.56679
6.56679
8.69303
8.69303
8.69303
8.69303
8.69303
8.69303
6.56679
8.69303
8.69303
8.69303
8.69303
6.56679
8.69303
8.69303
8.69303
8.69303
8.69303
8.69303
8.69303
8.69303
8.69303
8.69303
8.69303
6.56679
8.69303
8.69303
8.69303
8.69303
6.56679
8.69303
8.69303
8.69303
8.69303
8.69303
8.69303
8.69303
8.69303
8.69303
8.69303
8.69303
6.56679
8.69303
8.69303
8.69303
8.69303
8.69303
6.56679
6.56679
8.69303
8.69303
8.69303
6.56679
6.56679
8.69303
8.69303
8.69303
8.69303
6.56679
6.56679
8.69303
8.69303
8.69303
8.69303
8.69303
6.56679
8.69303
8.69303
8.69303
8.69303
8.69303
8.69303
8.69303
8.69303
8.69303
8.69303
8.69303
6.56679
8.69303
8.69303
8.69303
8.69303
8.69303
8.69303
8.69303
8.69303
8.69303
8.69303
8.69303
8.69303
8.69303
8.69303
8.69303
8.69303
8.69303
8.69303
8.69303
8.69303
8.69303
6.56679
8.69303
8.69303
8.69303
8.69303
8.69303
6.56679
8.69303
8.69303
8.69303
8.69303
8.69303
6.56679
8.69303
8.69303
8.69303
8.69303
8.69303
6.56679
8.69303
8.69303
8.69303
8.69303
8.69303
6.56679
6.56679
8.69303
8.69303
8.69303
8.69303
6.56679
6.56679
8.69303
8.69303
8.69303
8.69303
8.69303
6.56679
8.69303
8.69303
8.69303
8.69303
8.69303
8.69303
8.69303
8.69303
8.69303
8.69303
8.69303
8.69303
8.69303
8.69303
8.69303
8.69303
6.56679
8.69303
8.69303
8.69303
8.69303
8.69303
6.56679
8.69303
8.69303
8.69303
8.69303
8.69303
6.56679
8.69303
8.69303
8.69303
8.69303
8.69303
6.56679
8.69303
8.69303
8.69303
8.69303
8.69303
8.69303
8.69303
8.69303
8.69303
8.69303
8.69303
8.69303
6.56679
8.69303
8.69303
8.69303
8.69303
8.69303
8.69303
8.69303
8.69303
8.69303
8.69303
6.56679
8.69303
8.69303
8.69303
8.69303
8.69303
6.56679
8.69303
8.69303
8.69303
8.69303
8.69303
6.56679
8.69303
8.69303
8.69303
8.69303
8.69303
6.56679
8.69303
8.69303
8.69303
8.69303
8.69303
6.56679
6.56679
8.69303
8.69303
8.69303
8.69303
8.69303
6.56679
6.56679
8.69303
8.69303
8.69303
6.56679
6.56679
8.69303
8.69303
8.69303
8.69303
8.69303
6.56679
8.69303
8.69303
8.69303
8.69303
8.69303
6.56679
8.69303
8.69303
8.69303
8.69303
8.69303
8.69303
8.69303
8.69303
8.69303
8.69303
8.69303
8.69303
8.69303
8.69303
8.69303
8.69303
8.69303
8.69303
8.69303
8.69303
8.69303
8.69303
6.56679
8.69303
8.69303
8.69303
8.69303
8.69303
8.69303
6.56679
8.69303
8.69303
8.69303
8.69303
8.69303
6.56679
6.56679
8.69303
8.69303
8.69303
6.56679
8.69303
8.69303
8.69303
8.69303
8.69303
8.69303
8.69303
8.69303
8.69303
8.69303
8.69303
8.69303
8.69303
8.69303
8.69303
8.69303
8.69303
8.69303
8.69303
8.69303
8.69303
8.69303
8.69303
8.69303
6.56679
6.56679
8.69303
8.69303
8.69303
8.69303
6.56679
6.56679
8.69303
8.69303
8.69303
8.69303
6.56679
6.56679
8.69303
8.69303
8.69303
8.69303
8.69303
6.56679
8.69303
8.69303
8.69303
8.69303
8.69303
6.56679
8.69303
8.69303
8.69303
8.69303
8.69303
8.69303
8.69303
8.69303
8.69303
6.56679
8.69303
8.69303
8.69303
8.69303
8.69303
8.69303
6.56679
6.56679
8.69303
8.69303
8.69303
8.69303
8.69303
6.56679
8.69303
8.69303
8.69303
8.69303
6.56679
8.69303
8.69303
8.69303
8.69303
8.69303
6.56679
8.69303
8.69303
8.69303
8.69303
8.69303
6.56679
8.69303
8.69303
8.69303
8.69303
8.69303
6.56679
8.69303
8.69303
8.69303
8.69303
8.69303
6.56679
8.69303
8.69303
8.69303
8.69303
8.69303
6.56679
8.69303
8.69303
8.69303
8.69303
8.69303
8.69303
6.56679
6.56679
8.69303
8.69303
8.69303
8.69303
8.69303
8.69303
8.69303
8.69303
8.69303
8.69303
8.69303
6.56679
8.69303
8.69303
8.69303
8.69303
8.69303
8.69303
8.69303
8.69303
8.69303
8.69303
6.56679
8.69303
8.69303
8.69303
8.69303
8.69303
6.56679
8.69303
8.69303
8.69303
8.69303
8.69303
6.56679
8.69303
8.69303
8.69303
8.69303
8.69303
6.56679
6.56679
8.69303
8.69303
8.69303
8.69303
8.69303
8.69303
8.69303
8.69303
8.69303
8.69303
8.69303
8.69303
6.56679
8.69303
8.69303
8.69303
8.69303
6.56679
8.69303
8.69303
8.69303
8.69303
8.69303
6.56679
8.69303
8.69303
8.69303
8.69303
8.69303
6.56679
8.69303
8.69303
8.69303
8.69303
8.69303
6.56679
8.69303
8.69303
8.69303
8.69303
8.69303
6.56679
8.69303
8.69303
8.69303
8.69303
8.69303
6.56679
6.56679
8.69303
8.69303
8.69303
8.69303
6.56679
6.56679
8.69303
8.69303
8.69303
8.69303
8.69303
6.56679
8.69303
8.69303
8.69303
8.69303
8.69303
8.69303
8.69303
8.69303
8.69303
8.69303
8.69303
6.56679
8.69303
8.69303
8.69303
8.69303
6.56679
8.69303
8.69303
8.69303
8.69303
8.69303
8.69303
6.56679
8.69303
8.69303
8.69303
8.69303
8.69303
6.56679
8.69303
8.69303
8.69303
8.69303
8.69303
6.56679
8.69303
8.69303
8.69303
8.69303
6.56679
8.69303
8.69303
8.69303
8.69303
8.69303
8.69303
6.56679
6.56679
8.69303
8.69303
8.69303
8.69303
8.69303
6.56679
8.69303
8.69303
8.69303
8.69303
8.69303
8.69303
8.69303
8.69303
8.69303
8.69303
8.69303
8.69303
8.69303
8.69303
8.69303
8.69303
6.56679
8.69303
8.69303
8.69303
8.69303
8.69303
6.56679
8.69303
8.69303
8.69303
8.69303
8.69303
8.69303
8.69303
6.56679
8.69303
8.69303
8.69303
8.69303
6.56679
6.56679
8.69303
8.69303
8.69303
8.69303
8.69303
6.56679
8.69303
8.69303
8.69303
8.69303
8.69303
8.69303
8.69303
8.69303
8.69303
8.69303
8.69303
8.69303
8.69303
8.69303
8.69303
8.69303
8.69303
8.69303
8.69303
8.69303
8.69303
8.69303
6.56679
8.69303
8.69303
8.69303
8.69303
8.69303
6.56679
8.69303
8.69303
8.69303
8.69303
8.69303
8.69303
6.56679
8.69303
8.69303
8.69303
8.69303
8.69303
6.56679
6.56679
8.69303
8.69303
8.69303
8.69303
8.69303
6.56679
8.69303
8.69303
8.69303
8.69303
6.56679
6.56679
8.69303
8.69303
8.69303
8.69303
8.69303
8.69303
8.69303
8.69303
8.69303
8.69303
8.69303
6.56679
8.69303
8.69303
8.69303
8.69303
8.69303
8.69303
8.69303
8.69303
8.69303
8.69303
8.69303
6.56679
8.69303
8.69303
8.69303
8.69303
8.69303
6.56679
8.69303
8.69303
8.69303
8.69303
8.69303
6.56679
8.69303
8.69303
8.69303
8.69303
8.69303
6.56679
8.69303
8.69303
8.69303
8.69303
8.69303
6.56679
8.69303
8.69303
8.69303
8.69303
8.69303
8.69303
8.69303
8.69303
8.69303
8.69303
8.69303
6.56679
8.69303
8.69303
8.69303
8.69303
8.69303
8.69303
6.56679
8.69303
8.69303
8.69303
8.69303
8.69303
6.56679
6.56679
8.69303
8.69303
8.69303
8.69303
6.56679
8.69303
8.69303
8.69303
8.69303
8.69303
6.56679
6.56679
8.69303
8.69303
8.69303
8.69303
8.69303
6.56679
8.69303
8.69303
8.69303
8.69303
6.56679
6.56679
8.69303
8.69303
8.69303
8.69303
8.69303
6.56679
8.69303
8.69303
8.69303
8.69303
6.56679
8.69303
8.69303
8.69303
8.69303
8.69303
8.69303
8.69303
8.69303
8.69303
8.69303
8.69303
6.56679
8.69303
8.69303
8.69303
8.69303
8.69303
6.56679
8.69303
8.69303
8.69303
8.69303
8.69303
6.56679
8.69303
8.69303
8.69303
8.69303
8.69303
6.56679
8.69303
8.69303
8.69303
8.69303
8.69303
6.56679
8.69303
8.69303
8.69303
8.69303
8.69303
6.56679
6.56679
8.69303
8.69303
8.69303
8.69303
6.56679
6.56679
8.69303
8.69303
8.69303
8.69303
8.69303
8.69303
8.69303
8.69303
8.69303
8.69303
6.56679
8.69303
8.69303
8.69303
8.69303
8.69303
6.56679
8.69303
8.69303
8.69303
8.69303
8.69303
8.69303
6.56679
8.69303
8.69303
8.69303
8.69303
8.69303
8.69303
8.69303
8.69303
8.69303
8.69303
6.56679
8.69303
8.69303
8.69303
8.69303
8.69303
8.69303
8.69303
8.69303
8.69303
8.69303
8.69303
6.56679
8.69303
8.69303
8.69303
8.69303
8.69303
8.69303
6.56679
6.56679
8.69303
8.69303
8.69303
8.69303
6.56679
8.69303
8.69303
8.69303
8.69303
6.56679
8.69303
8.69303
8.69303
8.69303
8.69303
8.69303
6.56679
6.56679
8.69303
8.69303
8.69303
8.69303
8.69303
8.69303
8.69303
8.69303
8.69303
8.69303
6.56679
6.56679
8.69303
8.69303
8.69303
8.69303
6.56679
6.56679
8.69303
8.69303
8.69303
8.69303
6.56679
8.69303
8.69303
8.69303
8.69303
8.69303
8.69303
6.56679
6.56679
8.69303
8.69303
8.69303
8.69303
8.69303
6.56679
8.69303
8.69303
8.69303
8.69303
8.69303
8.69303
8.69303
8.69303
8.69303
8.69303
6.56679
8.69303
8.69303
8.69303
8.69303
8.69303
8.69303
6.56679
6.56679
8.69303
8.69303
8.69303
8.69303
8.69303
8.69303
8.69303
8.69303
8.69303
8.69303
6.56679
8.69303
8.69303
8.69303
8.69303
8.69303
6.56679
8.69303
8.69303
8.69303
8.69303
8.69303
8.69303
6.56679
8.69303
8.69303
8.69303
8.69303
6.56679
8.69303
8.69303
8.69303
8.69303
8.69303
6.56679
8.69303
8.69303
8.69303
8.69303
8.69303
6.56679
6.56679
8.69303
8.69303
8.69303
8.69303
8.69303
6.56679
8.69303
8.69303
8.69303
8.69303
8.69303
6.56679
8.69303
8.69303
8.69303
8.69303
8.69303
8.69303
8.69303
8.69303
8.69303
8.69303
8.69303
6.56679
8.69303
8.69303
8.69303
8.69303
6.56679
8.69303
8.69303
8.69303
8.69303
8.69303
6.56679
8.69303
8.69303
8.69303
8.69303
8.69303
6.56679
8.69303
8.69303
8.69303
8.69303
8.69303
6.56679
8.69303
8.69303
8.69303
8.69303
8.69303
6.56679
8.69303
8.69303
8.69303
8.69303
8.69303
6.56679
8.69303
8.69303
8.69303
8.69303
8.69303
8.69303
8.69303
8.69303
8.69303
8.69303
8.69303
8.69303
8.69303
8.69303
8.69303
8.69303
8.69303
8.69303
8.69303
6.56679
8.69303
8.69303
8.69303
8.69303
6.56679
8.69303
8.69303
8.69303
8.69303
8.69303
8.69303
6.56679
6.56679
8.69303
8.69303
8.69303
8.69303
6.56679
6.56679
8.69303
8.69303
8.69303
8.69303
8.69303
8.69303
8.69303
8.69303
8.69303
8.69303
8.69303
6.56679
8.69303
8.69303
8.69303
8.69303
8.69303
8.69303
8.69303
8.69303
8.69303
8.69303
6.56679
8.69303
8.69303
8.69303
8.69303
8.69303
6.56679
8.69303
8.69303
8.69303
8.69303
8.69303
6.56679
8.69303
8.69303
8.69303
8.69303
8.69303
6.56679
8.69303
8.69303
8.69303
8.69303
8.69303
6.56679
6.56679
8.69303
8.69303
8.69303
6.56679
8.69303
8.69303
8.69303
8.69303
8.69303
6.56679
8.69303
8.69303
8.69303
8.69303
8.69303
8.69303
8.69303
8.69303
8.69303
8.69303
8.69303
8.69303
8.69303
8.69303
8.69303
8.69303
8.69303
8.69303
8.69303
8.69303
8.69303
6.56679
8.69303
8.69303
8.69303
8.69303
8.69303
8.69303
6.56679
8.69303
8.69303
8.69303
8.69303
8.69303
6.56679
8.69303
8.69303
8.69303
8.69303
8.69303
6.56679
8.69303
8.69303
8.69303
8.69303
6.56679
8.69303
8.69303
8.69303
8.69303
8.69303
6.56679
8.69303
8.69303
8.69303
8.69303
8.69303
6.56679
8.69303
8.69303
8.69303
8.69303
8.69303
8.69303
6.56679
6.56679
8.69303
8.69303
8.69303
8.69303
6.56679
6.56679
8.69303
8.69303
8.69303
8.69303
8.69303
6.56679
8.69303
8.69303
8.69303
8.69303
8.69303
8.69303
8.69303
8.69303
8.69303
8.69303
6.56679
8.69303
8.69303
8.69303
8.69303
8.69303
6.56679
8.69303
8.69303
8.69303
8.69303
6.56679
8.69303
8.69303
8.69303
8.69303
8.69303
6.56679
8.69303
8.69303
8.69303
8.69303
8.69303
6.56679
8.69303
8.69303
8.69303
8.69303
8.69303
6.56679
8.69303
8.69303
8.69303
8.69303
8.69303
6.56679
8.69303
8.69303
8.69303
8.69303
8.69303
6.56679
8.69303
8.69303
8.69303
8.69303
8.69303
8.69303
6.56679
6.56679
8.69303
8.69303
8.69303
8.69303
8.69303
6.56679
8.69303
8.69303
8.69303
8.69303
8.69303
6.56679
8.69303
8.69303
8.69303
8.69303
6.56679
8.69303
8.69303
8.69303
8.69303
8.69303
8.69303
8.69303
8.69303
8.69303
8.69303
8.69303
8.69303
8.69303
8.69303
8.69303
8.69303
8.69303
6.56679
8.69303
8.69303
8.69303
8.69303
8.69303
6.56679
8.69303
8.69303
8.69303
8.69303
8.69303
6.56679
8.69303
8.69303
8.69303
8.69303
8.69303
6.56679
8.69303
8.69303
8.69303
8.69303
8.69303
6.56679
8.69303
8.69303
8.69303
8.69303
8.69303
6.56679
6.56679
8.69303
8.69303
8.69303
8.69303
6.56679
6.56679
8.69303
8.69303
8.69303
8.69303
6.56679
6.56679
8.69303
8.69303
8.69303
8.69303
8.69303
8.69303
8.69303
8.69303
8.69303
8.69303
8.69303
6.56679
8.69303
8.69303
8.69303
8.69303
6.56679
8.69303
8.69303
8.69303
8.69303
6.56679
8.69303
8.69303
8.69303
8.69303
8.69303
6.56679
8.69303
8.69303
8.69303
8.69303
8.69303
8.69303
8.69303
8.69303
8.69303
8.69303
8.69303
8.69303
8.69303
8.69303
8.69303
8.69303
8.69303
8.69303
8.69303
8.69303
8.69303
8.69303
8.69303
8.69303
6.56679
8.69303
8.69303
8.69303
8.69303
8.69303
6.56679
8.69303
8.69303
8.69303
8.69303
6.56679
8.69303
8.69303
8.69303
8.69303
8.69303
6.56679
8.69303
8.69303
8.69303
8.69303
8.69303
6.56679
8.69303
8.69303
8.69303
8.69303
8.69303
6.56679
8.69303
8.69303
8.69303
8.69303
6.56679
8.69303
8.69303
8.69303
8.69303
8.69303
6.56679
8.69303
8.69303
8.69303
8.69303
8.69303
6.56679
8.69303
8.69303
8.69303
8.69303
8.69303
6.56679
8.69303
8.69303
8.69303
8.69303
8.69303
6.56679
6.56679
8.69303
8.69303
8.69303
8.69303
8.69303
8.69303
6.56679
8.69303
8.69303
8.69303
8.69303
6.56679
8.69303
8.69303
8.69303
8.69303
8.69303
6.56679
8.69303
8.69303
8.69303
8.69303
8.69303
6.56679
8.69303
8.69303
8.69303
8.69303
8.69303
8.69303
8.69303
8.69303
8.69303
8.69303
6.56679
8.69303
8.69303
8.69303
8.69303
8.69303
6.56679
8.69303
8.69303
8.69303
8.69303
8.69303
8.69303
6.56679
8.69303
8.69303
8.69303
8.69303
6.56679
8.69303
8.69303
8.69303
8.69303
8.69303
8.69303
6.56679
8.69303
8.69303
8.69303
8.69303
6.56679
8.69303
8.69303
8.69303
8.69303
8.69303
8.69303
8.69303
8.69303
8.69303
8.69303
8.69303
6.56679
6.56679
8.69303
8.69303
8.69303
8.69303
6.56679
8.69303
8.69303
8.69303
8.69303
6.56679
8.69303
8.69303
8.69303
8.69303
8.69303
8.69303
8.69303
8.69303
8.69303
8.69303
8.69303
6.56679
6.56679
8.69303
8.69303
8.69303
8.69303
8.69303
8.69303
8.69303
8.69303
8.69303
8.69303
6.56679
6.56679
8.69303
8.69303
8.69303
8.69303
6.56679
8.69303
8.69303
8.69303
8.69303
6.56679
6.56679
8.69303
8.69303
8.69303
8.69303
8.69303
8.69303
8.69303
8.69303
8.69303
8.69303
6.56679
6.56679
8.69303
8.69303
8.69303
8.69303
6.56679
8.69303
8.69303
8.69303
8.69303
8.69303
8.69303
8.69303
8.69303
8.69303
8.69303
8.69303
8.69303
6.56679
6.56679
8.69303
8.69303
8.69303
8.69303
6.56679
8.69303
8.69303
8.69303
8.69303
8.69303
8.69303
8.69303
8.69303
8.69303
8.69303
6.56679
8.69303
8.69303
8.69303
8.69303
8.69303
8.69303
6.56679
8.69303
8.69303
8.69303
8.69303
6.56679
8.69303
8.69303
8.69303
8.69303
8.69303
6.56679
8.69303
8.69303
8.69303
8.69303
8.69303
6.56679
6.56679
8.69303
8.69303
8.69303
8.69303
6.56679
8.69303
8.69303
8.69303
8.69303
8.69303
8.69303
8.69303
8.69303
8.69303
8.69303
8.69303
6.56679
8.69303
8.69303
8.69303
8.69303
8.69303
8.69303
8.69303
8.69303
8.69303
8.69303
8.69303
6.56679
6.56679
8.69303
8.69303
8.69303
8.69303
6.56679
8.69303
8.69303
8.69303
8.69303
8.69303
8.69303
6.56679
8.69303
8.69303
8.69303
8.69303
6.56679
8.69303
8.69303
8.69303
8.69303
8.69303
8.69303
8.69303
8.69303
8.69303
8.69303
6.56679
8.69303
8.69303
8.69303
8.69303
8.69303
8.69303
6.56679
8.69303
8.69303
8.69303
8.69303
6.56679
8.69303
8.69303
8.69303
8.69303
8.69303
8.69303
8.69303
8.69303
8.69303
8.69303
8.69303
6.56679
6.56679
8.69303
8.69303
8.69303
8.69303
6.56679
8.69303
8.69303
8.69303
8.69303
8.69303
8.69303
6.56679
8.69303
8.69303
8.69303
8.69303
6.56679
6.56679
8.69303
8.69303
8.69303
8.69303
8.69303
8.69303
8.69303
8.69303
8.69303
6.56679
8.69303
8.69303
8.69303
8.69303
8.69303
8.69303
6.56679
8.69303
8.69303
8.69303
6.56679
8.69303
8.69303
8.69303
8.69303
8.69303
8.69303
6.56679
8.69303
8.69303
8.69303
8.69303
6.56679
8.69303
8.69303
8.69303
8.69303
8.69303
8.69303
8.69303
8.69303
8.69303
8.69303
8.69303
6.56679
8.69303
8.69303
8.69303
8.69303
8.69303
8.69303
8.69303
8.69303
8.69303
8.69303
8.69303
6.56679
8.69303
8.69303
8.69303
8.69303
8.69303
8.69303
8.69303
8.69303
8.69303
8.69303
8.69303
6.56679
6.56679
8.69303
8.69303
8.69303
8.69303
6.56679
8.69303
8.69303
8.69303
8.69303
8.69303
8.69303
8.69303
8.69303
8.69303
8.69303
8.69303
6.56679
6.56679
8.69303
8.69303
8.69303
8.69303
8.69303
8.69303
8.69303
8.69303
8.69303
6.56679
8.69303
8.69303
8.69303
8.69303
8.69303
8.69303
8.69303
8.69303
8.69303
8.69303
6.56679
8.69303
8.69303
8.69303
8.69303
8.69303
8.69303
8.69303
8.69303
8.69303
8.69303
8.69303
8.69303
6.56679
8.69303
8.69303
8.69303
8.69303
8.69303
6.56679
6.56679
8.69303
8.69303
8.69303
8.69303
6.56679
8.69303
8.69303
8.69303
8.69303
8.69303
6.56679
6.56679
8.69303
8.69303
8.69303
8.69303
6.56679
8.69303
8.69303
8.69303
8.69303
8.69303
8.69303
8.69303
8.69303
8.69303
8.69303
6.56679
6.56679
8.69303
8.69303
8.69303
8.69303
6.56679
8.69303
8.69303
8.69303
8.69303
8.69303
6.56679
6.56679
8.69303
8.69303
8.69303
8.69303
8.69303
6.56679
8.69303
8.69303
8.69303
8.69303
6.56679
8.69303
8.69303
8.69303
8.69303
6.56679
8.69303
8.69303
8.69303
8.69303
8.69303
8.69303
8.69303
8.69303
8.69303
8.69303
8.69303
8.69303
6.56679
8.69303
8.69303
8.69303
8.69303
8.69303
8.69303
8.69303
8.69303
8.69303
8.69303
8.69303
6.56679
8.69303
8.69303
8.69303
8.69303
8.69303
8.69303
8.69303
8.69303
8.69303
6.56679
8.69303
8.69303
8.69303
8.69303
8.69303
8.69303
8.69303
8.69303
8.69303
8.69303
8.69303
6.56679
8.69303
8.69303
8.69303
8.69303
6.56679
8.69303
8.69303
8.69303
8.69303
8.69303
8.69303
6.56679
8.69303
8.69303
8.69303
8.69303
8.69303
8.69303
8.69303
8.69303
8.69303
6.56679
6.56679
8.69303
8.69303
8.69303
8.69303
8.69303
8.69303
8.69303
8.69303
8.69303
8.69303
6.56679
6.56679
8.69303
8.69303
8.69303
8.69303
8.69303
8.69303
8.69303
8.69303
8.69303
8.69303
6.56679
8.69303
8.69303
8.69303
8.69303
8.69303
8.69303
8.69303
8.69303
8.69303
8.69303
8.69303
6.56679
8.69303
8.69303
8.69303
8.69303
8.69303
6.56679
8.69303
8.69303
8.69303
8.69303
6.56679
8.69303
8.69303
8.69303
8.69303
8.69303
6.56679
6.56679
8.69303
8.69303
8.69303
8.69303
6.56679
6.56679
8.69303
8.69303
8.69303
8.69303
8.69303
6.56679
8.69303
8.69303
8.69303
6.56679
8.69303
8.69303
8.69303
8.69303
8.69303
6.56679
6.56679
8.69303
8.69303
8.69303
8.69303
8.69303
8.69303
8.69303
8.69303
8.69303
8.69303
6.56679
8.69303
8.69303
8.69303
8.69303
6.56679
6.56679
8.69303
8.69303
8.69303
8.69303
8.69303
6.56679
8.69303
8.69303
8.69303
8.69303
8.69303
6.56679
6.56679
8.69303
8.69303
8.69303
8.69303
8.69303
8.69303
8.69303
8.69303
8.69303
8.69303
8.69303
6.56679
6.56679
8.69303
8.69303
8.69303
8.69303
6.56679
8.69303
8.69303
8.69303
8.69303
8.69303
6.56679
6.56679
8.69303
8.69303
8.69303
8.69303
8.69303
6.56679
8.69303
8.69303
8.69303
8.69303
8.69303
8.69303
8.69303
8.69303
8.69303
8.69303
8.69303
6.56679
8.69303
8.69303
8.69303
8.69303
8.69303
8.69303
6.56679
8.69303
8.69303
8.69303
8.69303
6.56679
8.69303
8.69303
8.69303
8.69303
8.69303
6.56679
8.69303
8.69303
8.69303
8.69303
8.69303
6.56679
8.69303
8.69303
8.69303
8.69303
6.56679
8.69303
8.69303
8.69303
8.69303
8.69303
6.56679
6.56679
8.69303
8.69303
8.69303
8.69303
6.56679
8.69303
8.69303
8.69303
8.69303
8.69303
6.56679
6.56679
8.69303
8.69303
8.69303
8.69303
8.69303
8.69303
8.69303
8.69303
8.69303
8.69303
6.56679
6.56679
8.69303
8.69303
8.69303
8.69303
8.69303
8.69303
8.69303
8.69303
8.69303
8.69303
6.56679
6.56679
8.69303
8.69303
8.69303
8.69303
8.69303
8.69303
8.69303
8.69303
8.69303
8.69303
6.56679
6.56679
8.69303
8.69303
8.69303
8.69303
8.69303
6.56679
8.69303
8.69303
8.69303
8.69303
8.69303
8.69303
8.69303
8.69303
8.69303
8.69303
6.56679
8.69303
8.69303
8.69303
8.69303
8.69303
8.69303
8.69303
8.69303
8.69303
8.69303
8.69303
8.69303
6.56679
6.56679
8.69303
8.69303
8.69303
8.69303
6.56679
8.69303
8.69303
8.69303
8.69303
8.69303
8.69303
6.56679
8.69303
8.69303
8.69303
8.69303
6.56679
8.69303
8.69303
8.69303
8.69303
8.69303
8.69303
6.56679
8.69303
8.69303
8.69303
8.69303
8.69303
8.69303
8.69303
8.69303
8.69303
6.56679
8.69303
8.69303
8.69303
8.69303
8.69303
6.56679
6.56679
8.69303
8.69303
8.69303
8.69303
8.69303
6.56679
6.56679
8.69303
8.69303
8.69303
8.69303
6.56679
8.69303
8.69303
8.69303
8.69303
8.69303
6.56679
6.56679
8.69303
8.69303
8.69303
8.69303
8.69303
6.56679
6.56679
8.69303
8.69303
8.69303
8.69303
6.56679
8.69303
8.69303
8.69303
8.69303
8.69303
8.69303
8.69303
8.69303
8.69303
8.69303
8.69303
8.69303
6.56679
8.69303
8.69303
8.69303
8.69303
8.69303
8.69303
8.69303
8.69303
8.69303
8.69303
8.69303
6.56679
8.69303
8.69303
8.69303
8.69303
8.69303
6.56679
6.56679
6.56679
6.56679
6.56679
6.56679
6.56679
6.56679
6.56679
6.56679
6.56679
6.56679
6.56679
6.56679
8.69303
8.69303
8.69303
8.69303
8.69303
6.56679
6.56679
8.69303
8.69303
8.69303
8.69303
8.69303
8.69303
8.69303
8.69303
8.69303
8.69303
8.69303
6.56679
6.56679
8.69303
8.69303
8.69303
8.69303
6.56679
8.69303
8.69303
8.69303
8.69303
8.69303
6.56679
8.69303
8.69303
8.69303
8.69303
8.69303
6.56679
8.69303
8.69303
8.69303
8.69303
8.69303
8.69303
6.56679
8.69303
8.69303
8.69303
8.69303
8.69303
6.56679
8.69303
8.69303
8.69303
8.69303
8.69303
8.69303
8.69303
8.69303
8.69303
8.69303
8.69303
6.56679
6.56679
8.69303
8.69303
8.69303
8.69303
8.69303
8.69303
8.69303
8.69303
8.69303
8.69303
6.56679
6.56679
8.69303
8.69303
8.69303
8.69303
8.69303
8.69303
8.69303
8.69303
8.69303
8.69303
6.56679
8.69303
8.69303
8.69303
8.69303
8.69303
8.69303
8.69303
8.69303
8.69303
8.69303
8.69303
8.69303
8.69303
8.69303
8.69303
8.69303
6.56679
6.56679
8.69303
8.69303
8.69303
8.69303
6.56679
8.69303
8.69303
8.69303
8.69303
8.69303
6.56679
6.56679
8.69303
8.69303
8.69303
8.69303
8.69303
8.69303
8.69303
8.69303
8.69303
8.69303
6.56679
6.56679
8.69303
8.69303
8.69303
8.69303
8.69303
6.56679
8.69303
8.69303
8.69303
8.69303
8.69303
8.69303
8.69303
8.69303
8.69303
8.69303
8.69303
8.69303
8.69303
8.69303
8.69303
8.69303
8.69303
8.69303
8.69303
8.69303
8.69303
8.69303
8.69303
8.69303
8.69303
8.69303
8.69303
8.69303
8.69303
8.69303
6.56679
8.69303
8.69303
8.69303
8.69303
6.56679
8.69303
8.69303
8.69303
8.69303
8.69303
8.69303
8.69303
8.69303
8.69303
8.69303
8.69303
6.56679
8.69303
8.69303
8.69303
8.69303
8.69303
8.69303
8.69303
8.69303
8.69303
8.69303
8.69303
6.56679
6.56679
8.69303
8.69303
8.69303
8.69303
8.69303
6.56679
8.69303
8.69303
8.69303
8.69303
8.69303
6.56679
6.56679
8.69303
8.69303
8.69303
8.69303
6.56679
8.69303
8.69303
8.69303
8.69303
8.69303
8.69303
6.56679
8.69303
8.69303
8.69303
8.69303
6.56679
8.69303
8.69303
8.69303
8.69303
8.69303
8.69303
8.69303
8.69303
8.69303
8.69303
8.69303
6.56679
8.69303
8.69303
8.69303
8.69303
8.69303
6.56679
8.69303
8.69303
8.69303
8.69303
8.69303
8.69303
6.56679
6.56679
8.69303
8.69303
8.69303
8.69303
6.56679
6.56679
8.69303
8.69303
8.69303
8.69303
8.69303
8.69303
8.69303
8.69303
8.69303
8.69303
6.56679
8.69303
8.69303
8.69303
8.69303
8.69303
6.56679
6.56679
8.69303
8.69303
8.69303
8.69303
6.56679
6.56679
8.69303
8.69303
8.69303
8.69303
8.69303
8.69303
8.69303
8.69303
8.69303
8.69303
8.69303
6.56679
8.69303
8.69303
8.69303
8.69303
8.69303
6.56679
6.56679
8.69303
8.69303
8.69303
8.69303
8.69303
6.56679
8.69303
8.69303
8.69303
8.69303
8.69303
6.56679
8.69303
8.69303
8.69303
8.69303
8.69303
6.56679
8.69303
8.69303
8.69303
8.69303
8.69303
6.56679
6.56679
8.69303
8.69303
8.69303
8.69303
8.69303
8.69303
8.69303
8.69303
8.69303
8.69303
8.69303
6.56679
8.69303
8.69303
8.69303
8.69303
8.69303
6.56679
6.56679
8.69303
8.69303
8.69303
8.69303
8.69303
6.56679
8.69303
8.69303
8.69303
8.69303
8.69303
8.69303
8.69303
8.69303
8.69303
8.69303
6.56679
8.69303
8.69303
8.69303
8.69303
8.69303
6.56679
8.69303
8.69303
8.69303
8.69303
8.69303
8.69303
8.69303
8.69303
8.69303
8.69303
8.69303
8.69303
6.56679
8.69303
8.69303
8.69303
8.69303
8.69303
6.56679
6.56679
8.69303
8.69303
8.69303
8.69303
8.69303
8.69303
8.69303
8.69303
8.69303
8.69303
8.69303
8.69303
8.69303
8.69303
8.69303
8.69303
8.69303
6.56679
8.69303
8.69303
8.69303
8.69303
8.69303
8.69303
6.56679
8.69303
8.69303
8.69303
8.69303
8.69303
8.69303
8.69303
8.69303
8.69303
8.69303
6.56679
8.69303
8.69303
8.69303
8.69303
8.69303
6.56679
6.56679
8.69303
8.69303
8.69303
8.69303
6.56679
6.56679
8.69303
8.69303
8.69303
8.69303
8.69303
8.69303
8.69303
8.69303
8.69303
8.69303
6.56679
8.69303
8.69303
8.69303
8.69303
8.69303
6.56679
8.69303
8.69303
8.69303
8.69303
8.69303
8.69303
6.56679
8.69303
8.69303
8.69303
8.69303
8.69303
6.56679
8.69303
8.69303
8.69303
8.69303
8.69303
6.56679
6.56679
8.69303
8.69303
8.69303
8.69303
8.69303
8.69303
8.69303
8.69303
8.69303
8.69303
8.69303
8.69303
8.69303
8.69303
8.69303
8.69303
8.69303
6.56679
8.69303
8.69303
8.69303
8.69303
8.69303
8.69303
6.56679
8.69303
8.69303
8.69303
8.69303
6.56679
8.69303
8.69303
8.69303
8.69303
8.69303
6.56679
8.69303
8.69303
8.69303
8.69303
8.69303
6.56679
8.69303
8.69303
8.69303
8.69303
8.69303
8.69303
8.69303
8.69303
8.69303
8.69303
8.69303
8.69303
6.56679
8.69303
8.69303
8.69303
8.69303
8.69303
6.56679
8.69303
8.69303
8.69303
8.69303
8.69303
6.56679
6.56679
8.69303
8.69303
8.69303
8.69303
8.69303
6.56679
8.69303
8.69303
8.69303
8.69303
6.56679
8.69303
8.69303
8.69303
8.69303
8.69303
6.56679
8.69303
8.69303
8.69303
8.69303
8.69303
6.56679
6.56679
8.69303
8.69303
8.69303
8.69303
8.69303
6.56679
8.69303
8.69303
8.69303
8.69303
6.56679
8.69303
8.69303
8.69303
8.69303
8.69303
6.56679
8.69303
8.69303
8.69303
8.69303
8.69303
6.56679
6.56679
8.69303
8.69303
8.69303
8.69303
8.69303
6.56679
8.69303
8.69303
8.69303
8.69303
6.56679
8.69303
8.69303
8.69303
8.69303
8.69303
8.69303
8.69303
8.69303
8.69303
8.69303
6.56679
8.69303
8.69303
8.69303
8.69303
8.69303
6.56679
8.69303
8.69303
8.69303
8.69303
8.69303
8.69303
8.69303
6.56679
8.69303
8.69303
8.69303
8.69303
6.56679
8.69303
8.69303
8.69303
8.69303
8.69303
8.69303
8.69303
8.69303
8.69303
8.69303
6.56679
8.69303
8.69303
8.69303
8.69303
8.69303
6.56679
6.56679
8.69303
8.69303
8.69303
8.69303
8.69303
6.56679
8.69303
8.69303
8.69303
8.69303
8.69303
8.69303
8.69303
8.69303
8.69303
8.69303
6.56679
8.69303
8.69303
8.69303
8.69303
8.69303
6.56679
8.69303
8.69303
8.69303
8.69303
8.69303
6.56679
6.56679
8.69303
8.69303
8.69303
8.69303
6.56679
8.69303
8.69303
8.69303
8.69303
8.69303
6.56679
8.69303
8.69303
8.69303
8.69303
6.56679
8.69303
8.69303
8.69303
8.69303
8.69303
6.56679
6.56679
8.69303
8.69303
8.69303
8.69303
8.69303
8.69303
6.56679
8.69303
8.69303
8.69303
8.69303
6.56679
8.69303
8.69303
8.69303
8.69303
8.69303
8.69303
6.56679
8.69303
8.69303
8.69303
8.69303
8.69303
6.56679
8.69303
8.69303
8.69303
8.69303
6.56679
8.69303
8.69303
8.69303
8.69303
8.69303
6.56679
8.69303
8.69303
8.69303
8.69303
8.69303
6.56679
6.56679
8.69303
8.69303
8.69303
8.69303
6.56679
8.69303
8.69303
8.69303
6.56679
6.56679
8.69303
8.69303
8.69303
8.69303
8.69303
8.69303
8.69303
8.69303
8.69303
8.69303
6.56679
8.69303
8.69303
8.69303
8.69303
8.69303
6.56679
8.69303
8.69303
8.69303
8.69303
8.69303
6.56679
6.56679
8.69303
8.69303
8.69303
6.56679
6.56679
8.69303
8.69303
8.69303
8.69303
8.69303
6.56679
8.69303
8.69303
8.69303
8.69303
8.69303
8.69303
8.69303
8.69303
8.69303
8.69303
8.69303
6.56679
6.56679
8.69303
8.69303
8.69303
8.69303
6.56679
6.56679
8.69303
8.69303
8.69303
8.69303
8.69303
8.69303
8.69303
8.69303
8.69303
8.69303
6.56679
8.69303
8.69303
8.69303
8.69303
8.69303
6.56679
6.56679
8.69303
8.69303
8.69303
8.69303
6.56679
8.69303
8.69303
8.69303
8.69303
8.69303
8.69303
8.69303
8.69303
8.69303
8.69303
6.56679
8.69303
8.69303
8.69303
8.69303
8.69303
6.56679
8.69303
8.69303
8.69303
8.69303
6.56679
6.56679
8.69303
8.69303
8.69303
8.69303
6.56679
6.56679
8.69303
8.69303
8.69303
8.69303
8.69303
6.56679
8.69303
8.69303
8.69303
8.69303
8.69303
8.69303
8.69303
8.69303
8.69303
8.69303
6.56679
8.69303
8.69303
8.69303
8.69303
8.69303
6.56679
6.56679
8.69303
8.69303
8.69303
8.69303
8.69303
8.69303
8.69303
8.69303
8.69303
8.69303
6.56679
8.69303
8.69303
8.69303
8.69303
8.69303
6.56679
8.69303
8.69303
8.69303
8.69303
8.69303
8.69303
6.56679
8.69303
8.69303
8.69303
6.56679
6.56679
8.69303
8.69303
8.69303
8.69303
8.69303
6.56679
8.69303
8.69303
8.69303
8.69303
8.69303
8.69303
8.69303
8.69303
8.69303
8.69303
6.56679
8.69303
8.69303
8.69303
8.69303
8.69303
8.69303
6.56679
8.69303
8.69303
8.69303
8.69303
8.69303
6.56679
8.69303
8.69303
8.69303
8.69303
6.56679
8.69303
8.69303
8.69303
8.69303
8.69303
6.56679
8.69303
8.69303
8.69303
8.69303
8.69303
6.56679
6.56679
8.69303
8.69303
8.69303
8.69303
8.69303
6.56679
8.69303
8.69303
8.69303
8.69303
6.56679
8.69303
8.69303
8.69303
8.69303
6.56679
8.69303
8.69303
8.69303
8.69303
8.69303
6.56679
6.56679
8.69303
8.69303
8.69303
8.69303
8.69303
8.69303
8.69303
8.69303
8.69303
8.69303
6.56679
8.69303
8.69303
8.69303
8.69303
6.56679
8.69303
8.69303
8.69303
8.69303
8.69303
6.56679
8.69303
8.69303
8.69303
8.69303
6.56679
6.56679
8.69303
8.69303
8.69303
8.69303
8.69303
6.56679
8.69303
8.69303
8.69303
8.69303
8.69303
6.56679
6.56679
8.69303
8.69303
8.69303
8.69303
6.56679
8.69303
8.69303
8.69303
8.69303
8.69303
6.56679
8.69303
8.69303
8.69303
8.69303
6.56679
8.69303
8.69303
8.69303
8.69303
8.69303
6.56679
8.69303
8.69303
8.69303
8.69303
8.69303
6.56679
6.56679
8.69303
8.69303
8.69303
8.69303
6.56679
6.56679
8.69303
8.69303
8.69303
8.69303
8.69303
6.56679
8.69303
8.69303
8.69303
8.69303
8.69303
6.56679
8.69303
8.69303
8.69303
8.69303
8.69303
6.56679
8.69303
8.69303
8.69303
8.69303
8.69303
6.56679
8.69303
8.69303
8.69303
8.69303
6.56679
8.69303
8.69303
8.69303
8.69303
8.69303
6.56679
8.69303
8.69303
8.69303
8.69303
8.69303
6.56679
8.69303
8.69303
8.69303
8.69303
8.69303
8.69303
8.69303
8.69303
8.69303
8.69303
6.56679
8.69303
8.69303
8.69303
8.69303
8.69303
6.56679
8.69303
8.69303
8.69303
8.69303
8.69303
6.56679
6.56679
8.69303
8.69303
8.69303
8.69303
8.69303
6.56679
6.56679
8.69303
8.69303
8.69303
6.56679
6.56679
8.69303
8.69303
8.69303
8.69303
8.69303
6.56679
8.69303
8.69303
8.69303
8.69303
8.69303
6.56679
8.69303
8.69303
8.69303
8.69303
8.69303
8.69303
8.69303
8.69303
8.69303
8.69303
6.56679
8.69303
8.69303
8.69303
8.69303
8.69303
6.56679
8.69303
8.69303
8.69303
8.69303
8.69303
6.56679
8.69303
8.69303
8.69303
8.69303
8.69303
6.56679
8.69303
8.69303
8.69303
8.69303
6.56679
8.69303
8.69303
8.69303
8.69303
8.69303
6.56679
8.69303
8.69303
8.69303
8.69303
8.69303
8.69303
6.56679
8.69303
8.69303
8.69303
8.69303
8.69303
6.56679
8.69303
8.69303
8.69303
8.69303
8.69303
8.69303
8.69303
8.69303
8.69303
8.69303
8.69303
8.69303
8.69303
8.69303
8.69303
8.69303
8.69303
8.69303
8.69303
8.69303
8.69303
6.56679
8.69303
8.69303
8.69303
8.69303
8.69303
8.69303
8.69303
8.69303
8.69303
8.69303
6.56679
8.69303
8.69303
8.69303
8.69303
8.69303
6.56679
6.56679
8.69303
8.69303
8.69303
8.69303
6.56679
6.56679
8.69303
8.69303
8.69303
8.69303
8.69303
8.69303
8.69303
8.69303
8.69303
8.69303
8.69303
8.69303
8.69303
8.69303
8.69303
6.56679
6.56679
8.69303
8.69303
8.69303
8.69303
8.69303
6.56679
8.69303
8.69303
8.69303
8.69303
8.69303
8.69303
8.69303
8.69303
8.69303
8.69303
6.56679
8.69303
8.69303
8.69303
8.69303
8.69303
6.56679
8.69303
8.69303
8.69303
8.69303
6.56679
8.69303
8.69303
8.69303
8.69303
8.69303
6.56679
6.56679
8.69303
8.69303
8.69303
8.69303
8.69303
8.69303
8.69303
8.69303
8.69303
8.69303
6.56679
8.69303
8.69303
8.69303
8.69303
6.56679
8.69303
8.69303
8.69303
8.69303
8.69303
8.69303
8.69303
8.69303
8.69303
8.69303
6.56679
8.69303
8.69303
8.69303
8.69303
8.69303
6.56679
6.56679
8.69303
8.69303
8.69303
8.69303
8.69303
6.56679
8.69303
8.69303
8.69303
8.69303
8.69303
8.69303
8.69303
8.69303
8.69303
8.69303
8.69303
8.69303
8.69303
8.69303
8.69303
6.56679
6.56679
8.69303
8.69303
8.69303
8.69303
8.69303
8.69303
8.69303
8.69303
8.69303
8.69303
8.69303
8.69303
8.69303
8.69303
8.69303
6.56679
8.69303
8.69303
8.69303
8.69303
8.69303
8.69303
6.56679
6.56679
8.69303
8.69303
8.69303
6.56679
6.56679
8.69303
8.69303
8.69303
8.69303
8.69303
6.56679
8.69303
8.69303
8.69303
8.69303
8.69303
8.69303
8.69303
8.69303
8.69303
8.69303
6.56679
8.69303
8.69303
8.69303
8.69303
6.56679
8.69303
8.69303
8.69303
8.69303
8.69303
6.56679
8.69303
8.69303
8.69303
8.69303
6.56679
8.69303
8.69303
8.69303
8.69303
8.69303
8.69303
6.56679
8.69303
8.69303
8.69303
8.69303
6.56679
8.69303
8.69303
8.69303
8.69303
8.69303
6.56679
8.69303
8.69303
8.69303
8.69303
8.69303
6.56679
8.69303
8.69303
8.69303
8.69303
6.56679
6.56679
8.69303
8.69303
8.69303
6.56679
8.69303
8.69303
8.69303
8.69303
8.69303
8.69303
6.56679
8.69303
8.69303
8.69303
6.56679
6.56679
8.69303
8.69303
8.69303
8.69303
6.56679
6.56679
8.69303
8.69303
8.69303
8.69303
8.69303
6.56679
8.69303
8.69303
8.69303
6.56679
6.56679
8.69303
8.69303
8.69303
8.69303
8.69303
8.69303
8.69303
8.69303
8.69303
8.69303
8.69303
6.56679
8.69303
8.69303
8.69303
8.69303
8.69303
6.56679
8.69303
8.69303
8.69303
8.69303
8.69303
6.56679
8.69303
8.69303
8.69303
8.69303
6.56679
8.69303
8.69303
8.69303
8.69303
8.69303
6.56679
8.69303
8.69303
8.69303
8.69303
8.69303
6.56679
8.69303
8.69303
8.69303
8.69303
8.69303
6.56679
8.69303
8.69303
8.69303
8.69303
8.69303
6.56679
6.56679
8.69303
8.69303
8.69303
8.69303
6.56679
6.56679
8.69303
8.69303
8.69303
8.69303
8.69303
6.56679
8.69303
8.69303
8.69303
8.69303
8.69303
6.56679
8.69303
8.69303
8.69303
6.56679
6.56679
8.69303
8.69303
8.69303
8.69303
8.69303
6.56679
8.69303
8.69303
8.69303
8.69303
8.69303
8.69303
8.69303
8.69303
8.69303
8.69303
8.69303
6.56679
8.69303
8.69303
8.69303
8.69303
6.56679
8.69303
8.69303
8.69303
8.69303
8.69303
6.56679
8.69303
8.69303
8.69303
8.69303
8.69303
6.56679
8.69303
8.69303
8.69303
8.69303
8.69303
6.56679
8.69303
8.69303
8.69303
8.69303
8.69303
6.56679
8.69303
8.69303
8.69303
8.69303
8.69303
6.56679
8.69303
8.69303
8.69303
8.69303
8.69303
6.56679
6.56679
8.69303
8.69303
8.69303
8.69303
6.56679
6.56679
8.69303
8.69303
8.69303
8.69303
6.56679
6.56679
8.69303
8.69303
8.69303
6.56679
6.56679
8.69303
8.69303
8.69303
8.69303
8.69303
6.56679
8.69303
8.69303
8.69303
8.69303
8.69303
8.69303
8.69303
8.69303
8.69303
8.69303
8.69303
8.69303
8.69303
8.69303
8.69303
8.69303
8.69303
6.56679
6.56679
8.69303
8.69303
8.69303
8.69303
6.56679
8.69303
8.69303
8.69303
8.69303
8.69303
8.69303
8.69303
8.69303
8.69303
8.69303
8.69303
8.69303
8.69303
8.69303
8.69303
8.69303
8.69303
8.69303
8.69303
8.69303
8.69303
8.69303
6.56679
8.69303
8.69303
8.69303
8.69303
8.69303
8.69303
8.69303
8.69303
8.69303
8.69303
8.69303
6.56679
8.69303
8.69303
8.69303
8.69303
6.56679
8.69303
8.69303
8.69303
8.69303
8.69303
8.69303
8.69303
8.69303
8.69303
8.69303
8.69303
6.56679
8.69303
8.69303
8.69303
8.69303
8.69303
6.56679
8.69303
8.69303
8.69303
8.69303
6.56679
8.69303
8.69303
8.69303
8.69303
8.69303
6.56679
6.56679
8.69303
8.69303
8.69303
8.69303
8.69303
6.56679
8.69303
8.69303
8.69303
8.69303
8.69303
6.56679
8.69303
8.69303
8.69303
8.69303
8.69303
8.69303
8.69303
8.69303
8.69303
8.69303
8.69303
8.69303
8.69303
8.69303
8.69303
8.69303
8.69303
8.69303
8.69303
8.69303
8.69303
8.69303
8.69303
8.69303
8.69303
8.69303
8.69303
6.56679
8.69303
8.69303
8.69303
8.69303
8.69303
6.56679
8.69303
8.69303
8.69303
8.69303
8.69303
8.69303
8.69303
8.69303
8.69303
8.69303
8.69303
8.69303
8.69303
8.69303
8.69303
6.56679
8.69303
8.69303
8.69303
8.69303
8.69303
8.69303
6.56679
8.69303
8.69303
8.69303
8.69303
8.69303
6.56679
8.69303
8.69303
8.69303
8.69303
8.69303
8.69303
8.69303
8.69303
8.69303
8.69303
8.69303
8.69303
8.69303
8.69303
8.69303
8.69303
8.69303
8.69303
8.69303
8.69303
8.69303
8.69303
6.56679
8.69303
8.69303
8.69303
8.69303
8.69303
8.69303
8.69303
8.69303
8.69303
8.69303
6.56679
8.69303
8.69303
8.69303
8.69303
6.56679
8.69303
8.69303
8.69303
8.69303
8.69303
6.56679
8.69303
8.69303
8.69303
8.69303
8.69303
6.56679
8.69303
8.69303
8.69303
8.69303
8.69303
6.56679
8.69303
8.69303
8.69303
8.69303
8.69303
6.56679
8.69303
8.69303
8.69303
8.69303
8.69303
6.56679
8.69303
8.69303
8.69303
8.69303
8.69303
6.56679
6.56679
8.69303
8.69303
8.69303
8.69303
8.69303
6.56679
8.69303
8.69303
8.69303
8.69303
8.69303
6.56679
8.69303
8.69303
8.69303
8.69303
8.69303
8.69303
8.69303
8.69303
8.69303
8.69303
8.69303
8.69303
8.69303
8.69303
8.69303
6.56679
8.69303
8.69303
8.69303
8.69303
8.69303
6.56679
6.56679
8.69303
8.69303
8.69303
8.69303
6.56679
6.56679
8.69303
8.69303
8.69303
6.56679
8.69303
8.69303
8.69303
8.69303
8.69303
6.56679
6.56679
8.69303
8.69303
8.69303
6.56679
8.69303
8.69303
8.69303
8.69303
8.69303
6.56679
6.56679
8.69303
8.69303
8.69303
8.69303
8.69303
6.56679
8.69303
8.69303
8.69303
8.69303
8.69303
6.56679
8.69303
8.69303
8.69303
8.69303
6.56679
8.69303
8.69303
8.69303
8.69303
8.69303
8.69303
8.69303
8.69303
8.69303
8.69303
8.69303
6.56679
8.69303
8.69303
8.69303
8.69303
8.69303
8.69303
8.69303
8.69303
8.69303
8.69303
6.56679
8.69303
8.69303
8.69303
8.69303
8.69303
8.69303
8.69303
8.69303
8.69303
8.69303
6.56679
8.69303
8.69303
8.69303
8.69303
8.69303
6.56679
8.69303
8.69303
8.69303
8.69303
8.69303
6.56679
8.69303
8.69303
8.69303
8.69303
8.69303
6.56679
8.69303
8.69303
8.69303
8.69303
8.69303
6.56679
6.56679
8.69303
8.69303
8.69303
8.69303
6.56679
6.56679
8.69303
8.69303
8.69303
8.69303
8.69303
6.56679
8.69303
8.69303
8.69303
8.69303
8.69303
6.56679
8.69303
8.69303
8.69303
8.69303
8.69303
6.56679
8.69303
8.69303
8.69303
8.69303
6.56679
8.69303
8.69303
8.69303
8.69303
8.69303
6.56679
8.69303
8.69303
8.69303
8.69303
8.69303
6.56679
8.69303
8.69303
8.69303
8.69303
8.69303
6.56679
8.69303
8.69303
8.69303
8.69303
8.69303
6.56679
8.69303
8.69303
8.69303
8.69303
8.69303
6.56679
6.56679
8.69303
8.69303
8.69303
8.69303
6.56679
6.56679
8.69303
8.69303
8.69303
8.69303
8.69303
6.56679
8.69303
8.69303
8.69303
8.69303
8.69303
6.56679
8.69303
8.69303
8.69303
6.56679
6.56679
8.69303
8.69303
8.69303
8.69303
8.69303
6.56679
8.69303
8.69303
8.69303
8.69303
8.69303
6.56679
8.69303
8.69303
8.69303
8.69303
8.69303
6.56679
8.69303
8.69303
8.69303
8.69303
8.69303
6.56679
8.69303
8.69303
8.69303
8.69303
8.69303
6.56679
8.69303
8.69303
8.69303
8.69303
6.56679
8.69303
8.69303
8.69303
8.69303
8.69303
6.56679
8.69303
8.69303
8.69303
8.69303
8.69303
6.56679
8.69303
8.69303
8.69303
8.69303
8.69303
8.69303
6.56679
6.56679
8.69303
8.69303
8.69303
6.56679
6.56679
8.69303
8.69303
8.69303
8.69303
8.69303
6.56679
8.69303
8.69303
8.69303
8.69303
8.69303
6.56679
8.69303
8.69303
8.69303
8.69303
8.69303
6.56679
8.69303
8.69303
8.69303
8.69303
8.69303
8.69303
8.69303
8.69303
8.69303
8.69303
8.69303
8.69303
8.69303
8.69303
8.69303
8.69303
6.56679
8.69303
8.69303
8.69303
8.69303
8.69303
6.56679
8.69303
8.69303
8.69303
8.69303
8.69303
6.56679
8.69303
8.69303
8.69303
8.69303
8.69303
6.56679
8.69303
8.69303
8.69303
8.69303
8.69303
6.56679
8.69303
8.69303
8.69303
8.69303
8.69303
6.56679
6.56679
8.69303
8.69303
8.69303
8.69303
6.56679
8.69303
8.69303
8.69303
8.69303
8.69303
6.56679
6.56679
8.69303
8.69303
8.69303
8.69303
8.69303
6.56679
8.69303
8.69303
8.69303
8.69303
8.69303
6.56679
8.69303
8.69303
8.69303
8.69303
8.69303
8.69303
8.69303
8.69303
8.69303
8.69303
8.69303
8.69303
8.69303
8.69303
8.69303
8.69303
6.56679
8.69303
8.69303
8.69303
8.69303
8.69303
8.69303
8.69303
8.69303
8.69303
8.69303
6.56679
8.69303
8.69303
8.69303
8.69303
8.69303
6.56679
8.69303
8.69303
8.69303
8.69303
8.69303
6.56679
8.69303
8.69303
8.69303
8.69303
8.69303
8.69303
6.56679
6.56679
8.69303
8.69303
8.69303
8.69303
6.56679
6.56679
8.69303
8.69303
8.69303
8.69303
8.69303
6.56679
8.69303
8.69303
8.69303
6.56679
6.56679
8.69303
8.69303
8.69303
8.69303
6.56679
6.56679
8.69303
8.69303
8.69303
8.69303
8.69303
6.56679
8.69303
8.69303
8.69303
8.69303
8.69303
6.56679
8.69303
8.69303
8.69303
8.69303
6.56679
8.69303
8.69303
8.69303
8.69303
8.69303
6.56679
8.69303
8.69303
8.69303
12.9455
12.9455
8.69303
8.69303
8.69303
8.69303
8.69303
6.56679
8.69303
8.69303
8.69303
8.69303
8.69303
6.56679
6.56679
8.69303
8.69303
8.69303
8.69303
8.69303
6.56679
8.69303
8.69303
8.69303
8.69303
8.69303
6.56679
8.69303
8.69303
8.69303
8.69303
8.69303
6.56679
8.69303
8.69303
8.69303
8.69303
8.69303
8.69303
6.56679
6.56679
8.69303
8.69303
8.69303
8.69303
8.69303
6.56679
8.69303
8.69303
8.69303
8.69303
8.69303
6.56679
8.69303
8.69303
8.69303
8.69303
8.69303
6.56679
8.69303
8.69303
8.69303
8.69303
8.69303
8.69303
8.69303
8.69303
8.69303
8.69303
8.69303
8.69303
8.69303
8.69303
8.69303
8.69303
6.56679
8.69303
8.69303
8.69303
8.69303
8.69303
6.56679
8.69303
8.69303
8.69303
8.69303
8.69303
6.56679
8.69303
8.69303
8.69303
8.69303
8.69303
6.56679
8.69303
8.69303
8.69303
8.69303
8.69303
6.56679
8.69303
8.69303
8.69303
8.69303
8.69303
6.56679
6.56679
8.69303
8.69303
8.69303
8.69303
6.56679
8.69303
8.69303
8.69303
8.69303
8.69303
6.56679
6.56679
8.69303
8.69303
8.69303
8.69303
6.56679
6.56679
8.69303
8.69303
8.69303
8.69303
6.56679
6.56679
8.69303
8.69303
8.69303
8.69303
8.69303
6.56679
8.69303
8.69303
8.69303
8.69303
8.69303
8.69303
8.69303
8.69303
8.69303
8.69303
6.56679
8.69303
8.69303
8.69303
8.69303
8.69303
8.69303
8.69303
8.69303
8.69303
8.69303
8.69303
6.56679
8.69303
8.69303
8.69303
8.69303
8.69303
6.56679
8.69303
8.69303
8.69303
8.69303
8.69303
6.56679
8.69303
8.69303
8.69303
8.69303
8.69303
8.69303
6.56679
8.69303
8.69303
8.69303
8.69303
8.69303
6.56679
8.69303
8.69303
8.69303
8.69303
6.56679
8.69303
8.69303
8.69303
8.69303
8.69303
8.69303
8.69303
8.69303
8.69303
8.69303
8.69303
6.56679
8.69303
8.69303
8.69303
8.69303
8.69303
6.56679
8.69303
8.69303
8.69303
8.69303
8.69303
6.56679
8.69303
8.69303
8.69303
8.69303
8.69303
6.56679
6.56679
8.69303
8.69303
8.69303
8.69303
6.56679
6.56679
8.69303
8.69303
8.69303
8.69303
8.69303
6.56679
8.69303
8.69303
8.69303
8.69303
8.69303
8.69303
8.69303
8.69303
8.69303
8.69303
8.69303
8.69303
8.69303
8.69303
8.69303
8.69303
8.69303
6.56679
8.69303
8.69303
8.69303
8.69303
8.69303
8.69303
8.69303
8.69303
8.69303
8.69303
8.69303
6.56679
8.69303
8.69303
8.69303
8.69303
8.69303
6.56679
8.69303
8.69303
8.69303
8.69303
8.69303
8.69303
8.69303
6.56679
8.69303
8.69303
8.69303
8.69303
8.69303
6.56679
8.69303
8.69303
8.69303
8.69303
8.69303
6.56679
8.69303
8.69303
8.69303
8.69303
8.69303
6.56679
8.69303
8.69303
8.69303
8.69303
8.69303
6.56679
6.56679
8.69303
8.69303
8.69303
8.69303
6.56679
8.69303
8.69303
8.69303
8.69303
8.69303
8.69303
8.69303
6.56679
8.69303
8.69303
8.69303
8.69303
8.69303
6.56679
8.69303
8.69303
8.69303
8.69303
8.69303
6.56679
8.69303
8.69303
8.69303
8.69303
8.69303
8.69303
6.56679
6.56679
8.69303
8.69303
8.69303
8.69303
6.56679
6.56679
8.69303
8.69303
8.69303
8.69303
8.69303
8.69303
6.56679
8.69303
8.69303
8.69303
8.69303
8.69303
8.69303
8.69303
8.69303
8.69303
8.69303
8.69303
8.69303
8.69303
8.69303
8.69303
8.69303
6.56679
8.69303
8.69303
8.69303
8.69303
8.69303
8.69303
6.56679
6.56679
8.69303
8.69303
8.69303
8.69303
6.56679
6.56679
8.69303
8.69303
8.69303
8.69303
6.56679
6.56679
8.69303
8.69303
8.69303
8.69303
8.69303
6.56679
8.69303
8.69303
8.69303
8.69303
8.69303
6.56679
8.69303
8.69303
8.69303
8.69303
8.69303
8.69303
6.56679
6.56679
8.69303
8.69303
8.69303
8.69303
8.69303
6.56679
8.69303
8.69303
8.69303
8.69303
8.69303
6.56679
8.69303
8.69303
8.69303
8.69303
8.69303
8.69303
8.69303
8.69303
8.69303
8.69303
8.69303
6.56679
8.69303
8.69303
8.69303
8.69303
8.69303
6.56679
8.69303
8.69303
8.69303
8.69303
8.69303
8.69303
6.56679
6.56679
8.69303
8.69303
8.69303
8.69303
6.56679
6.56679
8.69303
8.69303
8.69303
8.69303
6.56679
6.56679
8.69303
8.69303
8.69303
8.69303
8.69303
6.56679
8.69303
8.69303
8.69303
8.69303
8.69303
8.69303
8.69303
8.69303
8.69303
8.69303
8.69303
6.56679
8.69303
8.69303
8.69303
8.69303
8.69303
6.56679
8.69303
8.69303
8.69303
8.69303
8.69303
6.56679
8.69303
8.69303
8.69303
8.69303
8.69303
8.69303
6.56679
6.56679
8.69303
8.69303
8.69303
8.69303
6.56679
6.56679
8.69303
8.69303
8.69303
8.69303
8.69303
8.69303
6.56679
8.69303
8.69303
8.69303
8.69303
8.69303
8.69303
8.69303
8.69303
8.69303
8.69303
8.69303
8.69303
8.69303
8.69303
8.69303
8.69303
8.69303
6.56679
8.69303
8.69303
8.69303
8.69303
8.69303
8.69303
6.56679
8.69303
8.69303
8.69303
8.69303
8.69303
6.56679
8.69303
8.69303
8.69303
8.69303
8.69303
6.56679
8.69303
8.69303
8.69303
8.69303
8.69303
6.56679
8.69303
8.69303
8.69303
8.69303
8.69303
6.56679
8.69303
8.69303
8.69303
8.69303
8.69303
6.56679
8.69303
8.69303
8.69303
8.69303
8.69303
8.69303
6.56679
8.69303
8.69303
8.69303
8.69303
8.69303
6.56679
6.56679
8.69303
8.69303
8.69303
8.69303
8.69303
6.56679
8.69303
8.69303
8.69303
8.69303
8.69303
6.56679
8.69303
8.69303
8.69303
8.69303
8.69303
8.69303
8.69303
6.56679
8.69303
8.69303
8.69303
8.69303
6.56679
8.69303
8.69303
8.69303
8.69303
8.69303
8.69303
8.69303
8.69303
8.69303
8.69303
8.69303
8.69303
6.56679
8.69303
8.69303
8.69303
8.69303
8.69303
6.56679
8.69303
8.69303
8.69303
8.69303
8.69303
6.56679
6.56679
8.69303
8.69303
8.69303
8.69303
8.69303
8.69303
6.56679
8.69303
8.69303
8.69303
8.69303
6.56679
8.69303
8.69303
8.69303
8.69303
8.69303
6.56679
8.69303
8.69303
8.69303
8.69303
8.69303
6.56679
8.69303
8.69303
8.69303
8.69303
8.69303
6.56679
8.69303
8.69303
8.69303
8.69303
8.69303
6.56679
6.56679
8.69303
8.69303
8.69303
8.69303
6.56679
6.56679
8.69303
8.69303
8.69303
8.69303
6.56679
6.56679
8.69303
8.69303
8.69303
8.69303
8.69303
8.69303
6.56679
8.69303
8.69303
8.69303
8.69303
6.56679
8.69303
8.69303
8.69303
8.69303
8.69303
8.69303
8.69303
8.69303
8.69303
8.69303
8.69303
6.56679
8.69303
8.69303
8.69303
8.69303
8.69303
6.56679
8.69303
8.69303
8.69303
8.69303
8.69303
8.69303
6.56679
6.56679
8.69303
8.69303
8.69303
8.69303
6.56679
6.56679
8.69303
8.69303
8.69303
8.69303
6.56679
6.56679
8.69303
8.69303
8.69303
8.69303
8.69303
8.69303
8.69303
8.69303
8.69303
8.69303
8.69303
8.69303
8.69303
8.69303
8.69303
8.69303
8.69303
8.69303
6.56679
8.69303
8.69303
8.69303
8.69303
8.69303
6.56679
8.69303
8.69303
8.69303
8.69303
8.69303
6.56679
8.69303
8.69303
8.69303
8.69303
8.69303
6.56679
8.69303
8.69303
8.69303
8.69303
8.69303
6.56679
6.56679
8.69303
8.69303
8.69303
8.69303
8.69303
8.69303
6.56679
8.69303
8.69303
8.69303
8.69303
8.69303
6.56679
8.69303
8.69303
8.69303
8.69303
8.69303
8.69303
8.69303
8.69303
8.69303
8.69303
6.56679
8.69303
8.69303
8.69303
8.69303
8.69303
8.69303
6.56679
8.69303
8.69303
8.69303
8.69303
8.69303
6.56679
8.69303
8.69303
8.69303
8.69303
8.69303
6.56679
8.69303
8.69303
8.69303
8.69303
8.69303
8.69303
8.69303
6.56679
8.69303
8.69303
8.69303
8.69303
8.69303
6.56679
8.69303
8.69303
8.69303
8.69303
8.69303
6.56679
8.69303
8.69303
8.69303
8.69303
8.69303
6.56679
8.69303
8.69303
8.69303
8.69303
8.69303
6.56679
8.69303
8.69303
8.69303
8.69303
8.69303
6.56679
8.69303
8.69303
8.69303
8.69303
8.69303
6.56679
8.69303
8.69303
8.69303
8.69303
8.69303
6.56679
6.56679
8.69303
8.69303
8.69303
8.69303
6.56679
8.69303
8.69303
8.69303
8.69303
8.69303
8.69303
8.69303
6.56679
8.69303
8.69303
8.69303
8.69303
8.69303
6.56679
8.69303
8.69303
8.69303
8.69303
8.69303
6.56679
8.69303
8.69303
8.69303
8.69303
8.69303
6.56679
8.69303
8.69303
8.69303
8.69303
8.69303
6.56679
8.69303
8.69303
8.69303
8.69303
8.69303
6.56679
8.69303
8.69303
8.69303
8.69303
8.69303
6.56679
6.56679
8.69303
8.69303
8.69303
8.69303
6.56679
8.69303
8.69303
8.69303
8.69303
8.69303
8.69303
8.69303
8.69303
8.69303
8.69303
8.69303
6.56679
6.56679
8.69303
8.69303
8.69303
8.69303
8.69303
8.69303
8.69303
8.69303
8.69303
8.69303
8.69303
6.56679
8.69303
8.69303
8.69303
8.69303
8.69303
8.69303
6.56679
8.69303
8.69303
8.69303
8.69303
6.56679
8.69303
8.69303
8.69303
8.69303
8.69303
8.69303
6.56679
6.56679
6.56679
6.56679
6.56679
6.56679
6.56679
6.56679
6.56679
6.56679
6.56679
6.56679
6.56679
6.56679
8.69303
8.69303
8.69303
8.69303
8.69303
6.56679
8.69303
8.69303
8.69303
8.69303
6.56679
6.56679
8.69303
8.69303
8.69303
8.69303
8.69303
8.69303
6.56679
8.69303
8.69303
8.69303
8.69303
8.69303
6.56679
8.69303
8.69303
8.69303
8.69303
8.69303
8.69303
8.69303
8.69303
8.69303
8.69303
6.56679
8.69303
8.69303
8.69303
8.69303
8.69303
8.69303
6.56679
8.69303
8.69303
8.69303
8.69303
8.69303
6.56679
8.69303
8.69303
8.69303
8.69303
8.69303
8.69303
8.69303
6.56679
8.69303
8.69303
8.69303
6.56679
6.56679
8.69303
8.69303
8.69303
8.69303
8.69303
8.69303
8.69303
8.69303
8.69303
8.69303
8.69303
6.56679
6.56679
6.56679
8.69303
8.69303
8.69303
8.69303
6.56679
6.56679
8.69303
8.69303
8.69303
8.69303
6.56679
6.56679
8.69303
8.69303
8.69303
8.69303
8.69303
6.56679
8.69303
8.69303
8.69303
8.69303
6.56679
6.56679
8.69303
8.69303
8.69303
8.69303
8.69303
6.56679
8.69303
8.69303
8.69303
8.69303
8.69303
6.56679
6.56679
6.56679
6.56679
6.56679
6.56679
6.56679
6.56679
6.56679
6.56679
6.56679
6.56679
6.56679
6.56679
6.56679
8.69303
8.69303
8.69303
6.56679
8.69303
8.69303
8.69303
8.69303
8.69303
6.56679
6.56679
8.69303
8.69303
8.69303
8.69303
6.56679
6.56679
8.69303
8.69303
8.69303
8.69303
8.69303
6.56679
8.69303
8.69303
8.69303
8.69303
8.69303
8.69303
8.69303
8.69303
8.69303
8.69303
8.69303
6.56679
8.69303
8.69303
8.69303
8.69303
8.69303
6.56679
8.69303
8.69303
8.69303
8.69303
8.69303
6.56679
8.69303
8.69303
8.69303
8.69303
8.69303
8.69303
8.69303
8.69303
8.69303
8.69303
8.69303
8.69303
8.69303
8.69303
8.69303
8.69303
8.69303
8.69303
8.69303
6.56679
8.69303
8.69303
8.69303
8.69303
8.69303
8.69303
8.69303
8.69303
8.69303
8.69303
6.56679
8.69303
8.69303
8.69303
8.69303
8.69303
6.56679
8.69303
8.69303
8.69303
8.69303
8.69303
6.56679
8.69303
8.69303
8.69303
8.69303
8.69303
6.56679
8.69303
8.69303
8.69303
8.69303
8.69303
6.56679
8.69303
8.69303
8.69303
8.69303
8.69303
8.69303
8.69303
6.56679
8.69303
8.69303
8.69303
8.69303
8.69303
6.56679
8.69303
8.69303
8.69303
8.69303
8.69303
8.69303
8.69303
8.69303
8.69303
8.69303
8.69303
6.56679
8.69303
8.69303
8.69303
8.69303
8.69303
6.56679
8.69303
8.69303
8.69303
8.69303
8.69303
8.69303
6.56679
8.69303
8.69303
8.69303
8.69303
8.69303
6.56679
8.69303
8.69303
8.69303
8.69303
8.69303
6.56679
6.56679
8.69303
8.69303
8.69303
8.69303
8.69303
6.56679
8.69303
8.69303
8.69303
8.69303
6.56679
6.56679
8.69303
8.69303
8.69303
8.69303
8.69303
6.56679
8.69303
8.69303
8.69303
8.69303
8.69303
6.56679
8.69303
8.69303
8.69303
8.69303
8.69303
6.56679
8.69303
8.69303
8.69303
8.69303
8.69303
6.56679
8.69303
8.69303
8.69303
8.69303
8.69303
6.56679
8.69303
8.69303
8.69303
8.69303
8.69303
8.69303
8.69303
6.56679
8.69303
8.69303
8.69303
8.69303
6.56679
6.56679
8.69303
8.69303
8.69303
8.69303
8.69303
6.56679
8.69303
8.69303
8.69303
8.69303
8.69303
6.56679
8.69303
8.69303
8.69303
8.69303
8.69303
8.69303
8.69303
8.69303
8.69303
8.69303
8.69303
6.56679
8.69303
8.69303
8.69303
8.69303
6.56679
8.69303
8.69303
8.69303
8.69303
8.69303
6.56679
8.69303
8.69303
8.69303
8.69303
8.69303
6.56679
8.69303
8.69303
8.69303
8.69303
8.69303
8.69303
8.69303
6.56679
8.69303
8.69303
8.69303
8.69303
8.69303
8.69303
8.69303
8.69303
8.69303
8.69303
8.69303
8.69303
8.69303
8.69303
8.69303
8.69303
6.56679
8.69303
8.69303
8.69303
8.69303
8.69303
8.69303
8.69303
8.69303
8.69303
8.69303
8.69303
6.56679
8.69303
8.69303
8.69303
8.69303
8.69303
6.56679
8.69303
8.69303
8.69303
8.69303
8.69303
8.69303
6.56679
8.69303
8.69303
8.69303
8.69303
8.69303
6.56679
6.56679
8.69303
8.69303
8.69303
8.69303
6.56679
6.56679
8.69303
8.69303
8.69303
8.69303
6.56679
6.56679
8.69303
8.69303
8.69303
8.69303
8.69303
6.56679
8.69303
8.69303
8.69303
8.69303
6.56679
6.56679
8.69303
8.69303
8.69303
8.69303
8.69303
8.69303
8.69303
8.69303
8.69303
8.69303
8.69303
6.56679
8.69303
8.69303
8.69303
8.69303
8.69303
6.56679
8.69303
8.69303
8.69303
8.69303
8.69303
6.56679
8.69303
8.69303
8.69303
8.69303
8.69303
6.56679
8.69303
8.69303
8.69303
8.69303
8.69303
6.56679
6.56679
8.69303
8.69303
8.69303
8.69303
6.56679
8.69303
8.69303
8.69303
8.69303
8.69303
6.56679
6.56679
8.69303
8.69303
8.69303
8.69303
8.69303
6.56679
8.69303
8.69303
8.69303
8.69303
8.69303
8.69303
8.69303
8.69303
8.69303
8.69303
8.69303
6.56679
8.69303
8.69303
8.69303
8.69303
8.69303
6.56679
8.69303
8.69303
8.69303
8.69303
8.69303
6.56679
8.69303
8.69303
8.69303
8.69303
8.69303
8.69303
8.69303
6.56679
8.69303
8.69303
8.69303
8.69303
8.69303
8.69303
8.69303
8.69303
8.69303
8.69303
6.56679
8.69303
8.69303
8.69303
8.69303
8.69303
8.69303
6.56679
6.56679
8.69303
8.69303
8.69303
8.69303
8.69303
6.56679
8.69303
8.69303
8.69303
8.69303
8.69303
8.69303
8.69303
8.69303
8.69303
8.69303
6.56679
8.69303
8.69303
8.69303
8.69303
8.69303
8.69303
8.69303
6.56679
8.69303
8.69303
8.69303
8.69303
8.69303
6.56679
8.69303
8.69303
8.69303
8.69303
8.69303
6.56679
8.69303
8.69303
8.69303
8.69303
8.69303
8.69303
8.69303
6.56679
8.69303
8.69303
8.69303
8.69303
6.56679
8.69303
8.69303
8.69303
8.69303
8.69303
6.56679
8.69303
8.69303
8.69303
8.69303
8.69303
6.56679
8.69303
8.69303
8.69303
8.69303
8.69303
8.69303
6.56679
8.69303
8.69303
8.69303
6.56679
6.56679
8.69303
8.69303
8.69303
8.69303
8.69303
6.56679
8.69303
8.69303
8.69303
8.69303
8.69303
6.56679
8.69303
8.69303
8.69303
8.69303
8.69303
8.69303
6.56679
8.69303
8.69303
8.69303
8.69303
8.69303
6.56679
8.69303
8.69303
8.69303
8.69303
6.56679
8.69303
8.69303
8.69303
8.69303
8.69303
6.56679
8.69303
8.69303
8.69303
8.69303
8.69303
6.56679
6.56679
8.69303
8.69303
8.69303
8.69303
8.69303
6.56679
8.69303
8.69303
8.69303
6.56679
6.56679
8.69303
8.69303
8.69303
8.69303
8.69303
6.56679
8.69303
8.69303
8.69303
8.69303
8.69303
8.69303
8.69303
6.56679
8.69303
8.69303
8.69303
8.69303
6.56679
8.69303
8.69303
8.69303
8.69303
8.69303
8.69303
8.69303
8.69303
8.69303
8.69303
8.69303
6.56679
8.69303
8.69303
8.69303
8.69303
8.69303
8.69303
6.56679
8.69303
8.69303
8.69303
8.69303
8.69303
8.69303
8.69303
8.69303
8.69303
8.69303
6.56679
8.69303
8.69303
8.69303
8.69303
8.69303
6.56679
8.69303
8.69303
8.69303
8.69303
8.69303
6.56679
8.69303
8.69303
8.69303
8.69303
8.69303
6.56679
8.69303
8.69303
8.69303
8.69303
8.69303
8.69303
6.56679
8.69303
8.69303
8.69303
8.69303
6.56679
6.56679
8.69303
8.69303
8.69303
8.69303
8.69303
8.69303
8.69303
8.69303
8.69303
8.69303
8.69303
6.56679
8.69303
8.69303
8.69303
8.69303
8.69303
6.56679
8.69303
8.69303
8.69303
8.69303
8.69303
6.56679
8.69303
8.69303
8.69303
8.69303
8.69303
8.69303
8.69303
6.56679
8.69303
8.69303
8.69303
8.69303
8.69303
8.69303
8.69303
8.69303
8.69303
8.69303
8.69303
8.69303
8.69303
8.69303
8.69303
8.69303
6.56679
8.69303
8.69303
8.69303
8.69303
8.69303
8.69303
6.56679
6.56679
8.69303
8.69303
8.69303
8.69303
6.56679
6.56679
8.69303
8.69303
8.69303
6.56679
8.69303
8.69303
8.69303
8.69303
8.69303
6.56679
6.56679
8.69303
8.69303
8.69303
8.69303
8.69303
6.56679
8.69303
8.69303
8.69303
8.69303
8.69303
6.56679
8.69303
8.69303
8.69303
8.69303
8.69303
8.69303
8.69303
8.69303
8.69303
8.69303
8.69303
8.69303
8.69303
8.69303
8.69303
8.69303
8.69303
8.69303
6.56679
8.69303
8.69303
8.69303
8.69303
8.69303
8.69303
8.69303
8.69303
8.69303
8.69303
8.69303
8.69303
6.56679
8.69303
8.69303
8.69303
8.69303
8.69303
6.56679
8.69303
8.69303
8.69303
8.69303
8.69303
6.56679
8.69303
8.69303
8.69303
8.69303
8.69303
6.56679
6.56679
8.69303
8.69303
8.69303
8.69303
6.56679
6.56679
8.69303
8.69303
8.69303
8.69303
8.69303
6.56679
8.69303
8.69303
8.69303
8.69303
8.69303
8.69303
8.69303
8.69303
8.69303
8.69303
8.69303
6.56679
8.69303
8.69303
8.69303
8.69303
8.69303
8.69303
8.69303
8.69303
8.69303
8.69303
6.56679
8.69303
8.69303
8.69303
8.69303
8.69303
6.56679
8.69303
8.69303
8.69303
8.69303
8.69303
6.56679
6.56679
8.69303
8.69303
8.69303
8.69303
8.69303
6.56679
8.69303
8.69303
8.69303
8.69303
8.69303
6.56679
8.69303
8.69303
8.69303
8.69303
8.69303
6.56679
8.69303
8.69303
8.69303
8.69303
8.69303
6.56679
8.69303
8.69303
8.69303
8.69303
8.69303
6.56679
8.69303
8.69303
8.69303
8.69303
8.69303
6.56679
8.69303
8.69303
8.69303
8.69303
8.69303
6.56679
8.69303
8.69303
8.69303
8.69303
8.69303
8.69303
6.56679
8.69303
8.69303
8.69303
8.69303
8.69303
8.69303
8.69303
8.69303
8.69303
8.69303
6.56679
8.69303
8.69303
8.69303
8.69303
8.69303
8.69303
6.56679
6.56679
8.69303
8.69303
8.69303
8.69303
6.56679
8.69303
8.69303
8.69303
8.69303
8.69303
6.56679
6.56679
8.69303
8.69303
8.69303
8.69303
8.69303
8.69303
8.69303
8.69303
8.69303
6.56679
8.69303
8.69303
8.69303
8.69303
8.69303
6.56679
8.69303
8.69303
8.69303
8.69303
8.69303
8.69303
8.69303
6.56679
8.69303
8.69303
8.69303
8.69303
6.56679
6.56679
8.69303
8.69303
8.69303
8.69303
8.69303
6.56679
8.69303
8.69303
8.69303
8.69303
8.69303
8.69303
6.56679
8.69303
8.69303
8.69303
8.69303
8.69303
8.69303
8.69303
8.69303
8.69303
8.69303
6.56679
8.69303
8.69303
8.69303
8.69303
8.69303
8.69303
6.56679
6.56679
8.69303
8.69303
8.69303
8.69303
8.69303
6.56679
8.69303
8.69303
8.69303
8.69303
8.69303
6.56679
8.69303
8.69303
8.69303
8.69303
8.69303
8.69303
8.69303
8.69303
8.69303
8.69303
8.69303
6.56679
8.69303
8.69303
8.69303
8.69303
8.69303
6.56679
8.69303
8.69303
8.69303
8.69303
8.69303
6.56679
8.69303
8.69303
8.69303
8.69303
8.69303
8.69303
6.56679
6.56679
8.69303
8.69303
8.69303
8.69303
8.69303
6.56679
8.69303
8.69303
8.69303
6.56679
6.56679
8.69303
8.69303
8.69303
8.69303
8.69303
8.69303
6.56679
8.69303
8.69303
8.69303
8.69303
6.56679
8.69303
8.69303
8.69303
8.69303
8.69303
6.56679
8.69303
8.69303
8.69303
8.69303
8.69303
6.56679
8.69303
8.69303
8.69303
8.69303
8.69303
6.56679
8.69303
8.69303
8.69303
8.69303
8.69303
6.56679
6.56679
8.69303
8.69303
8.69303
8.69303
8.69303
8.69303
6.56679
8.69303
8.69303
8.69303
8.69303
8.69303
6.56679
8.69303
8.69303
8.69303
8.69303
6.56679
8.69303
8.69303
8.69303
8.69303
8.69303
6.56679
8.69303
8.69303
8.69303
8.69303
8.69303
6.56679
8.69303
8.69303
8.69303
8.69303
8.69303
6.56679
8.69303
8.69303
8.69303
8.69303
8.69303
6.56679
6.56679
8.69303
8.69303
8.69303
8.69303
8.69303
6.56679
8.69303
8.69303
8.69303
8.69303
8.69303
6.56679
8.69303
8.69303
8.69303
8.69303
8.69303
6.56679
8.69303
8.69303
8.69303
8.69303
8.69303
6.56679
8.69303
8.69303
8.69303
8.69303
8.69303
8.69303
8.69303
8.69303
8.69303
8.69303
8.69303
6.56679
8.69303
8.69303
8.69303
8.69303
8.69303
6.56679
8.69303
8.69303
8.69303
8.69303
8.69303
6.56679
6.56679
8.69303
8.69303
8.69303
8.69303
8.69303
6.56679
8.69303
8.69303
8.69303
8.69303
8.69303
6.56679
8.69303
8.69303
8.69303
8.69303
8.69303
6.56679
8.69303
8.69303
8.69303
8.69303
8.69303
6.56679
8.69303
8.69303
8.69303
8.69303
8.69303
6.56679
8.69303
8.69303
8.69303
8.69303
8.69303
8.69303
6.56679
6.56679
8.69303
8.69303
8.69303
8.69303
8.69303
6.56679
8.69303
8.69303
8.69303
8.69303
6.56679
8.69303
8.69303
8.69303
8.69303
8.69303
6.56679
8.69303
8.69303
8.69303
8.69303
8.69303
6.56679
8.69303
8.69303
8.69303
8.69303
8.69303
6.56679
6.56679
8.69303
8.69303
8.69303
8.69303
6.56679
6.56679
8.69303
8.69303
8.69303
8.69303
8.69303
8.69303
6.56679
8.69303
8.69303
8.69303
8.69303
8.69303
8.69303
8.69303
8.69303
8.69303
8.69303
8.69303
8.69303
8.69303
8.69303
8.69303
8.69303
8.69303
8.69303
8.69303
8.69303
8.69303
8.69303
6.56679
8.69303
8.69303
8.69303
8.69303
8.69303
6.56679
8.69303
8.69303
8.69303
8.69303
8.69303
6.56679
8.69303
8.69303
8.69303
8.69303
8.69303
6.56679
8.69303
8.69303
8.69303
8.69303
8.69303
8.69303
8.69303
6.56679
8.69303
8.69303
8.69303
8.69303
8.69303
8.69303
8.69303
8.69303
8.69303
8.69303
8.69303
6.56679
8.69303
8.69303
8.69303
8.69303
8.69303
8.69303
8.69303
8.69303
8.69303
8.69303
8.69303
8.69303
8.69303
8.69303
8.69303
8.69303
8.69303
8.69303
8.69303
8.69303
8.69303
8.69303
6.56679
8.69303
8.69303
8.69303
8.69303
8.69303
6.56679
8.69303
8.69303
8.69303
8.69303
8.69303
6.56679
8.69303
8.69303
8.69303
8.69303
8.69303
8.69303
6.56679
8.69303
8.69303
8.69303
8.69303
8.69303
6.56679
8.69303
8.69303
8.69303
8.69303
8.69303
8.69303
8.69303
8.69303
8.69303
8.69303
8.69303
6.56679
8.69303
8.69303
8.69303
8.69303
8.69303
6.56679
8.69303
8.69303
8.69303
8.69303
8.69303
6.56679
6.56679
8.69303
8.69303
8.69303
8.69303
8.69303
6.56679
6.56679
8.69303
8.69303
8.69303
8.69303
8.69303
6.56679
8.69303
8.69303
8.69303
8.69303
6.56679
8.69303
8.69303
8.69303
8.69303
8.69303
8.69303
6.56679
6.56679
8.69303
8.69303
8.69303
8.69303
8.69303
8.69303
8.69303
8.69303
8.69303
8.69303
8.69303
8.69303
8.69303
8.69303
8.69303
8.69303
8.69303
6.56679
8.69303
8.69303
8.69303
8.69303
8.69303
8.69303
8.69303
8.69303
8.69303
8.69303
6.56679
8.69303
8.69303
8.69303
8.69303
8.69303
6.56679
8.69303
8.69303
8.69303
8.69303
8.69303
6.56679
8.69303
8.69303
8.69303
8.69303
8.69303
6.56679
6.56679
8.69303
8.69303
8.69303
8.69303
6.56679
6.56679
8.69303
8.69303
8.69303
8.69303
8.69303
8.69303
8.69303
8.69303
8.69303
8.69303
8.69303
8.69303
8.69303
8.69303
8.69303
8.69303
8.69303
8.69303
6.56679
8.69303
8.69303
8.69303
8.69303
8.69303
6.56679
6.56679
8.69303
8.69303
8.69303
8.69303
6.56679
6.56679
8.69303
8.69303
8.69303
8.69303
8.69303
6.56679
8.69303
8.69303
8.69303
8.69303
6.56679
6.56679
8.69303
8.69303
8.69303
8.69303
8.69303
6.56679
8.69303
8.69303
8.69303
8.69303
8.69303
8.69303
8.69303
8.69303
8.69303
8.69303
8.69303
6.56679
8.69303
8.69303
8.69303
8.69303
8.69303
6.56679
8.69303
8.69303
8.69303
8.69303
8.69303
6.56679
8.69303
8.69303
8.69303
8.69303
8.69303
8.69303
8.69303
6.56679
8.69303
8.69303
8.69303
8.69303
8.69303
6.56679
8.69303
8.69303
8.69303
8.69303
8.69303
6.56679
8.69303
8.69303
8.69303
8.69303
8.69303
6.56679
8.69303
8.69303
8.69303
8.69303
8.69303
8.69303
8.69303
8.69303
8.69303
8.69303
8.69303
8.69303
8.69303
8.69303
8.69303
8.69303
6.56679
8.69303
8.69303
8.69303
8.69303
8.69303
6.56679
8.69303
8.69303
8.69303
8.69303
8.69303
6.56679
8.69303
8.69303
8.69303
8.69303
8.69303
6.56679
8.69303
8.69303
8.69303
8.69303
8.69303
6.56679
6.56679
8.69303
8.69303
8.69303
8.69303
8.69303
8.69303
6.56679
8.69303
8.69303
8.69303
6.56679
6.56679
8.69303
8.69303
8.69303
8.69303
8.69303
6.56679
8.69303
8.69303
8.69303
8.69303
8.69303
6.56679
8.69303
8.69303
8.69303
8.69303
8.69303
6.56679
8.69303
8.69303
8.69303
8.69303
8.69303
6.56679
8.69303
8.69303
8.69303
8.69303
8.69303
8.69303
8.69303
6.56679
8.69303
8.69303
8.69303
8.69303
8.69303
6.56679
8.69303
8.69303
8.69303
8.69303
8.69303
6.56679
8.69303
8.69303
8.69303
8.69303
8.69303
8.69303
8.69303
8.69303
8.69303
8.69303
8.69303
8.69303
8.69303
8.69303
8.69303
8.69303
8.69303
8.69303
8.69303
8.69303
8.69303
8.69303
6.56679
8.69303
8.69303
8.69303
8.69303
8.69303
6.56679
8.69303
8.69303
8.69303
8.69303
8.69303
6.56679
8.69303
8.69303
8.69303
8.69303
8.69303
6.56679
8.69303
8.69303
8.69303
8.69303
8.69303
6.56679
8.69303
8.69303
8.69303
8.69303
8.69303
6.56679
8.69303
8.69303
8.69303
8.69303
8.69303
6.56679
6.56679
8.69303
8.69303
8.69303
8.69303
8.69303
6.56679
8.69303
8.69303
8.69303
8.69303
6.56679
6.56679
8.69303
8.69303
8.69303
8.69303
8.69303
6.56679
8.69303
8.69303
8.69303
8.69303
8.69303
6.56679
8.69303
8.69303
8.69303
8.69303
8.69303
6.56679
8.69303
8.69303
8.69303
8.69303
8.69303
8.69303
8.69303
8.69303
8.69303
8.69303
8.69303
8.69303
8.69303
8.69303
8.69303
8.69303
8.69303
8.69303
8.69303
8.69303
8.69303
8.69303
8.69303
8.69303
8.69303
8.69303
8.69303
8.69303
8.69303
8.69303
8.69303
8.69303
8.69303
8.69303
8.69303
6.56679
8.69303
8.69303
8.69303
8.69303
6.56679
8.69303
8.69303
8.69303
8.69303
8.69303
8.69303
8.69303
6.56679
8.69303
8.69303
8.69303
8.69303
6.56679
6.56679
8.69303
8.69303
8.69303
8.69303
8.69303
6.56679
8.69303
8.69303
8.69303
8.69303
8.69303
6.56679
8.69303
8.69303
8.69303
8.69303
8.69303
8.69303
8.69303
8.69303
8.69303
8.69303
8.69303
6.56679
8.69303
8.69303
8.69303
8.69303
8.69303
8.69303
6.56679
8.69303
8.69303
8.69303
8.69303
8.69303
6.56679
6.56679
8.69303
8.69303
8.69303
8.69303
6.56679
6.56679
8.69303
8.69303
8.69303
8.69303
8.69303
6.56679
8.69303
8.69303
8.69303
8.69303
8.69303
8.69303
8.69303
8.69303
8.69303
8.69303
8.69303
8.69303
8.69303
8.69303
8.69303
8.69303
8.69303
8.69303
8.69303
8.69303
8.69303
8.69303
8.69303
6.56679
8.69303
8.69303
8.69303
8.69303
8.69303
8.69303
6.56679
8.69303
8.69303
8.69303
8.69303
8.69303
8.69303
8.69303
8.69303
8.69303
8.69303
8.69303
8.69303
8.69303
8.69303
8.69303
8.69303
8.69303
8.69303
6.56679
8.69303
8.69303
8.69303
8.69303
8.69303
8.69303
8.69303
8.69303
8.69303
8.69303
8.69303
6.56679
8.69303
8.69303
8.69303
8.69303
8.69303
6.56679
8.69303
8.69303
8.69303
8.69303
8.69303
8.69303
6.56679
6.56679
8.69303
8.69303
8.69303
6.56679
8.69303
8.69303
8.69303
8.69303
8.69303
8.69303
6.56679
8.69303
8.69303
8.69303
8.69303
8.69303
8.69303
8.69303
8.69303
8.69303
8.69303
8.69303
8.69303
8.69303
8.69303
8.69303
8.69303
8.69303
6.56679
8.69303
8.69303
8.69303
8.69303
8.69303
6.56679
8.69303
8.69303
8.69303
8.69303
8.69303
8.69303
6.56679
6.56679
8.69303
8.69303
8.69303
8.69303
8.69303
6.56679
8.69303
8.69303
8.69303
8.69303
8.69303
8.69303
8.69303
8.69303
8.69303
8.69303
8.69303
8.69303
8.69303
8.69303
8.69303
8.69303
8.69303
6.56679
8.69303
8.69303
8.69303
8.69303
8.69303
6.56679
8.69303
8.69303
8.69303
8.69303
8.69303
8.69303
8.69303
6.56679
8.69303
8.69303
8.69303
8.69303
6.56679
6.56679
8.69303
8.69303
8.69303
8.69303
8.69303
8.69303
8.69303
8.69303
8.69303
8.69303
6.56679
8.69303
8.69303
8.69303
8.69303
8.69303
6.56679
8.69303
8.69303
8.69303
8.69303
8.69303
6.56679
8.69303
8.69303
8.69303
8.69303
8.69303
6.56679
8.69303
8.69303
8.69303
8.69303
8.69303
6.56679
8.69303
8.69303
8.69303
8.69303
8.69303
6.56679
8.69303
8.69303
8.69303
8.69303
8.69303
6.56679
6.56679
8.69303
8.69303
8.69303
8.69303
8.69303
8.69303
8.69303
8.69303
8.69303
8.69303
8.69303
8.69303
8.69303
8.69303
8.69303
8.69303
8.69303
8.69303
6.56679
8.69303
8.69303
8.69303
8.69303
8.69303
6.56679
6.56679
8.69303
8.69303
8.69303
8.69303
6.56679
6.56679
8.69303
8.69303
8.69303
8.69303
8.69303
6.56679
8.69303
8.69303
8.69303
8.69303
8.69303
8.69303
8.69303
8.69303
8.69303
8.69303
8.69303
8.69303
8.69303
8.69303
8.69303
8.69303
8.69303
8.69303
8.69303
8.69303
8.69303
8.69303
6.56679
8.69303
8.69303
8.69303
8.69303
8.69303
6.56679
8.69303
8.69303
8.69303
8.69303
8.69303
6.56679
8.69303
8.69303
8.69303
8.69303
8.69303
6.56679
6.56679
8.69303
8.69303
8.69303
8.69303
6.56679
6.56679
8.69303
8.69303
8.69303
8.69303
6.56679
6.56679
8.69303
8.69303
8.69303
8.69303
8.69303
8.69303
6.56679
8.69303
8.69303
8.69303
8.69303
8.69303
8.69303
8.69303
8.69303
8.69303
8.69303
8.69303
6.56679
8.69303
8.69303
8.69303
8.69303
8.69303
6.56679
8.69303
8.69303
8.69303
8.69303
8.69303
6.56679
8.69303
8.69303
8.69303
8.69303
8.69303
8.69303
8.69303
6.56679
8.69303
8.69303
8.69303
8.69303
8.69303
6.56679
8.69303
8.69303
8.69303
8.69303
8.69303
6.56679
8.69303
8.69303
8.69303
8.69303
8.69303
6.56679
8.69303
8.69303
8.69303
8.69303
8.69303
8.69303
8.69303
8.69303
8.69303
8.69303
8.69303
6.56679
8.69303
8.69303
8.69303
8.69303
8.69303
6.56679
6.56679
8.69303
8.69303
8.69303
8.69303
6.56679
6.56679
8.69303
8.69303
8.69303
8.69303
8.69303
8.69303
6.56679
8.69303
8.69303
8.69303
8.69303
8.69303
8.69303
8.69303
8.69303
8.69303
8.69303
6.56679
8.69303
8.69303
8.69303
8.69303
8.69303
8.69303
8.69303
8.69303
8.69303
8.69303
8.69303
8.69303
6.56679
8.69303
8.69303
8.69303
8.69303
8.69303
6.56679
8.69303
8.69303
8.69303
8.69303
8.69303
8.69303
8.69303
6.56679
8.69303
8.69303
8.69303
8.69303
8.69303
6.56679
8.69303
8.69303
8.69303
8.69303
6.56679
8.69303
8.69303
8.69303
8.69303
8.69303
8.69303
8.69303
8.69303
8.69303
8.69303
8.69303
6.56679
8.69303
8.69303
8.69303
8.69303
8.69303
6.56679
8.69303
8.69303
8.69303
8.69303
8.69303
8.69303
6.56679
6.56679
8.69303
8.69303
8.69303
8.69303
8.69303
6.56679
8.69303
8.69303
8.69303
8.69303
8.69303
6.56679
8.69303
8.69303
8.69303
8.69303
6.56679
8.69303
8.69303
8.69303
8.69303
8.69303
8.69303
8.69303
8.69303
8.69303
8.69303
8.69303
8.69303
8.69303
8.69303
8.69303
8.69303
8.69303
8.69303
6.56679
8.69303
8.69303
8.69303
8.69303
8.69303
6.56679
8.69303
8.69303
8.69303
8.69303
8.69303
6.56679
8.69303
8.69303
8.69303
8.69303
8.69303
6.56679
8.69303
8.69303
8.69303
8.69303
8.69303
6.56679
6.56679
8.69303
8.69303
8.69303
8.69303
6.56679
6.56679
8.69303
8.69303
8.69303
8.69303
8.69303
8.69303
6.56679
8.69303
8.69303
8.69303
8.69303
6.56679
8.69303
8.69303
8.69303
8.69303
8.69303
8.69303
8.69303
8.69303
8.69303
8.69303
8.69303
6.56679
8.69303
8.69303
8.69303
8.69303
8.69303
6.56679
8.69303
8.69303
8.69303
8.69303
8.69303
6.56679
6.56679
8.69303
8.69303
8.69303
8.69303
6.56679
6.56679
8.69303
8.69303
8.69303
8.69303
8.69303
6.56679
8.69303
8.69303
8.69303
8.69303
8.69303
6.56679
8.69303
8.69303
8.69303
8.69303
8.69303
6.56679
8.69303
8.69303
8.69303
8.69303
8.69303
6.56679
8.69303
8.69303
8.69303
8.69303
8.69303
8.69303
6.56679
8.69303
8.69303
8.69303
8.69303
8.69303
6.56679
8.69303
8.69303
8.69303
8.69303
8.69303
6.56679
8.69303
8.69303
8.69303
8.69303
8.69303
8.69303
6.56679
8.69303
8.69303
8.69303
8.69303
8.69303
8.69303
8.69303
8.69303
8.69303
8.69303
8.69303
6.56679
8.69303
8.69303
8.69303
8.69303
8.69303
6.56679
6.56679
8.69303
8.69303
8.69303
8.69303
8.69303
8.69303
8.69303
8.69303
8.69303
8.69303
8.69303
6.56679
8.69303
8.69303
8.69303
8.69303
8.69303
8.69303
6.56679
8.69303
8.69303
8.69303
8.69303
8.69303
8.69303
8.69303
8.69303
8.69303
8.69303
8.69303
8.69303
8.69303
8.69303
8.69303
8.69303
8.69303
8.69303
6.56679
8.69303
8.69303
8.69303
8.69303
8.69303
6.56679
8.69303
8.69303
8.69303
8.69303
8.69303
8.69303
8.69303
8.69303
8.69303
8.69303
8.69303
6.56679
8.69303
8.69303
8.69303
8.69303
8.69303
8.69303
6.56679
8.69303
8.69303
8.69303
8.69303
8.69303
8.69303
8.69303
8.69303
8.69303
8.69303
8.69303
8.69303
8.69303
8.69303
8.69303
8.69303
6.56679
8.69303
8.69303
8.69303
8.69303
8.69303
8.69303
6.56679
8.69303
8.69303
8.69303
8.69303
8.69303
8.69303
8.69303
8.69303
8.69303
8.69303
6.56679
8.69303
8.69303
8.69303
8.69303
8.69303
8.69303
8.69303
6.56679
8.69303
8.69303
8.69303
8.69303
6.56679
8.69303
8.69303
8.69303
8.69303
6.56679
8.69303
8.69303
8.69303
8.69303
8.69303
6.56679
6.56679
8.69303
8.69303
8.69303
8.69303
8.69303
6.56679
8.69303
8.69303
8.69303
8.69303
8.69303
6.56679
8.69303
8.69303
8.69303
8.69303
8.69303
6.56679
6.56679
8.69303
8.69303
8.69303
8.69303
8.69303
6.56679
8.69303
8.69303
8.69303
8.69303
8.69303
8.69303
8.69303
8.69303
8.69303
8.69303
6.56679
8.69303
8.69303
8.69303
8.69303
8.69303
6.56679
8.69303
8.69303
8.69303
8.69303
8.69303
8.69303
6.56679
8.69303
8.69303
8.69303
8.69303
8.69303
8.69303
8.69303
8.69303
8.69303
8.69303
8.69303
6.56679
8.69303
8.69303
8.69303
8.69303
6.56679
8.69303
8.69303
8.69303
8.69303
8.69303
8.69303
6.56679
8.69303
8.69303
8.69303
8.69303
8.69303
8.69303
8.69303
8.69303
8.69303
8.69303
8.69303
6.56679
8.69303
8.69303
8.69303
8.69303
8.69303
8.69303
6.56679
8.69303
8.69303
8.69303
8.69303
8.69303
6.56679
8.69303
8.69303
8.69303
8.69303
8.69303
8.69303
8.69303
8.69303
8.69303
8.69303
6.56679
8.69303
8.69303
8.69303
8.69303
8.69303
8.69303
8.69303
6.56679
8.69303
8.69303
8.69303
8.69303
8.69303
8.69303
8.69303
8.69303
8.69303
8.69303
6.56679
8.69303
8.69303
8.69303
8.69303
8.69303
8.69303
8.69303
8.69303
8.69303
8.69303
8.69303
8.69303
6.56679
8.69303
8.69303
8.69303
8.69303
6.56679
8.69303
8.69303
8.69303
8.69303
8.69303
6.56679
8.69303
8.69303
8.69303
8.69303
8.69303
6.56679
6.56679
8.69303
8.69303
8.69303
8.69303
8.69303
8.69303
8.69303
8.69303
8.69303
8.69303
8.69303
6.56679
8.69303
8.69303
8.69303
8.69303
8.69303
6.56679
8.69303
8.69303
8.69303
8.69303
8.69303
6.56679
6.56679
8.69303
8.69303
8.69303
8.69303
8.69303
6.56679
8.69303
8.69303
8.69303
8.69303
6.56679
6.56679
8.69303
8.69303
8.69303
8.69303
8.69303
6.56679
8.69303
8.69303
8.69303
8.69303
6.56679
8.69303
8.69303
8.69303
8.69303
6.56679
6.56679
8.69303
8.69303
8.69303
8.69303
8.69303
8.69303
6.56679
8.69303
8.69303
8.69303
8.69303
8.69303
8.69303
8.69303
8.69303
8.69303
8.69303
8.69303
8.69303
8.69303
8.69303
8.69303
8.69303
6.56679
8.69303
8.69303
8.69303
8.69303
8.69303
8.69303
6.56679
8.69303
8.69303
8.69303
8.69303
8.69303
6.56679
6.56679
8.69303
8.69303
8.69303
8.69303
6.56679
8.69303
8.69303
8.69303
8.69303
6.56679
8.69303
8.69303
8.69303
8.69303
8.69303
6.56679
6.56679
8.69303
8.69303
8.69303
8.69303
6.56679
6.56679
8.69303
8.69303
8.69303
8.69303
6.56679
6.56679
8.69303
8.69303
8.69303
8.69303
8.69303
6.56679
8.69303
8.69303
8.69303
8.69303
8.69303
6.56679
8.69303
8.69303
8.69303
8.69303
6.56679
8.69303
8.69303
8.69303
8.69303
8.69303
6.56679
8.69303
8.69303
8.69303
8.69303
8.69303
6.56679
8.69303
8.69303
8.69303
8.69303
8.69303
6.56679
8.69303
8.69303
8.69303
8.69303
8.69303
6.56679
8.69303
8.69303
8.69303
8.69303
8.69303
8.69303
8.69303
8.69303
8.69303
8.69303
8.69303
8.69303
8.69303
8.69303
8.69303
8.69303
8.69303
6.56679
8.69303
8.69303
8.69303
8.69303
8.69303
6.56679
6.56679
8.69303
8.69303
8.69303
8.69303
8.69303
6.56679
8.69303
8.69303
8.69303
8.69303
8.69303
6.56679
8.69303
8.69303
8.69303
8.69303
8.69303
6.56679
8.69303
8.69303
8.69303
8.69303
8.69303
8.69303
8.69303
8.69303
8.69303
8.69303
8.69303
8.69303
8.69303
8.69303
8.69303
8.69303
8.69303
8.69303
8.69303
8.69303
8.69303
8.69303
6.56679
8.69303
8.69303
8.69303
8.69303
8.69303
6.56679
8.69303
8.69303
8.69303
8.69303
8.69303
8.69303
6.56679
6.56679
8.69303
8.69303
8.69303
6.56679
8.69303
8.69303
8.69303
8.69303
8.69303
6.56679
8.69303
8.69303
8.69303
8.69303
8.69303
6.56679
6.56679
8.69303
8.69303
8.69303
8.69303
6.56679
6.56679
8.69303
8.69303
8.69303
8.69303
8.69303
8.69303
6.56679
8.69303
8.69303
8.69303
8.69303
8.69303
8.69303
8.69303
8.69303
8.69303
8.69303
8.69303
8.69303
8.69303
8.69303
8.69303
8.69303
8.69303
6.56679
8.69303
8.69303
8.69303
8.69303
8.69303
6.56679
8.69303
8.69303
8.69303
8.69303
8.69303
6.56679
8.69303
8.69303
8.69303
8.69303
8.69303
8.69303
8.69303
8.69303
8.69303
8.69303
8.69303
8.69303
8.69303
8.69303
8.69303
8.69303
6.56679
8.69303
8.69303
8.69303
8.69303
8.69303
8.69303
6.56679
6.56679
6.56679
8.69303
8.69303
8.69303
8.69303
8.69303
8.69303
8.69303
8.69303
8.69303
6.56679
8.69303
8.69303
8.69303
8.69303
8.69303
6.56679
8.69303
8.69303
8.69303
8.69303
8.69303
6.56679
6.56679
8.69303
8.69303
8.69303
8.69303
8.69303
8.69303
6.56679
8.69303
8.69303
8.69303
8.69303
8.69303
6.56679
8.69303
8.69303
8.69303
8.69303
8.69303
6.56679
8.69303
8.69303
8.69303
8.69303
8.69303
6.56679
8.69303
8.69303
8.69303
8.69303
8.69303
6.56679
8.69303
8.69303
8.69303
8.69303
8.69303
8.69303
6.56679
8.69303
8.69303
8.69303
8.69303
8.69303
6.56679
8.69303
8.69303
8.69303
8.69303
8.69303
8.69303
8.69303
8.69303
8.69303
8.69303
6.56679
8.69303
8.69303
8.69303
8.69303
8.69303
6.56679
6.56679
8.69303
8.69303
8.69303
8.69303
8.69303
6.56679
8.69303
8.69303
8.69303
8.69303
6.56679
8.69303
8.69303
8.69303
8.69303
8.69303
6.56679
8.69303
8.69303
8.69303
8.69303
8.69303
6.56679
6.56679
8.69303
8.69303
8.69303
8.69303
8.69303
6.56679
8.69303
8.69303
8.69303
8.69303
8.69303
6.56679
8.69303
8.69303
8.69303
8.69303
8.69303
6.56679
8.69303
8.69303
8.69303
8.69303
6.56679
6.56679
8.69303
8.69303
8.69303
8.69303
6.56679
6.56679
8.69303
8.69303
8.69303
8.69303
8.69303
8.69303
8.69303
8.69303
8.69303
8.69303
8.69303
8.69303
6.56679
8.69303
8.69303
8.69303
8.69303
8.69303
6.56679
8.69303
8.69303
8.69303
8.69303
8.69303
8.69303
8.69303
8.69303
8.69303
8.69303
6.56679
8.69303
8.69303
8.69303
8.69303
8.69303
6.56679
6.56679
8.69303
8.69303
8.69303
8.69303
8.69303
8.69303
8.69303
8.69303
8.69303
8.69303
8.69303
6.56679
8.69303
8.69303
8.69303
8.69303
8.69303
6.56679
6.56679
8.69303
8.69303
8.69303
8.69303
8.69303
6.56679
8.69303
8.69303
8.69303
8.69303
8.69303
6.56679
8.69303
8.69303
8.69303
8.69303
8.69303
6.56679
6.56679
8.69303
8.69303
8.69303
6.56679
8.69303
8.69303
8.69303
8.69303
8.69303
8.69303
8.69303
6.56679
8.69303
8.69303
8.69303
8.69303
6.56679
8.69303
8.69303
8.69303
8.69303
8.69303
6.56679
8.69303
8.69303
8.69303
8.69303
8.69303
6.56679
6.56679
8.69303
8.69303
8.69303
8.69303
8.69303
6.56679
8.69303
8.69303
8.69303
8.69303
8.69303
6.56679
8.69303
8.69303
8.69303
8.69303
8.69303
6.56679
6.56679
8.69303
8.69303
8.69303
8.69303
8.69303
8.69303
8.69303
8.69303
8.69303
8.69303
8.69303
8.69303
8.69303
8.69303
8.69303
8.69303
8.69303
6.56679
6.56679
8.69303
8.69303
8.69303
8.69303
8.69303
6.56679
8.69303
8.69303
8.69303
8.69303
8.69303
8.69303
8.69303
8.69303
8.69303
8.69303
6.56679
8.69303
8.69303
8.69303
8.69303
8.69303
6.56679
6.56679
8.69303
8.69303
8.69303
8.69303
8.69303
6.56679
8.69303
8.69303
8.69303
8.69303
8.69303
8.69303
8.69303
8.69303
8.69303
8.69303
6.56679
8.69303
8.69303
8.69303
8.69303
8.69303
8.69303
8.69303
8.69303
8.69303
8.69303
8.69303
8.69303
8.69303
8.69303
8.69303
8.69303
8.69303
8.69303
6.56679
6.56679
8.69303
8.69303
8.69303
8.69303
6.56679
6.56679
8.69303
8.69303
8.69303
8.69303
6.56679
8.69303
8.69303
8.69303
8.69303
8.69303
6.56679
8.69303
8.69303
8.69303
8.69303
8.69303
6.56679
6.56679
8.69303
8.69303
8.69303
8.69303
8.69303
8.69303
6.56679
8.69303
8.69303
8.69303
8.69303
6.56679
8.69303
8.69303
8.69303
8.69303
6.56679
8.69303
8.69303
8.69303
8.69303
8.69303
6.56679
6.56679
8.69303
8.69303
8.69303
8.69303
8.69303
6.56679
8.69303
8.69303
8.69303
8.69303
8.69303
6.56679
8.69303
8.69303
8.69303
8.69303
8.69303
6.56679
8.69303
8.69303
8.69303
8.69303
8.69303
6.56679
6.56679
8.69303
8.69303
8.69303
8.69303
8.69303
8.69303
8.69303
8.69303
8.69303
8.69303
8.69303
8.69303
8.69303
8.69303
8.69303
8.69303
6.56679
8.69303
8.69303
8.69303
8.69303
8.69303
6.56679
6.56679
8.69303
8.69303
8.69303
8.69303
8.69303
6.56679
8.69303
8.69303
8.69303
8.69303
6.56679
8.69303
8.69303
8.69303
8.69303
8.69303
6.56679
6.56679
8.69303
8.69303
8.69303
8.69303
6.56679
6.56679
8.69303
8.69303
8.69303
8.69303
8.69303
6.56679
8.69303
8.69303
8.69303
8.69303
8.69303
8.69303
8.69303
8.69303
8.69303
8.69303
8.69303
6.56679
8.69303
8.69303
8.69303
8.69303
8.69303
8.69303
6.56679
8.69303
8.69303
8.69303
8.69303
8.69303
8.69303
8.69303
8.69303
8.69303
8.69303
8.69303
6.56679
8.69303
8.69303
8.69303
8.69303
8.69303
6.56679
6.56679
8.69303
8.69303
8.69303
8.69303
6.56679
8.69303
8.69303
8.69303
8.69303
8.69303
8.69303
8.69303
8.69303
8.69303
8.69303
6.56679
8.69303
8.69303
8.69303
8.69303
8.69303
8.69303
8.69303
6.56679
8.69303
8.69303
8.69303
8.69303
8.69303
6.56679
8.69303
8.69303
8.69303
8.69303
8.69303
8.69303
8.69303
8.69303
8.69303
8.69303
6.56679
8.69303
8.69303
8.69303
8.69303
8.69303
6.56679
6.56679
8.69303
8.69303
8.69303
8.69303
8.69303
6.56679
8.69303
8.69303
8.69303
8.69303
6.56679
8.69303
8.69303
8.69303
8.69303
8.69303
8.69303
6.56679
6.56679
8.69303
8.69303
8.69303
8.69303
8.69303
6.56679
8.69303
8.69303
8.69303
8.69303
6.56679
8.69303
8.69303
8.69303
8.69303
8.69303
6.56679
6.56679
8.69303
8.69303
8.69303
8.69303
6.56679
6.56679
8.69303
8.69303
8.69303
8.69303
8.69303
6.56679
8.69303
8.69303
8.69303
8.69303
8.69303
8.69303
8.69303
8.69303
8.69303
8.69303
8.69303
6.56679
6.56679
8.69303
8.69303
8.69303
6.56679
6.56679
8.69303
8.69303
8.69303
8.69303
8.69303
8.69303
8.69303
8.69303
8.69303
8.69303
8.69303
8.69303
8.69303
8.69303
8.69303
8.69303
8.69303
6.56679
8.69303
8.69303
8.69303
8.69303
8.69303
8.69303
8.69303
6.56679
8.69303
8.69303
8.69303
8.69303
8.69303
6.56679
8.69303
8.69303
8.69303
8.69303
6.56679
8.69303
8.69303
8.69303
8.69303
8.69303
6.56679
8.69303
8.69303
8.69303
8.69303
8.69303
6.56679
6.56679
8.69303
8.69303
8.69303
8.69303
8.69303
6.56679
8.69303
8.69303
8.69303
8.69303
6.56679
8.69303
8.69303
8.69303
8.69303
8.69303
6.56679
8.69303
8.69303
8.69303
8.69303
8.69303
6.56679
6.56679
8.69303
8.69303
8.69303
8.69303
8.69303
8.69303
8.69303
8.69303
8.69303
8.69303
8.69303
8.69303
8.69303
8.69303
8.69303
8.69303
6.56679
8.69303
8.69303
8.69303
8.69303
8.69303
8.69303
8.69303
8.69303
8.69303
8.69303
8.69303
8.69303
6.56679
8.69303
8.69303
8.69303
8.69303
8.69303
6.56679
6.56679
8.69303
8.69303
8.69303
8.69303
8.69303
6.56679
8.69303
8.69303
8.69303
8.69303
8.69303
8.69303
8.69303
8.69303
8.69303
8.69303
8.69303
6.56679
8.69303
8.69303
8.69303
8.69303
8.69303
8.69303
6.56679
8.69303
8.69303
8.69303
8.69303
8.69303
8.69303
8.69303
8.69303
8.69303
8.69303
6.56679
8.69303
8.69303
8.69303
8.69303
8.69303
6.56679
6.56679
8.69303
8.69303
8.69303
8.69303
8.69303
6.56679
8.69303
8.69303
8.69303
8.69303
8.69303
8.69303
8.69303
8.69303
8.69303
8.69303
8.69303
8.69303
6.56679
8.69303
8.69303
8.69303
8.69303
8.69303
8.69303
8.69303
8.69303
8.69303
8.69303
8.69303
8.69303
6.56679
8.69303
8.69303
8.69303
8.69303
6.56679
8.69303
8.69303
8.69303
8.69303
8.69303
6.56679
8.69303
8.69303
8.69303
8.69303
8.69303
6.56679
6.56679
8.69303
8.69303
8.69303
8.69303
8.69303
6.56679
8.69303
8.69303
8.69303
8.69303
8.69303
6.56679
8.69303
8.69303
8.69303
8.69303
8.69303
6.56679
6.56679
8.69303
8.69303
8.69303
8.69303
8.69303
8.69303
8.69303
8.69303
8.69303
8.69303
8.69303
8.69303
8.69303
8.69303
8.69303
8.69303
6.56679
8.69303
8.69303
8.69303
8.69303
8.69303
8.69303
8.69303
8.69303
8.69303
8.69303
8.69303
8.69303
8.69303
8.69303
8.69303
8.69303
8.69303
8.69303
6.56679
8.69303
8.69303
8.69303
8.69303
8.69303
6.56679
6.56679
8.69303
8.69303
8.69303
8.69303
8.69303
6.56679
8.69303
8.69303
8.69303
8.69303
8.69303
6.56679
8.69303
8.69303
8.69303
8.69303
8.69303
6.56679
6.56679
8.69303
8.69303
8.69303
8.69303
8.69303
8.69303
8.69303
8.69303
8.69303
8.69303
8.69303
6.56679
8.69303
8.69303
8.69303
8.69303
8.69303
6.56679
8.69303
8.69303
8.69303
8.69303
8.69303
8.69303
8.69303
8.69303
8.69303
8.69303
8.69303
8.69303
8.69303
8.69303
8.69303
8.69303
8.69303
8.69303
6.56679
6.56679
8.69303
8.69303
8.69303
8.69303
8.69303
6.56679
8.69303
8.69303
8.69303
8.69303
8.69303
8.69303
8.69303
8.69303
8.69303
8.69303
8.69303
6.56679
6.56679
8.69303
8.69303
8.69303
8.69303
8.69303
6.56679
8.69303
8.69303
8.69303
8.69303
8.69303
8.69303
8.69303
8.69303
8.69303
8.69303
8.69303
8.69303
8.69303
8.69303
8.69303
8.69303
6.56679
8.69303
8.69303
8.69303
8.69303
8.69303
6.56679
8.69303
8.69303
8.69303
8.69303
8.69303
8.69303
6.56679
6.56679
8.69303
8.69303
8.69303
8.69303
8.69303
6.56679
8.69303
8.69303
8.69303
8.69303
8.69303
6.56679
8.69303
8.69303
8.69303
8.69303
8.69303
8.69303
8.69303
8.69303
8.69303
8.69303
8.69303
6.56679
6.56679
8.69303
8.69303
8.69303
8.69303
6.56679
6.56679
8.69303
8.69303
8.69303
8.69303
6.56679
6.56679
8.69303
8.69303
8.69303
8.69303
8.69303
6.56679
8.69303
8.69303
8.69303
8.69303
8.69303
6.56679
8.69303
8.69303
8.69303
8.69303
8.69303
8.69303
8.69303
8.69303
8.69303
8.69303
8.69303
6.56679
8.69303
8.69303
8.69303
8.69303
8.69303
8.69303
8.69303
8.69303
8.69303
8.69303
8.69303
8.69303
8.69303
8.69303
8.69303
8.69303
8.69303
8.69303
8.69303
8.69303
8.69303
8.69303
8.69303
6.56679
8.69303
8.69303
8.69303
8.69303
6.56679
8.69303
8.69303
8.69303
8.69303
8.69303
6.56679
6.56679
6.56679
8.69303
8.69303
8.69303
8.69303
8.69303
8.69303
8.69303
8.69303
8.69303
6.56679
8.69303
8.69303
8.69303
8.69303
8.69303
8.69303
6.56679
8.69303
8.69303
8.69303
8.69303
8.69303
6.56679
8.69303
8.69303
8.69303
8.69303
8.69303
8.69303
8.69303
8.69303
8.69303
8.69303
6.56679
8.69303
8.69303
8.69303
8.69303
8.69303
8.69303
8.69303
8.69303
8.69303
8.69303
8.69303
6.56679
8.69303
8.69303
8.69303
8.69303
8.69303
6.56679
8.69303
8.69303
8.69303
8.69303
8.69303
6.56679
8.69303
8.69303
8.69303
8.69303
8.69303
6.56679
8.69303
8.69303
8.69303
8.69303
8.69303
6.56679
8.69303
8.69303
8.69303
8.69303
8.69303
6.56679
6.56679
8.69303
8.69303
8.69303
8.69303
6.56679
6.56679
8.69303
8.69303
8.69303
8.69303
8.69303
6.56679
8.69303
8.69303
8.69303
8.69303
8.69303
6.56679
8.69303
8.69303
8.69303
8.69303
8.69303
6.56679
8.69303
8.69303
8.69303
8.69303
8.69303
6.56679
8.69303
8.69303
8.69303
8.69303
8.69303
6.56679
8.69303
8.69303
8.69303
8.69303
6.56679
8.69303
8.69303
8.69303
8.69303
8.69303
8.69303
8.69303
6.56679
8.69303
8.69303
8.69303
6.56679
6.56679
8.69303
8.69303
8.69303
8.69303
6.56679
6.56679
8.69303
8.69303
8.69303
8.69303
8.69303
8.69303
8.69303
8.69303
8.69303
8.69303
8.69303
6.56679
8.69303
8.69303
8.69303
8.69303
6.56679
8.69303
8.69303
8.69303
8.69303
8.69303
6.56679
8.69303
8.69303
8.69303
8.69303
8.69303
6.56679
8.69303
8.69303
8.69303
8.69303
8.69303
6.56679
6.56679
8.69303
8.69303
8.69303
8.69303
6.56679
6.56679
8.69303
8.69303
8.69303
8.69303
8.69303
6.56679
8.69303
8.69303
8.69303
8.69303
8.69303
8.69303
8.69303
8.69303
8.69303
8.69303
8.69303
6.56679
8.69303
8.69303
8.69303
8.69303
8.69303
6.56679
8.69303
8.69303
8.69303
8.69303
8.69303
6.56679
8.69303
8.69303
8.69303
8.69303
8.69303
6.56679
6.56679
8.69303
8.69303
8.69303
6.56679
8.69303
8.69303
8.69303
8.69303
8.69303
6.56679
8.69303
8.69303
8.69303
8.69303
8.69303
6.56679
8.69303
8.69303
8.69303
8.69303
8.69303
6.56679
6.56679
8.69303
8.69303
8.69303
8.69303
8.69303
8.69303
6.56679
8.69303
8.69303
8.69303
8.69303
8.69303
8.69303
8.69303
8.69303
8.69303
8.69303
8.69303
8.69303
8.69303
8.69303
8.69303
8.69303
8.69303
6.56679
8.69303
8.69303
8.69303
8.69303
6.56679
8.69303
8.69303
8.69303
8.69303
8.69303
6.56679
8.69303
8.69303
8.69303
8.69303
8.69303
8.69303
8.69303
6.56679
8.69303
8.69303
8.69303
8.69303
8.69303
6.56679
8.69303
8.69303
8.69303
8.69303
8.69303
6.56679
8.69303
8.69303
8.69303
8.69303
8.69303
8.69303
8.69303
8.69303
8.69303
8.69303
6.56679
8.69303
8.69303
8.69303
8.69303
8.69303
8.69303
8.69303
8.69303
8.69303
8.69303
8.69303
8.69303
8.69303
8.69303
8.69303
8.69303
8.69303
8.69303
8.69303
8.69303
8.69303
8.69303
8.69303
6.56679
8.69303
8.69303
8.69303
8.69303
8.69303
8.69303
6.56679
6.56679
8.69303
8.69303
8.69303
8.69303
8.69303
6.56679
8.69303
8.69303
8.69303
8.69303
6.56679
6.56679
8.69303
8.69303
8.69303
8.69303
8.69303
6.56679
8.69303
8.69303
8.69303
8.69303
8.69303
8.69303
8.69303
8.69303
8.69303
8.69303
8.69303
8.69303
8.69303
8.69303
8.69303
8.69303
6.56679
8.69303
8.69303
8.69303
8.69303
8.69303
6.56679
8.69303
8.69303
8.69303
8.69303
8.69303
6.56679
6.56679
8.69303
8.69303
8.69303
8.69303
6.56679
6.56679
8.69303
8.69303
8.69303
8.69303
8.69303
8.69303
6.56679
8.69303
8.69303
8.69303
8.69303
8.69303
6.56679
8.69303
8.69303
8.69303
8.69303
8.69303
6.56679
8.69303
8.69303
8.69303
8.69303
8.69303
8.69303
8.69303
8.69303
8.69303
8.69303
6.56679
8.69303
8.69303
8.69303
8.69303
8.69303
6.56679
6.56679
8.69303
8.69303
8.69303
8.69303
8.69303
6.56679
8.69303
8.69303
8.69303
8.69303
8.69303
6.56679
8.69303
8.69303
8.69303
8.69303
8.69303
6.56679
8.69303
8.69303
8.69303
8.69303
8.69303
6.56679
8.69303
8.69303
8.69303
8.69303
8.69303
6.56679
8.69303
8.69303
8.69303
8.69303
8.69303
6.56679
8.69303
8.69303
8.69303
8.69303
8.69303
6.56679
8.69303
8.69303
8.69303
8.69303
8.69303
8.69303
8.69303
6.56679
8.69303
8.69303
8.69303
8.69303
8.69303
6.56679
8.69303
8.69303
8.69303
8.69303
8.69303
6.56679
8.69303
8.69303
8.69303
8.69303
8.69303
6.56679
8.69303
8.69303
8.69303
8.69303
8.69303
6.56679
8.69303
8.69303
8.69303
8.69303
8.69303
6.56679
8.69303
8.69303
8.69303
8.69303
8.69303
6.56679
8.69303
8.69303
8.69303
8.69303
6.56679
8.69303
8.69303
8.69303
8.69303
8.69303
6.56679
8.69303
8.69303
8.69303
8.69303
8.69303
6.56679
8.69303
8.69303
8.69303
8.69303
8.69303
6.56679
6.56679
8.69303
8.69303
8.69303
8.69303
8.69303
8.69303
8.69303
8.69303
8.69303
8.69303
8.69303
8.69303
8.69303
8.69303
8.69303
8.69303
8.69303
8.69303
8.69303
8.69303
8.69303
8.69303
8.69303
8.69303
8.69303
8.69303
8.69303
8.69303
6.56679
8.69303
8.69303
8.69303
8.69303
6.56679
8.69303
8.69303
8.69303
8.69303
8.69303
6.56679
8.69303
8.69303
8.69303
8.69303
8.69303
6.56679
8.69303
8.69303
8.69303
8.69303
8.69303
6.56679
8.69303
8.69303
8.69303
8.69303
8.69303
6.56679
6.56679
8.69303
8.69303
8.69303
8.69303
8.69303
8.69303
6.56679
8.69303
8.69303
8.69303
8.69303
6.56679
8.69303
8.69303
8.69303
8.69303
8.69303
6.56679
8.69303
8.69303
8.69303
8.69303
8.69303
6.56679
8.69303
8.69303
8.69303
8.69303
8.69303
8.69303
8.69303
8.69303
8.69303
8.69303
6.56679
6.56679
8.69303
8.69303
8.69303
8.69303
8.69303
8.69303
8.69303
8.69303
8.69303
8.69303
8.69303
8.69303
8.69303
8.69303
8.69303
8.69303
8.69303
8.69303
8.69303
8.69303
8.69303
8.69303
8.69303
8.69303
8.69303
8.69303
8.69303
8.69303
6.56679
8.69303
8.69303
8.69303
8.69303
8.69303
6.56679
8.69303
8.69303
8.69303
8.69303
8.69303
6.56679
6.56679
8.69303
8.69303
8.69303
8.69303
8.69303
8.69303
6.56679
8.69303
8.69303
8.69303
8.69303
8.69303
8.69303
8.69303
8.69303
8.69303
8.69303
6.56679
8.69303
8.69303
8.69303
8.69303
8.69303
6.56679
8.69303
8.69303
8.69303
8.69303
8.69303
6.56679
6.56679
8.69303
8.69303
8.69303
8.69303
8.69303
6.56679
8.69303
8.69303
8.69303
8.69303
8.69303
6.56679
8.69303
8.69303
8.69303
8.69303
8.69303
6.56679
8.69303
8.69303
8.69303
8.69303
8.69303
6.56679
8.69303
8.69303
8.69303
8.69303
8.69303
8.69303
8.69303
8.69303
8.69303
8.69303
8.69303
6.56679
6.56679
8.69303
8.69303
8.69303
8.69303
8.69303
6.56679
8.69303
8.69303
8.69303
8.69303
8.69303
6.56679
8.69303
8.69303
8.69303
8.69303
6.56679
8.69303
8.69303
8.69303
8.69303
8.69303
8.69303
8.69303
8.69303
8.69303
8.69303
8.69303
8.69303
8.69303
8.69303
8.69303
8.69303
6.56679
8.69303
8.69303
8.69303
8.69303
8.69303
6.56679
8.69303
8.69303
8.69303
8.69303
8.69303
6.56679
8.69303
8.69303
8.69303
8.69303
8.69303
8.69303
6.56679
8.69303
8.69303
8.69303
8.69303
8.69303
6.56679
8.69303
8.69303
8.69303
8.69303
8.69303
6.56679
8.69303
8.69303
8.69303
8.69303
6.56679
8.69303
8.69303
8.69303
8.69303
8.69303
6.56679
8.69303
8.69303
8.69303
8.69303
8.69303
6.56679
6.56679
8.69303
8.69303
8.69303
8.69303
6.56679
6.56679
8.69303
8.69303
8.69303
8.69303
6.56679
8.69303
8.69303
8.69303
8.69303
8.69303
6.56679
8.69303
8.69303
8.69303
8.69303
8.69303
6.56679
8.69303
8.69303
8.69303
8.69303
6.56679
8.69303
8.69303
8.69303
8.69303
8.69303
6.56679
8.69303
8.69303
8.69303
8.69303
6.56679
8.69303
8.69303
8.69303
8.69303
8.69303
6.56679
6.56679
8.69303
8.69303
8.69303
8.69303
6.56679
8.69303
8.69303
8.69303
8.69303
8.69303
8.69303
8.69303
6.56679
8.69303
8.69303
8.69303
8.69303
6.56679
8.69303
8.69303
8.69303
8.69303
8.69303
6.56679
8.69303
8.69303
8.69303
8.69303
8.69303
6.56679
8.69303
8.69303
8.69303
8.69303
8.69303
8.69303
8.69303
8.69303
8.69303
8.69303
6.56679
8.69303
8.69303
8.69303
8.69303
8.69303
8.69303
8.69303
8.69303
8.69303
8.69303
6.56679
8.69303
8.69303
8.69303
8.69303
8.69303
6.56679
8.69303
8.69303
8.69303
8.69303
8.69303
8.69303
6.56679
8.69303
8.69303
8.69303
8.69303
6.56679
6.56679
8.69303
8.69303
8.69303
8.69303
6.56679
6.56679
8.69303
8.69303
8.69303
8.69303
8.69303
6.56679
8.69303
8.69303
8.69303
8.69303
8.69303
6.56679
8.69303
8.69303
8.69303
8.69303
8.69303
6.56679
8.69303
8.69303
8.69303
8.69303
8.69303
8.69303
8.69303
8.69303
8.69303
8.69303
6.56679
8.69303
8.69303
8.69303
8.69303
8.69303
8.69303
8.69303
8.69303
8.69303
8.69303
6.56679
8.69303
8.69303
8.69303
8.69303
8.69303
6.56679
6.56679
8.69303
8.69303
8.69303
8.69303
8.69303
8.69303
8.69303
8.69303
8.69303
8.69303
8.69303
8.69303
8.69303
8.69303
8.69303
8.69303
8.69303
6.56679
8.69303
8.69303
8.69303
8.69303
8.69303
6.56679
8.69303
8.69303
8.69303
8.69303
8.69303
6.56679
8.69303
8.69303
8.69303
8.69303
8.69303
6.56679
6.56679
8.69303
8.69303
8.69303
8.69303
8.69303
6.56679
8.69303
8.69303
8.69303
8.69303
8.69303
6.56679
8.69303
8.69303
8.69303
8.69303
8.69303
6.56679
8.69303
8.69303
8.69303
8.69303
8.69303
8.69303
8.69303
8.69303
8.69303
8.69303
8.69303
8.69303
8.69303
8.69303
8.69303
8.69303
6.56679
8.69303
8.69303
8.69303
8.69303
8.69303
6.56679
8.69303
8.69303
8.69303
8.69303
8.69303
6.56679
6.56679
8.69303
8.69303
8.69303
8.69303
6.56679
6.56679
8.69303
8.69303
8.69303
8.69303
8.69303
8.69303
6.56679
8.69303
8.69303
8.69303
8.69303
8.69303
8.69303
8.69303
8.69303
8.69303
8.69303
6.56679
8.69303
8.69303
8.69303
8.69303
8.69303
6.56679
8.69303
8.69303
8.69303
8.69303
8.69303
6.56679
8.69303
8.69303
8.69303
8.69303
8.69303
6.56679
8.69303
8.69303
8.69303
8.69303
8.69303
6.56679
8.69303
8.69303
8.69303
8.69303
6.56679
8.69303
8.69303
8.69303
8.69303
8.69303
6.56679
8.69303
8.69303
8.69303
8.69303
8.69303
8.69303
8.69303
6.56679
8.69303
8.69303
8.69303
8.69303
6.56679
8.69303
8.69303
8.69303
8.69303
8.69303
8.69303
8.69303
8.69303
8.69303
8.69303
6.56679
8.69303
8.69303
8.69303
8.69303
8.69303
8.69303
6.56679
8.69303
8.69303
8.69303
8.69303
8.69303
8.69303
8.69303
8.69303
8.69303
8.69303
6.56679
6.56679
8.69303
8.69303
8.69303
8.69303
8.69303
6.56679
8.69303
8.69303
8.69303
8.69303
6.56679
8.69303
8.69303
8.69303
8.69303
8.69303
8.69303
6.56679
8.69303
8.69303
8.69303
8.69303
8.69303
8.69303
8.69303
8.69303
8.69303
8.69303
6.56679
8.69303
8.69303
8.69303
8.69303
6.56679
6.56679
8.69303
8.69303
8.69303
8.69303
8.69303
6.56679
8.69303
8.69303
8.69303
8.69303
6.56679
8.69303
8.69303
8.69303
8.69303
8.69303
8.69303
6.56679
8.69303
8.69303
8.69303
8.69303
8.69303
6.56679
8.69303
8.69303
8.69303
8.69303
6.56679
8.69303
8.69303
8.69303
8.69303
8.69303
8.69303
6.56679
8.69303
8.69303
8.69303
8.69303
6.56679
8.69303
8.69303
8.69303
8.69303
6.56679
8.69303
8.69303
8.69303
8.69303
8.69303
6.56679
6.56679
8.69303
8.69303
8.69303
8.69303
8.69303
6.56679
8.69303
8.69303
8.69303
8.69303
6.56679
8.69303
8.69303
8.69303
8.69303
8.69303
6.56679
6.56679
8.69303
8.69303
8.69303
8.69303
8.69303
8.69303
8.69303
8.69303
8.69303
8.69303
6.56679
6.56679
8.69303
8.69303
8.69303
8.69303
8.69303
6.56679
8.69303
8.69303
8.69303
8.69303
6.56679
8.69303
8.69303
8.69303
8.69303
8.69303
8.69303
8.69303
6.56679
8.69303
8.69303
8.69303
8.69303
8.69303
8.69303
8.69303
8.69303
8.69303
6.56679
8.69303
8.69303
8.69303
8.69303
8.69303
8.69303
6.56679
8.69303
8.69303
8.69303
8.69303
8.69303
6.56679
8.69303
8.69303
8.69303
8.69303
8.69303
8.69303
8.69303
8.69303
8.69303
8.69303
8.69303
8.69303
8.69303
8.69303
8.69303
8.69303
8.69303
8.69303
8.69303
8.69303
8.69303
8.69303
8.69303
6.56679
8.69303
8.69303
8.69303
8.69303
6.56679
8.69303
8.69303
8.69303
8.69303
8.69303
8.69303
6.56679
6.56679
8.69303
8.69303
8.69303
8.69303
8.69303
6.56679
8.69303
8.69303
8.69303
8.69303
6.56679
8.69303
8.69303
8.69303
8.69303
8.69303
6.56679
8.69303
8.69303
8.69303
8.69303
8.69303
6.56679
8.69303
8.69303
8.69303
8.69303
8.69303
8.69303
8.69303
8.69303
8.69303
8.69303
8.69303
6.56679
8.69303
8.69303
8.69303
8.69303
8.69303
6.56679
6.56679
8.69303
8.69303
8.69303
8.69303
8.69303
6.56679
8.69303
8.69303
8.69303
8.69303
8.69303
6.56679
8.69303
8.69303
8.69303
8.69303
8.69303
6.56679
8.69303
8.69303
8.69303
8.69303
8.69303
6.56679
8.69303
8.69303
8.69303
8.69303
8.69303
8.69303
6.56679
8.69303
8.69303
8.69303
8.69303
6.56679
6.56679
8.69303
8.69303
8.69303
8.69303
8.69303
8.69303
6.56679
8.69303
8.69303
8.69303
8.69303
8.69303
8.69303
8.69303
8.69303
8.69303
8.69303
8.69303
8.69303
8.69303
8.69303
8.69303
8.69303
6.56679
8.69303
8.69303
8.69303
8.69303
8.69303
6.56679
8.69303
8.69303
8.69303
8.69303
8.69303
8.69303
8.69303
6.56679
8.69303
8.69303
8.69303
8.69303
8.69303
6.56679
8.69303
8.69303
8.69303
8.69303
8.69303
6.56679
8.69303
8.69303
8.69303
8.69303
8.69303
8.69303
8.69303
8.69303
8.69303
8.69303
8.69303
8.69303
8.69303
8.69303
8.69303
8.69303
8.69303
8.69303
6.56679
8.69303
8.69303
8.69303
8.69303
8.69303
6.56679
8.69303
8.69303
8.69303
8.69303
8.69303
6.56679
8.69303
8.69303
8.69303
8.69303
8.69303
6.56679
6.56679
8.69303
8.69303
8.69303
8.69303
8.69303
8.69303
8.69303
8.69303
8.69303
8.69303
8.69303
6.56679
8.69303
8.69303
8.69303
8.69303
8.69303
6.56679
8.69303
8.69303
8.69303
8.69303
8.69303
6.56679
8.69303
8.69303
8.69303
8.69303
8.69303
6.56679
8.69303
8.69303
8.69303
8.69303
8.69303
8.69303
6.56679
6.56679
8.69303
8.69303
8.69303
8.69303
8.69303
6.56679
8.69303
8.69303
8.69303
8.69303
8.69303
6.56679
8.69303
8.69303
8.69303
8.69303
8.69303
8.69303
8.69303
8.69303
8.69303
8.69303
8.69303
8.69303
8.69303
8.69303
8.69303
8.69303
8.69303
6.56679
6.56679
8.69303
8.69303
8.69303
8.69303
6.56679
6.56679
8.69303
8.69303
8.69303
8.69303
8.69303
8.69303
8.69303
8.69303
8.69303
8.69303
8.69303
6.56679
8.69303
8.69303
8.69303
8.69303
8.69303
6.56679
6.56679
8.69303
8.69303
8.69303
8.69303
6.56679
6.56679
8.69303
8.69303
8.69303
8.69303
8.69303
6.56679
8.69303
8.69303
8.69303
8.69303
8.69303
8.69303
8.69303
8.69303
8.69303
8.69303
8.69303
8.69303
8.69303
8.69303
8.69303
8.69303
6.56679
8.69303
8.69303
8.69303
8.69303
8.69303
6.56679
8.69303
8.69303
8.69303
8.69303
8.69303
8.69303
6.56679
6.56679
8.69303
8.69303
8.69303
8.69303
8.69303
6.56679
8.69303
8.69303
8.69303
8.69303
8.69303
6.56679
8.69303
8.69303
8.69303
8.69303
8.69303
8.69303
8.69303
8.69303
8.69303
8.69303
8.69303
8.69303
8.69303
8.69303
8.69303
8.69303
8.69303
8.69303
8.69303
8.69303
8.69303
8.69303
8.69303
6.56679
6.56679
8.69303
8.69303
8.69303
8.69303
6.56679
8.69303
8.69303
8.69303
8.69303
8.69303
6.56679
6.56679
8.69303
8.69303
8.69303
8.69303
8.69303
6.56679
8.69303
8.69303
8.69303
8.69303
6.56679
6.56679
8.69303
8.69303
8.69303
8.69303
8.69303
6.56679
8.69303
8.69303
8.69303
8.69303
8.69303
6.56679
8.69303
8.69303
8.69303
8.69303
8.69303
8.69303
8.69303
8.69303
8.69303
8.69303
6.56679
8.69303
8.69303
8.69303
8.69303
6.56679
8.69303
8.69303
8.69303
8.69303
8.69303
6.56679
8.69303
8.69303
8.69303
8.69303
8.69303
6.56679
8.69303
8.69303
8.69303
8.69303
8.69303
8.69303
8.69303
6.56679
8.69303
8.69303
8.69303
8.69303
8.69303
6.56679
8.69303
8.69303
8.69303
8.69303
8.69303
6.56679
8.69303
8.69303
8.69303
8.69303
8.69303
6.56679
8.69303
8.69303
8.69303
8.69303
8.69303
8.69303
8.69303
8.69303
8.69303
8.69303
8.69303
6.56679
8.69303
8.69303
8.69303
8.69303
6.56679
8.69303
8.69303
8.69303
8.69303
8.69303
6.56679
6.56679
8.69303
8.69303
8.69303
8.69303
8.69303
8.69303
6.56679
8.69303
8.69303
8.69303
8.69303
8.69303
6.56679
8.69303
8.69303
8.69303
8.69303
8.69303
8.69303
8.69303
8.69303
8.69303
8.69303
8.69303
8.69303
8.69303
8.69303
8.69303
8.69303
6.56679
8.69303
8.69303
8.69303
8.69303
8.69303
6.56679
8.69303
8.69303
8.69303
8.69303
8.69303
8.69303
6.56679
8.69303
8.69303
8.69303
8.69303
8.69303
6.56679
8.69303
8.69303
8.69303
8.69303
6.56679
8.69303
8.69303
8.69303
8.69303
8.69303
8.69303
6.56679
8.69303
8.69303
8.69303
8.69303
8.69303
6.56679
8.69303
8.69303
8.69303
8.69303
8.69303
6.56679
8.69303
8.69303
8.69303
8.69303
6.56679
6.56679
8.69303
8.69303
8.69303
8.69303
8.69303
6.56679
6.56679
6.56679
8.69303
8.69303
8.69303
6.56679
6.56679
6.56679
8.69303
8.69303
8.69303
8.69303
6.56679
8.69303
8.69303
8.69303
8.69303
8.69303
8.69303
8.69303
8.69303
8.69303
8.69303
6.56679
8.69303
8.69303
8.69303
8.69303
8.69303
6.56679
6.56679
8.69303
8.69303
8.69303
8.69303
8.69303
6.56679
8.69303
8.69303
8.69303
8.69303
8.69303
8.69303
8.69303
8.69303
8.69303
8.69303
8.69303
8.69303
8.69303
8.69303
8.69303
6.56679
8.69303
8.69303
8.69303
8.69303
8.69303
6.56679
6.56679
8.69303
8.69303
8.69303
8.69303
8.69303
6.56679
8.69303
8.69303
8.69303
8.69303
8.69303
8.69303
8.69303
8.69303
8.69303
8.69303
6.56679
8.69303
8.69303
8.69303
8.69303
8.69303
8.69303
8.69303
6.56679
8.69303
8.69303
8.69303
8.69303
8.69303
8.69303
8.69303
8.69303
8.69303
8.69303
6.56679
8.69303
8.69303
8.69303
8.69303
8.69303
6.56679
6.56679
8.69303
8.69303
8.69303
8.69303
8.69303
8.69303
8.69303
8.69303
8.69303
8.69303
8.69303
8.69303
8.69303
8.69303
8.69303
8.69303
6.56679
8.69303
8.69303
8.69303
8.69303
8.69303
6.56679
6.56679
8.69303
8.69303
8.69303
8.69303
8.69303
6.56679
8.69303
8.69303
8.69303
8.69303
6.56679
8.69303
8.69303
8.69303
8.69303
8.69303
8.69303
6.56679
8.69303
8.69303
8.69303
8.69303
8.69303
8.69303
8.69303
8.69303
8.69303
8.69303
6.56679
8.69303
8.69303
8.69303
8.69303
8.69303
8.69303
6.56679
6.56679
8.69303
8.69303
8.69303
8.69303
8.69303
8.69303
8.69303
8.69303
8.69303
8.69303
6.56679
8.69303
8.69303
8.69303
8.69303
8.69303
6.56679
8.69303
8.69303
8.69303
8.69303
8.69303
8.69303
8.69303
8.69303
8.69303
8.69303
8.69303
6.56679
8.69303
8.69303
8.69303
8.69303
8.69303
8.69303
6.56679
6.56679
8.69303
8.69303
8.69303
8.69303
8.69303
6.56679
8.69303
8.69303
8.69303
8.69303
8.69303
6.56679
6.56679
8.69303
8.69303
8.69303
6.56679
6.56679
8.69303
8.69303
8.69303
8.69303
8.69303
8.69303
8.69303
8.69303
8.69303
8.69303
6.56679
6.56679
6.56679
8.69303
8.69303
8.69303
8.69303
8.69303
8.69303
8.69303
8.69303
8.69303
8.69303
8.69303
8.69303
8.69303
8.69303
8.69303
8.69303
6.56679
6.56679
8.69303
8.69303
8.69303
8.69303
8.69303
8.69303
8.69303
8.69303
8.69303
8.69303
8.69303
8.69303
8.69303
8.69303
8.69303
8.69303
8.69303
8.69303
8.69303
8.69303
8.69303
8.69303
8.69303
6.56679
8.69303
8.69303
8.69303
8.69303
8.69303
8.69303
8.69303
8.69303
8.69303
8.69303
8.69303
8.69303
8.69303
8.69303
8.69303
6.56679
8.69303
8.69303
8.69303
8.69303
8.69303
8.69303
8.69303
6.56679
8.69303
8.69303
8.69303
8.69303
8.69303
8.69303
8.69303
8.69303
8.69303
8.69303
6.56679
8.69303
8.69303
8.69303
8.69303
8.69303
8.69303
6.56679
8.69303
8.69303
8.69303
8.69303
8.69303
8.69303
8.69303
8.69303
8.69303
8.69303
6.56679
6.56679
8.69303
8.69303
8.69303
8.69303
8.69303
6.56679
8.69303
8.69303
8.69303
8.69303
6.56679
8.69303
8.69303
8.69303
8.69303
8.69303
8.69303
8.69303
8.69303
8.69303
8.69303
6.56679
6.56679
8.69303
8.69303
8.69303
8.69303
8.69303
8.69303
6.56679
8.69303
8.69303
8.69303
6.56679
8.69303
8.69303
8.69303
8.69303
8.69303
6.56679
6.56679
8.69303
8.69303
8.69303
8.69303
8.69303
6.56679
8.69303
8.69303
8.69303
8.69303
8.69303
6.56679
8.69303
8.69303
8.69303
8.69303
8.69303
6.56679
6.56679
8.69303
8.69303
8.69303
8.69303
8.69303
6.56679
8.69303
8.69303
8.69303
8.69303
6.56679
8.69303
8.69303
8.69303
8.69303
8.69303
6.56679
6.56679
8.69303
8.69303
8.69303
8.69303
8.69303
6.56679
8.69303
8.69303
8.69303
8.69303
6.56679
8.69303
8.69303
8.69303
8.69303
8.69303
6.56679
6.56679
8.69303
8.69303
8.69303
8.69303
8.69303
6.56679
8.69303
8.69303
8.69303
8.69303
6.56679
8.69303
8.69303
8.69303
8.69303
8.69303
8.69303
8.69303
8.69303
8.69303
8.69303
8.69303
6.56679
8.69303
8.69303
8.69303
8.69303
8.69303
8.69303
8.69303
8.69303
8.69303
6.56679
6.56679
8.69303
8.69303
8.69303
8.69303
8.69303
8.69303
8.69303
8.69303
8.69303
8.69303
6.56679
8.69303
8.69303
8.69303
8.69303
8.69303
8.69303
6.56679
8.69303
8.69303
8.69303
8.69303
8.69303
8.69303
8.69303
8.69303
8.69303
8.69303
6.56679
8.69303
8.69303
8.69303
8.69303
8.69303
8.69303
6.56679
8.69303
8.69303
8.69303
8.69303
8.69303
8.69303
8.69303
8.69303
8.69303
8.69303
6.56679
8.69303
8.69303
8.69303
8.69303
8.69303
8.69303
6.56679
8.69303
8.69303
8.69303
8.69303
8.69303
8.69303
8.69303
8.69303
8.69303
8.69303
8.69303
8.69303
8.69303
8.69303
8.69303
8.69303
8.69303
6.56679
8.69303
8.69303
8.69303
8.69303
8.69303
6.56679
8.69303
8.69303
8.69303
8.69303
8.69303
8.69303
6.56679
6.56679
8.69303
8.69303
8.69303
8.69303
8.69303
6.56679
8.69303
8.69303
8.69303
8.69303
8.69303
6.56679
8.69303
8.69303
8.69303
8.69303
8.69303
8.69303
8.69303
8.69303
8.69303
8.69303
8.69303
6.56679
8.69303
8.69303
8.69303
8.69303
8.69303
6.56679
6.56679
8.69303
8.69303
8.69303
8.69303
8.69303
6.56679
8.69303
8.69303
8.69303
6.56679
6.56679
8.69303
8.69303
8.69303
8.69303
8.69303
8.69303
6.56679
8.69303
8.69303
8.69303
8.69303
6.56679
8.69303
8.69303
8.69303
8.69303
8.69303
6.56679
8.69303
8.69303
8.69303
8.69303
8.69303
8.69303
6.56679
8.69303
8.69303
8.69303
8.69303
8.69303
6.56679
8.69303
8.69303
8.69303
8.69303
8.69303
8.69303
8.69303
8.69303
8.69303
8.69303
6.56679
8.69303
8.69303
8.69303
8.69303
8.69303
6.56679
6.56679
8.69303
8.69303
8.69303
8.69303
6.56679
6.56679
8.69303
8.69303
8.69303
8.69303
8.69303
6.56679
8.69303
8.69303
8.69303
8.69303
6.56679
8.69303
8.69303
8.69303
8.69303
8.69303
6.56679
8.69303
8.69303
8.69303
8.69303
8.69303
6.56679
8.69303
8.69303
8.69303
8.69303
8.69303
8.69303
8.69303
8.69303
8.69303
8.69303
8.69303
8.69303
8.69303
8.69303
8.69303
8.69303
8.69303
6.56679
8.69303
8.69303
8.69303
8.69303
8.69303
6.56679
8.69303
8.69303
8.69303
8.69303
8.69303
6.56679
6.56679
8.69303
8.69303
8.69303
8.69303
8.69303
6.56679
8.69303
8.69303
8.69303
8.69303
6.56679
8.69303
8.69303
8.69303
8.69303
8.69303
8.69303
6.56679
6.56679
8.69303
8.69303
8.69303
6.56679
6.56679
8.69303
8.69303
8.69303
8.69303
8.69303
8.69303
8.69303
8.69303
8.69303
8.69303
8.69303
8.69303
8.69303
8.69303
8.69303
8.69303
8.69303
8.69303
8.69303
8.69303
8.69303
8.69303
8.69303
8.69303
6.56679
8.69303
8.69303
8.69303
8.69303
8.69303
8.69303
8.69303
8.69303
8.69303
8.69303
8.69303
8.69303
8.69303
8.69303
8.69303
8.69303
8.69303
8.69303
6.56679
8.69303
8.69303
8.69303
8.69303
8.69303
6.56679
8.69303
8.69303
8.69303
8.69303
8.69303
8.69303
8.69303
8.69303
8.69303
8.69303
8.69303
8.69303
8.69303
8.69303
8.69303
6.56679
8.69303
8.69303
8.69303
8.69303
8.69303
8.69303
8.69303
6.56679
8.69303
8.69303
8.69303
8.69303
8.69303
8.69303
8.69303
8.69303
8.69303
8.69303
8.69303
8.69303
8.69303
8.69303
8.69303
8.69303
6.56679
8.69303
8.69303
8.69303
8.69303
8.69303
6.56679
6.56679
8.69303
8.69303
8.69303
8.69303
6.56679
8.69303
8.69303
8.69303
8.69303
8.69303
8.69303
6.56679
8.69303
8.69303
8.69303
8.69303
8.69303
6.56679
8.69303
8.69303
8.69303
8.69303
8.69303
6.56679
8.69303
8.69303
8.69303
8.69303
8.69303
6.56679
8.69303
8.69303
8.69303
8.69303
8.69303
6.56679
6.56679
8.69303
8.69303
8.69303
8.69303
8.69303
8.69303
8.69303
8.69303
8.69303
8.69303
8.69303
8.69303
8.69303
8.69303
8.69303
8.69303
8.69303
8.69303
8.69303
8.69303
8.69303
8.69303
6.56679
6.56679
8.69303
8.69303
8.69303
8.69303
6.56679
6.56679
8.69303
8.69303
8.69303
8.69303
8.69303
6.56679
8.69303
8.69303
8.69303
8.69303
8.69303
6.56679
8.69303
8.69303
8.69303
8.69303
8.69303
6.56679
8.69303
8.69303
8.69303
8.69303
8.69303
6.56679
6.56679
8.69303
8.69303
8.69303
8.69303
8.69303
6.56679
8.69303
8.69303
8.69303
8.69303
8.69303
6.56679
8.69303
8.69303
8.69303
8.69303
8.69303
6.56679
6.56679
8.69303
8.69303
8.69303
8.69303
8.69303
8.69303
8.69303
8.69303
8.69303
8.69303
8.69303
8.69303
8.69303
8.69303
8.69303
8.69303
8.69303
6.56679
8.69303
8.69303
8.69303
8.69303
6.56679
8.69303
8.69303
8.69303
8.69303
8.69303
6.56679
6.56679
8.69303
8.69303
8.69303
8.69303
6.56679
8.69303
8.69303
8.69303
8.69303
6.56679
8.69303
8.69303
8.69303
8.69303
8.69303
6.56679
6.56679
8.69303
8.69303
8.69303
8.69303
8.69303
8.69303
8.69303
8.69303
8.69303
8.69303
8.69303
6.56679
8.69303
8.69303
8.69303
8.69303
8.69303
8.69303
6.56679
8.69303
8.69303
8.69303
8.69303
6.56679
6.56679
6.56679
8.69303
8.69303
8.69303
6.56679
6.56679
8.69303
8.69303
8.69303
8.69303
6.56679
8.69303
8.69303
8.69303
8.69303
6.56679
8.69303
8.69303
8.69303
8.69303
8.69303
6.56679
6.56679
8.69303
8.69303
8.69303
8.69303
8.69303
6.56679
8.69303
8.69303
8.69303
8.69303
8.69303
6.56679
8.69303
8.69303
8.69303
8.69303
8.69303
6.56679
8.69303
8.69303
8.69303
8.69303
8.69303
8.69303
8.69303
8.69303
8.69303
8.69303
6.56679
6.56679
8.69303
8.69303
8.69303
8.69303
8.69303
6.56679
8.69303
8.69303
8.69303
8.69303
8.69303
8.69303
8.69303
8.69303
8.69303
8.69303
8.69303
6.56679
6.56679
8.69303
8.69303
8.69303
8.69303
8.69303
6.56679
8.69303
8.69303
8.69303
8.69303
8.69303
8.69303
8.69303
8.69303
8.69303
8.69303
6.56679
6.56679
8.69303
8.69303
8.69303
8.69303
8.69303
6.56679
8.69303
8.69303
8.69303
8.69303
8.69303
6.56679
8.69303
8.69303
8.69303
8.69303
8.69303
6.56679
8.69303
8.69303
8.69303
8.69303
6.56679
8.69303
8.69303
8.69303
8.69303
8.69303
8.69303
8.69303
8.69303
8.69303
8.69303
8.69303
8.69303
8.69303
8.69303
8.69303
8.69303
8.69303
8.69303
8.69303
8.69303
8.69303
8.69303
8.69303
6.56679
8.69303
8.69303
8.69303
8.69303
8.69303
6.56679
8.69303
8.69303
8.69303
8.69303
8.69303
6.56679
6.56679
8.69303
8.69303
8.69303
8.69303
8.69303
6.56679
8.69303
8.69303
8.69303
8.69303
8.69303
6.56679
8.69303
8.69303
8.69303
8.69303
6.56679
8.69303
8.69303
8.69303
8.69303
8.69303
6.56679
8.69303
8.69303
8.69303
8.69303
8.69303
8.69303
6.56679
6.56679
8.69303
8.69303
8.69303
8.69303
8.69303
6.56679
8.69303
8.69303
8.69303
8.69303
8.69303
8.69303
8.69303
8.69303
8.69303
8.69303
8.69303
8.69303
8.69303
8.69303
8.69303
8.69303
6.56679
8.69303
8.69303
8.69303
8.69303
8.69303
8.69303
6.56679
8.69303
8.69303
8.69303
8.69303
8.69303
6.56679
8.69303
8.69303
8.69303
8.69303
8.69303
8.69303
8.69303
8.69303
8.69303
8.69303
8.69303
6.56679
8.69303
8.69303
8.69303
8.69303
8.69303
6.56679
8.69303
8.69303
8.69303
8.69303
6.56679
6.56679
8.69303
8.69303
8.69303
8.69303
8.69303
8.69303
6.56679
8.69303
8.69303
8.69303
8.69303
8.69303
6.56679
8.69303
8.69303
8.69303
8.69303
8.69303
8.69303
8.69303
8.69303
8.69303
8.69303
8.69303
6.56679
8.69303
8.69303
8.69303
8.69303
8.69303
6.56679
8.69303
8.69303
8.69303
8.69303
8.69303
8.69303
8.69303
8.69303
8.69303
8.69303
6.56679
6.56679
8.69303
8.69303
8.69303
6.56679
8.69303
8.69303
8.69303
8.69303
8.69303
8.69303
6.56679
8.69303
8.69303
8.69303
8.69303
8.69303
8.69303
8.69303
8.69303
8.69303
8.69303
6.56679
8.69303
8.69303
8.69303
8.69303
8.69303
8.69303
6.56679
8.69303
8.69303
8.69303
8.69303
8.69303
6.56679
8.69303
8.69303
8.69303
8.69303
6.56679
8.69303
8.69303
8.69303
8.69303
8.69303
8.69303
6.56679
8.69303
8.69303
8.69303
8.69303
8.69303
6.56679
6.56679
8.69303
8.69303
8.69303
6.56679
8.69303
8.69303
8.69303
8.69303
8.69303
8.69303
8.69303
8.69303
8.69303
8.69303
8.69303
8.69303
6.56679
8.69303
8.69303
8.69303
8.69303
8.69303
6.56679
6.56679
8.69303
8.69303
8.69303
8.69303
8.69303
6.56679
8.69303
8.69303
8.69303
8.69303
8.69303
8.69303
8.69303
8.69303
8.69303
8.69303
6.56679
8.69303
8.69303
8.69303
8.69303
8.69303
8.69303
6.56679
8.69303
8.69303
8.69303
8.69303
8.69303
8.69303
8.69303
8.69303
8.69303
8.69303
6.56679
8.69303
8.69303
8.69303
8.69303
8.69303
6.56679
6.56679
8.69303
8.69303
8.69303
8.69303
8.69303
8.69303
8.69303
8.69303
8.69303
8.69303
6.56679
8.69303
8.69303
8.69303
8.69303
8.69303
6.56679
6.56679
8.69303
8.69303
8.69303
8.69303
8.69303
8.69303
8.69303
8.69303
8.69303
8.69303
8.69303
6.56679
8.69303
8.69303
8.69303
8.69303
8.69303
8.69303
6.56679
8.69303
8.69303
8.69303
8.69303
8.69303
8.69303
8.69303
8.69303
8.69303
8.69303
8.69303
6.56679
6.56679
8.69303
8.69303
8.69303
8.69303
8.69303
6.56679
8.69303
8.69303
8.69303
8.69303
8.69303
8.69303
8.69303
8.69303
8.69303
8.69303
8.69303
8.69303
8.69303
8.69303
8.69303
8.69303
6.56679
6.56679
8.69303
8.69303
8.69303
8.69303
8.69303
6.56679
8.69303
8.69303
8.69303
8.69303
8.69303
6.56679
8.69303
8.69303
8.69303
8.69303
8.69303
6.56679
8.69303
8.69303
8.69303
8.69303
8.69303
8.69303
6.56679
8.69303
8.69303
8.69303
8.69303
8.69303
8.69303
8.69303
8.69303
8.69303
8.69303
8.69303
6.56679
8.69303
8.69303
8.69303
8.69303
8.69303
6.56679
8.69303
8.69303
8.69303
8.69303
8.69303
8.69303
6.56679
8.69303
8.69303
8.69303
8.69303
8.69303
8.69303
8.69303
8.69303
8.69303
8.69303
6.56679
8.69303
8.69303
8.69303
8.69303
8.69303
6.56679
8.69303
8.69303
8.69303
8.69303
8.69303
8.69303
6.56679
6.56679
6.56679
6.56679
6.56679
6.56679
6.56679
6.56679
6.56679
6.56679
6.56679
6.56679
6.56679
8.69303
8.69303
8.69303
8.69303
8.69303
6.56679
8.69303
8.69303
8.69303
8.69303
8.69303
6.56679
8.69303
8.69303
8.69303
8.69303
8.69303
6.56679
8.69303
8.69303
8.69303
8.69303
8.69303
8.69303
6.56679
8.69303
8.69303
8.69303
8.69303
6.56679
8.69303
8.69303
8.69303
8.69303
8.69303
6.56679
8.69303
8.69303
8.69303
8.69303
8.69303
6.56679
8.69303
8.69303
8.69303
8.69303
8.69303
6.56679
6.56679
8.69303
8.69303
8.69303
8.69303
6.56679
6.56679
8.69303
8.69303
8.69303
8.69303
8.69303
6.56679
8.69303
8.69303
8.69303
8.69303
8.69303
8.69303
8.69303
8.69303
8.69303
8.69303
8.69303
8.69303
8.69303
8.69303
8.69303
8.69303
6.56679
6.56679
8.69303
8.69303
8.69303
8.69303
8.69303
8.69303
8.69303
8.69303
8.69303
8.69303
8.69303
8.69303
8.69303
8.69303
8.69303
8.69303
6.56679
8.69303
8.69303
8.69303
8.69303
8.69303
6.56679
8.69303
8.69303
8.69303
8.69303
8.69303
6.56679
8.69303
8.69303
8.69303
8.69303
8.69303
8.69303
8.69303
6.56679
8.69303
8.69303
8.69303
8.69303
6.56679
8.69303
8.69303
8.69303
8.69303
8.69303
8.69303
6.56679
8.69303
8.69303
8.69303
8.69303
8.69303
8.69303
8.69303
8.69303
8.69303
6.56679
8.69303
8.69303
8.69303
8.69303
8.69303
8.69303
6.56679
6.56679
8.69303
8.69303
8.69303
8.69303
8.69303
6.56679
8.69303
8.69303
8.69303
8.69303
8.69303
6.56679
8.69303
8.69303
8.69303
8.69303
8.69303
6.56679
8.69303
8.69303
8.69303
8.69303
8.69303
6.56679
8.69303
8.69303
8.69303
8.69303
8.69303
6.56679
6.56679
8.69303
8.69303
8.69303
8.69303
8.69303
8.69303
8.69303
8.69303
8.69303
8.69303
8.69303
8.69303
8.69303
8.69303
8.69303
8.69303
8.69303
6.56679
8.69303
8.69303
8.69303
8.69303
8.69303
6.56679
8.69303
8.69303
8.69303
8.69303
8.69303
6.56679
6.56679
8.69303
8.69303
8.69303
8.69303
8.69303
8.69303
6.56679
8.69303
8.69303
8.69303
8.69303
8.69303
8.69303
8.69303
8.69303
8.69303
8.69303
6.56679
8.69303
8.69303
8.69303
8.69303
8.69303
6.56679
8.69303
8.69303
8.69303
8.69303
8.69303
6.56679
8.69303
8.69303
8.69303
8.69303
8.69303
8.69303
8.69303
6.56679
8.69303
8.69303
8.69303
8.69303
8.69303
6.56679
8.69303
8.69303
8.69303
8.69303
8.69303
6.56679
8.69303
8.69303
8.69303
8.69303
8.69303
6.56679
8.69303
8.69303
8.69303
8.69303
6.56679
6.56679
8.69303
8.69303
8.69303
8.69303
8.69303
8.69303
6.56679
8.69303
8.69303
8.69303
8.69303
8.69303
6.56679
8.69303
8.69303
8.69303
8.69303
8.69303
6.56679
8.69303
8.69303
8.69303
8.69303
8.69303
6.56679
6.56679
8.69303
8.69303
8.69303
8.69303
8.69303
6.56679
8.69303
8.69303
8.69303
8.69303
8.69303
8.69303
8.69303
8.69303
8.69303
8.69303
8.69303
8.69303
8.69303
8.69303
8.69303
8.69303
8.69303
6.56679
8.69303
8.69303
8.69303
8.69303
8.69303
8.69303
6.56679
8.69303
8.69303
8.69303
8.69303
8.69303
6.56679
6.56679
8.69303
8.69303
8.69303
8.69303
8.69303
6.56679
8.69303
8.69303
8.69303
8.69303
8.69303
6.56679
8.69303
8.69303
8.69303
8.69303
6.56679
8.69303
8.69303
8.69303
8.69303
8.69303
6.56679
6.56679
8.69303
8.69303
8.69303
8.69303
8.69303
6.56679
8.69303
8.69303
8.69303
8.69303
8.69303
6.56679
8.69303
8.69303
8.69303
8.69303
8.69303
6.56679
8.69303
8.69303
8.69303
8.69303
8.69303
6.56679
8.69303
8.69303
8.69303
8.69303
8.69303
6.56679
6.56679
8.69303
8.69303
8.69303
8.69303
8.69303
6.56679
8.69303
8.69303
8.69303
8.69303
8.69303
8.69303
8.69303
8.69303
8.69303
8.69303
8.69303
6.56679
8.69303
8.69303
8.69303
8.69303
8.69303
6.56679
8.69303
8.69303
8.69303
8.69303
8.69303
8.69303
6.56679
8.69303
8.69303
8.69303
8.69303
8.69303
6.56679
8.69303
8.69303
8.69303
8.69303
8.69303
8.69303
8.69303
8.69303
8.69303
8.69303
6.56679
8.69303
8.69303
8.69303
8.69303
8.69303
8.69303
8.69303
6.56679
8.69303
8.69303
8.69303
8.69303
8.69303
6.56679
8.69303
8.69303
8.69303
8.69303
8.69303
8.69303
8.69303
8.69303
8.69303
8.69303
8.69303
6.56679
8.69303
8.69303
8.69303
8.69303
8.69303
6.56679
6.56679
8.69303
8.69303
8.69303
8.69303
8.69303
6.56679
6.56679
8.69303
8.69303
8.69303
8.69303
8.69303
6.56679
8.69303
8.69303
8.69303
8.69303
6.56679
8.69303
8.69303
8.69303
8.69303
8.69303
6.56679
6.56679
8.69303
8.69303
8.69303
8.69303
8.69303
8.69303
6.56679
8.69303
8.69303
8.69303
8.69303
6.56679
8.69303
8.69303
8.69303
8.69303
8.69303
8.69303
6.56679
6.56679
8.69303
8.69303
8.69303
8.69303
8.69303
6.56679
8.69303
8.69303
8.69303
8.69303
8.69303
6.56679
8.69303
8.69303
8.69303
8.69303
8.69303
8.69303
8.69303
8.69303
8.69303
8.69303
8.69303
8.69303
8.69303
8.69303
8.69303
8.69303
6.56679
8.69303
8.69303
8.69303
8.69303
8.69303
6.56679
6.56679
8.69303
8.69303
8.69303
8.69303
8.69303
6.56679
8.69303
8.69303
8.69303
8.69303
8.69303
8.69303
8.69303
8.69303
8.69303
8.69303
8.69303
6.56679
8.69303
8.69303
8.69303
8.69303
8.69303
8.69303
8.69303
6.56679
8.69303
8.69303
8.69303
8.69303
8.69303
6.56679
8.69303
8.69303
8.69303
8.69303
8.69303
8.69303
8.69303
8.69303
8.69303
8.69303
8.69303
8.69303
8.69303
8.69303
8.69303
8.69303
8.69303
6.56679
8.69303
8.69303
8.69303
8.69303
6.56679
8.69303
8.69303
8.69303
8.69303
8.69303
8.69303
6.56679
6.56679
8.69303
8.69303
8.69303
8.69303
8.69303
6.56679
8.69303
8.69303
8.69303
8.69303
8.69303
6.56679
8.69303
8.69303
8.69303
8.69303
6.56679
8.69303
8.69303
8.69303
8.69303
8.69303
8.69303
8.69303
8.69303
8.69303
8.69303
6.56679
6.56679
8.69303
8.69303
8.69303
8.69303
8.69303
6.56679
8.69303
8.69303
8.69303
8.69303
8.69303
6.56679
8.69303
8.69303
8.69303
8.69303
8.69303
6.56679
8.69303
8.69303
8.69303
8.69303
8.69303
6.56679
8.69303
8.69303
8.69303
8.69303
6.56679
8.69303
8.69303
8.69303
8.69303
8.69303
6.56679
8.69303
8.69303
8.69303
8.69303
8.69303
8.69303
6.56679
8.69303
8.69303
8.69303
8.69303
8.69303
6.56679
8.69303
8.69303
8.69303
8.69303
8.69303
6.56679
8.69303
8.69303
8.69303
8.69303
6.56679
8.69303
8.69303
8.69303
8.69303
8.69303
6.56679
6.56679
8.69303
8.69303
8.69303
8.69303
6.56679
6.56679
8.69303
8.69303
8.69303
8.69303
8.69303
6.56679
8.69303
8.69303
8.69303
8.69303
8.69303
6.56679
8.69303
8.69303
8.69303
8.69303
8.69303
8.69303
8.69303
8.69303
8.69303
8.69303
6.56679
6.56679
8.69303
8.69303
8.69303
8.69303
8.69303
8.69303
6.56679
8.69303
8.69303
8.69303
8.69303
8.69303
6.56679
8.69303
8.69303
8.69303
8.69303
8.69303
8.69303
8.69303
8.69303
8.69303
8.69303
6.56679
6.56679
8.69303
8.69303
8.69303
8.69303
6.56679
6.56679
8.69303
8.69303
8.69303
8.69303
8.69303
8.69303
8.69303
8.69303
8.69303
8.69303
8.69303
6.56679
8.69303
8.69303
8.69303
8.69303
8.69303
6.56679
6.56679
8.69303
8.69303
8.69303
8.69303
8.69303
6.56679
8.69303
8.69303
8.69303
8.69303
8.69303
6.56679
6.56679
8.69303
8.69303
8.69303
8.69303
8.69303
6.56679
8.69303
8.69303
8.69303
8.69303
8.69303
6.56679
8.69303
8.69303
8.69303
8.69303
8.69303
6.56679
8.69303
8.69303
8.69303
8.69303
8.69303
6.56679
6.56679
8.69303
8.69303
8.69303
8.69303
6.56679
6.56679
8.69303
8.69303
8.69303
8.69303
8.69303
6.56679
8.69303
8.69303
8.69303
8.69303
6.56679
8.69303
8.69303
8.69303
8.69303
8.69303
8.69303
8.69303
8.69303
8.69303
8.69303
8.69303
6.56679
8.69303
8.69303
8.69303
8.69303
8.69303
6.56679
6.56679
8.69303
8.69303
8.69303
8.69303
8.69303
8.69303
6.56679
8.69303
8.69303
8.69303
8.69303
8.69303
8.69303
8.69303
8.69303
8.69303
8.69303
8.69303
6.56679
6.56679
8.69303
8.69303
8.69303
8.69303
6.56679
8.69303
8.69303
8.69303
8.69303
8.69303
8.69303
8.69303
8.69303
8.69303
8.69303
8.69303
6.56679
8.69303
8.69303
8.69303
8.69303
8.69303
8.69303
8.69303
8.69303
8.69303
8.69303
8.69303
6.56679
6.56679
8.69303
8.69303
8.69303
8.69303
8.69303
6.56679
8.69303
8.69303
8.69303
8.69303
8.69303
8.69303
8.69303
8.69303
8.69303
8.69303
8.69303
8.69303
8.69303
8.69303
8.69303
8.69303
8.69303
8.69303
6.56679
8.69303
8.69303
8.69303
6.56679
6.56679
8.69303
8.69303
8.69303
8.69303
8.69303
6.56679
8.69303
8.69303
8.69303
8.69303
8.69303
6.56679
8.69303
8.69303
8.69303
8.69303
8.69303
6.56679
6.56679
8.69303
8.69303
8.69303
8.69303
6.56679
6.56679
8.69303
8.69303
8.69303
8.69303
8.69303
6.56679
8.69303
8.69303
8.69303
8.69303
8.69303
6.56679
8.69303
8.69303
8.69303
8.69303
8.69303
6.56679
8.69303
8.69303
8.69303
8.69303
6.56679
8.69303
8.69303
8.69303
8.69303
8.69303
6.56679
8.69303
8.69303
8.69303
8.69303
8.69303
6.56679
8.69303
8.69303
8.69303
8.69303
8.69303
8.69303
6.56679
8.69303
8.69303
8.69303
8.69303
8.69303
6.56679
8.69303
8.69303
8.69303
8.69303
8.69303
6.56679
8.69303
8.69303
8.69303
8.69303
8.69303
8.69303
8.69303
8.69303
8.69303
8.69303
8.69303
6.56679
6.56679
8.69303
8.69303
8.69303
8.69303
8.69303
6.56679
8.69303
8.69303
8.69303
8.69303
8.69303
8.69303
8.69303
8.69303
8.69303
8.69303
8.69303
8.69303
8.69303
8.69303
8.69303
8.69303
8.69303
8.69303
8.69303
8.69303
8.69303
8.69303
6.56679
6.56679
8.69303
8.69303
8.69303
8.69303
8.69303
8.69303
8.69303
8.69303
8.69303
8.69303
6.56679
8.69303
8.69303
8.69303
8.69303
8.69303
8.69303
8.69303
8.69303
8.69303
8.69303
8.69303
6.56679
6.56679
8.69303
8.69303
8.69303
8.69303
8.69303
8.69303
8.69303
8.69303
8.69303
8.69303
8.69303
8.69303
8.69303
8.69303
8.69303
8.69303
8.69303
6.56679
8.69303
8.69303
8.69303
8.69303
8.69303
8.69303
8.69303
8.69303
8.69303
8.69303
6.56679
6.56679
8.69303
8.69303
8.69303
8.69303
8.69303
6.56679
8.69303
8.69303
8.69303
8.69303
6.56679
6.56679
8.69303
8.69303
8.69303
8.69303
8.69303
8.69303
8.69303
8.69303
8.69303
8.69303
8.69303
6.56679
6.56679
8.69303
8.69303
8.69303
8.69303
8.69303
8.69303
8.69303
8.69303
8.69303
8.69303
6.56679
6.56679
8.69303
8.69303
8.69303
8.69303
8.69303
8.69303
8.69303
8.69303
8.69303
8.69303
8.69303
8.69303
6.56679
8.69303
8.69303
8.69303
8.69303
6.56679
8.69303
8.69303
8.69303
8.69303
8.69303
8.69303
8.69303
6.56679
8.69303
8.69303
8.69303
8.69303
8.69303
8.69303
8.69303
8.69303
8.69303
6.56679
6.56679
8.69303
8.69303
8.69303
8.69303
8.69303
8.69303
8.69303
8.69303
8.69303
8.69303
8.69303
6.56679
6.56679
8.69303
8.69303
8.69303
8.69303
8.69303
8.69303
8.69303
8.69303
8.69303
8.69303
6.56679
6.56679
8.69303
8.69303
8.69303
8.69303
8.69303
6.56679
8.69303
8.69303
8.69303
8.69303
6.56679
6.56679
8.69303
8.69303
8.69303
8.69303
8.69303
6.56679
8.69303
8.69303
8.69303
8.69303
8.69303
8.69303
8.69303
8.69303
8.69303
8.69303
6.56679
6.56679
8.69303
8.69303
8.69303
8.69303
8.69303
8.69303
8.69303
8.69303
8.69303
8.69303
8.69303
8.69303
8.69303
8.69303
8.69303
8.69303
8.69303
6.56679
6.56679
8.69303
8.69303
8.69303
8.69303
8.69303
8.69303
8.69303
8.69303
8.69303
8.69303
8.69303
6.56679
8.69303
8.69303
8.69303
8.69303
8.69303
6.56679
8.69303
8.69303
8.69303
8.69303
8.69303
8.69303
6.56679
8.69303
8.69303
8.69303
8.69303
6.56679
8.69303
8.69303
8.69303
8.69303
8.69303
6.56679
6.56679
8.69303
8.69303
8.69303
8.69303
8.69303
8.69303
8.69303
8.69303
8.69303
8.69303
8.69303
8.69303
6.56679
8.69303
8.69303
8.69303
8.69303
8.69303
6.56679
6.56679
8.69303
8.69303
8.69303
8.69303
8.69303
6.56679
8.69303
8.69303
8.69303
8.69303
6.56679
6.56679
8.69303
8.69303
8.69303
8.69303
8.69303
6.56679
8.69303
8.69303
8.69303
8.69303
8.69303
6.56679
6.56679
8.69303
8.69303
8.69303
8.69303
8.69303
8.69303
8.69303
8.69303
8.69303
8.69303
6.56679
6.56679
8.69303
8.69303
8.69303
8.69303
8.69303
8.69303
8.69303
8.69303
8.69303
8.69303
8.69303
8.69303
8.69303
8.69303
8.69303
8.69303
8.69303
8.69303
6.56679
8.69303
8.69303
8.69303
8.69303
8.69303
6.56679
6.56679
8.69303
8.69303
8.69303
8.69303
8.69303
6.56679
8.69303
8.69303
8.69303
8.69303
6.56679
6.56679
8.69303
8.69303
8.69303
8.69303
6.56679
8.69303
8.69303
8.69303
8.69303
8.69303
8.69303
8.69303
8.69303
8.69303
8.69303
6.56679
6.56679
8.69303
8.69303
8.69303
8.69303
8.69303
8.69303
8.69303
8.69303
8.69303
8.69303
8.69303
8.69303
8.69303
8.69303
8.69303
8.69303
8.69303
8.69303
6.56679
6.56679
8.69303
8.69303
8.69303
8.69303
8.69303
6.56679
8.69303
8.69303
8.69303
8.69303
8.69303
6.56679
8.69303
8.69303
8.69303
8.69303
8.69303
6.56679
8.69303
8.69303
8.69303
8.69303
8.69303
6.56679
6.56679
8.69303
8.69303
8.69303
8.69303
8.69303
6.56679
8.69303
8.69303
8.69303
8.69303
8.69303
8.69303
8.69303
8.69303
8.69303
8.69303
8.69303
6.56679
8.69303
8.69303
8.69303
8.69303
8.69303
6.56679
6.56679
8.69303
8.69303
8.69303
8.69303
6.56679
6.56679
8.69303
8.69303
8.69303
8.69303
8.69303
6.56679
8.69303
8.69303
8.69303
8.69303
8.69303
8.69303
8.69303
8.69303
8.69303
8.69303
6.56679
8.69303
8.69303
8.69303
8.69303
8.69303
8.69303
8.69303
8.69303
8.69303
8.69303
8.69303
8.69303
6.56679
6.56679
8.69303
8.69303
8.69303
8.69303
6.56679
6.56679
8.69303
8.69303
8.69303
8.69303
8.69303
6.56679
8.69303
8.69303
8.69303
8.69303
8.69303
8.69303
8.69303
8.69303
8.69303
8.69303
8.69303
6.56679
6.56679
8.69303
8.69303
8.69303
8.69303
6.56679
6.56679
8.69303
8.69303
8.69303
8.69303
8.69303
8.69303
6.56679
8.69303
8.69303
8.69303
8.69303
6.56679
8.69303
8.69303
8.69303
8.69303
8.69303
8.69303
6.56679
6.56679
8.69303
8.69303
8.69303
8.69303
8.69303
6.56679
8.69303
8.69303
8.69303
8.69303
8.69303
6.56679
8.69303
8.69303
8.69303
8.69303
8.69303
6.56679
8.69303
8.69303
8.69303
8.69303
8.69303
8.69303
8.69303
8.69303
8.69303
8.69303
6.56679
6.56679
8.69303
8.69303
8.69303
8.69303
8.69303
8.69303
8.69303
8.69303
8.69303
8.69303
8.69303
6.56679
6.56679
8.69303
8.69303
8.69303
8.69303
8.69303
8.69303
8.69303
8.69303
8.69303
8.69303
8.69303
8.69303
6.56679
8.69303
8.69303
8.69303
8.69303
8.69303
8.69303
8.69303
8.69303
8.69303
8.69303
8.69303
6.56679
8.69303
8.69303
8.69303
8.69303
8.69303
8.69303
8.69303
8.69303
8.69303
8.69303
8.69303
6.56679
8.69303
8.69303
8.69303
8.69303
6.56679
8.69303
8.69303
8.69303
8.69303
8.69303
8.69303
6.56679
8.69303
8.69303
8.69303
8.69303
8.69303
8.69303
8.69303
8.69303
8.69303
8.69303
8.69303
8.69303
6.56679
8.69303
8.69303
8.69303
8.69303
8.69303
6.56679
6.56679
8.69303
8.69303
8.69303
8.69303
8.69303
8.69303
8.69303
8.69303
8.69303
8.69303
6.56679
6.56679
8.69303
8.69303
8.69303
8.69303
8.69303
6.56679
6.56679
6.56679
8.69303
8.69303
8.69303
8.69303
6.56679
8.69303
8.69303
8.69303
8.69303
6.56679
6.56679
8.69303
8.69303
8.69303
8.69303
6.56679
8.69303
8.69303
8.69303
8.69303
8.69303
8.69303
8.69303
8.69303
8.69303
8.69303
8.69303
8.69303
6.56679
8.69303
8.69303
8.69303
8.69303
6.56679
6.56679
8.69303
8.69303
8.69303
8.69303
8.69303
6.56679
8.69303
8.69303
8.69303
8.69303
6.56679
8.69303
8.69303
8.69303
8.69303
8.69303
8.69303
6.56679
8.69303
8.69303
8.69303
8.69303
6.56679
6.56679
8.69303
8.69303
8.69303
8.69303
8.69303
6.56679
8.69303
8.69303
8.69303
8.69303
6.56679
8.69303
8.69303
8.69303
8.69303
8.69303
8.69303
8.69303
8.69303
8.69303
8.69303
8.69303
8.69303
8.69303
8.69303
8.69303
8.69303
8.69303
8.69303
6.56679
6.56679
8.69303
8.69303
8.69303
8.69303
8.69303
8.69303
8.69303
8.69303
8.69303
8.69303
8.69303
8.69303
6.56679
8.69303
8.69303
8.69303
8.69303
8.69303
8.69303
8.69303
8.69303
8.69303
8.69303
8.69303
6.56679
8.69303
8.69303
8.69303
8.69303
8.69303
8.69303
8.69303
8.69303
8.69303
8.69303
6.56679
6.56679
8.69303
8.69303
8.69303
8.69303
8.69303
8.69303
8.69303
8.69303
8.69303
8.69303
8.69303
8.69303
6.56679
8.69303
8.69303
8.69303
8.69303
8.69303
8.69303
8.69303
8.69303
8.69303
8.69303
8.69303
8.69303
8.69303
8.69303
8.69303
8.69303
8.69303
8.69303
6.56679
8.69303
8.69303
8.69303
8.69303
8.69303
8.69303
8.69303
8.69303
8.69303
8.69303
6.56679
6.56679
8.69303
8.69303
8.69303
8.69303
8.69303
6.56679
8.69303
8.69303
8.69303
8.69303
8.69303
8.69303
8.69303
8.69303
8.69303
8.69303
8.69303
8.69303
8.69303
6.56679
8.69303
8.69303
8.69303
8.69303
8.69303
6.56679
6.56679
8.69303
8.69303
8.69303
8.69303
8.69303
6.56679
8.69303
8.69303
8.69303
8.69303
6.56679
8.69303
8.69303
8.69303
8.69303
8.69303
8.69303
8.69303
8.69303
8.69303
8.69303
8.69303
8.69303
8.69303
8.69303
6.56679
8.69303
8.69303
8.69303
8.69303
8.69303
8.69303
8.69303
8.69303
8.69303
8.69303
8.69303
8.69303
6.56679
8.69303
8.69303
8.69303
8.69303
6.56679
6.56679
8.69303
8.69303
8.69303
8.69303
8.69303
6.56679
8.69303
8.69303
8.69303
8.69303
6.56679
8.69303
8.69303
8.69303
8.69303
8.69303
8.69303
8.69303
8.69303
8.69303
8.69303
8.69303
8.69303
6.56679
8.69303
8.69303
8.69303
8.69303
8.69303
8.69303
8.69303
6.56679
8.69303
8.69303
8.69303
8.69303
8.69303
6.56679
6.56679
8.69303
8.69303
8.69303
8.69303
8.69303
6.56679
8.69303
8.69303
8.69303
8.69303
8.69303
6.56679
8.69303
8.69303
8.69303
8.69303
8.69303
8.69303
6.56679
8.69303
8.69303
8.69303
8.69303
8.69303
6.56679
8.69303
8.69303
8.69303
8.69303
8.69303
8.69303
6.56679
8.69303
8.69303
8.69303
8.69303
8.69303
6.56679
6.56679
8.69303
8.69303
8.69303
8.69303
8.69303
6.56679
8.69303
8.69303
8.69303
8.69303
8.69303
6.56679
8.69303
8.69303
8.69303
8.69303
8.69303
8.69303
6.56679
8.69303
8.69303
8.69303
8.69303
8.69303
8.69303
8.69303
8.69303
8.69303
8.69303
8.69303
6.56679
6.56679
8.69303
8.69303
8.69303
8.69303
8.69303
6.56679
8.69303
8.69303
8.69303
8.69303
8.69303
6.56679
6.56679
8.69303
8.69303
8.69303
8.69303
8.69303
6.56679
8.69303
8.69303
8.69303
8.69303
8.69303
8.69303
8.69303
8.69303
8.69303
8.69303
6.56679
6.56679
8.69303
8.69303
8.69303
8.69303
8.69303
8.69303
8.69303
8.69303
8.69303
8.69303
8.69303
6.56679
8.69303
8.69303
8.69303
8.69303
8.69303
8.69303
6.56679
8.69303
8.69303
8.69303
8.69303
8.69303
8.69303
8.69303
8.69303
8.69303
8.69303
8.69303
6.56679
6.56679
8.69303
8.69303
8.69303
8.69303
8.69303
8.69303
8.69303
8.69303
8.69303
8.69303
8.69303
6.56679
6.56679
8.69303
8.69303
8.69303
8.69303
8.69303
6.56679
8.69303
8.69303
8.69303
8.69303
8.69303
6.56679
8.69303
8.69303
8.69303
8.69303
8.69303
8.69303
6.56679
8.69303
8.69303
8.69303
8.69303
8.69303
6.56679
8.69303
8.69303
8.69303
8.69303
6.56679
8.69303
8.69303
8.69303
8.69303
8.69303
8.69303
6.56679
8.69303
8.69303
8.69303
8.69303
8.69303
8.69303
8.69303
8.69303
8.69303
8.69303
6.56679
6.56679
8.69303
8.69303
8.69303
8.69303
8.69303
8.69303
8.69303
8.69303
8.69303
8.69303
8.69303
6.56679
8.69303
8.69303
8.69303
8.69303
8.69303
6.56679
6.56679
8.69303
8.69303
8.69303
8.69303
8.69303
6.56679
8.69303
8.69303
8.69303
8.69303
8.69303
6.56679
6.56679
8.69303
8.69303
8.69303
8.69303
8.69303
6.56679
8.69303
8.69303
8.69303
8.69303
8.69303
8.69303
8.69303
8.69303
8.69303
8.69303
6.56679
8.69303
8.69303
8.69303
8.69303
8.69303
8.69303
6.56679
8.69303
8.69303
8.69303
8.69303
6.56679
8.69303
8.69303
8.69303
8.69303
8.69303
8.69303
8.69303
8.69303
8.69303
8.69303
8.69303
6.56679
6.56679
8.69303
8.69303
8.69303
8.69303
8.69303
6.56679
8.69303
8.69303
8.69303
8.69303
8.69303
8.69303
8.69303
8.69303
8.69303
8.69303
6.56679
6.56679
8.69303
8.69303
8.69303
8.69303
8.69303
6.56679
8.69303
8.69303
8.69303
8.69303
8.69303
6.56679
6.56679
8.69303
8.69303
8.69303
6.56679
6.56679
8.69303
8.69303
8.69303
8.69303
8.69303
6.56679
8.69303
8.69303
8.69303
8.69303
8.69303
8.69303
8.69303
8.69303
8.69303
8.69303
6.56679
6.56679
8.69303
8.69303
8.69303
8.69303
8.69303
8.69303
8.69303
8.69303
8.69303
8.69303
8.69303
6.56679
8.69303
8.69303
8.69303
8.69303
8.69303
8.69303
6.56679
8.69303
8.69303
8.69303
8.69303
6.56679
8.69303
8.69303
8.69303
8.69303
8.69303
8.69303
6.56679
8.69303
8.69303
8.69303
8.69303
8.69303
8.69303
8.69303
8.69303
8.69303
8.69303
8.69303
6.56679
8.69303
8.69303
8.69303
8.69303
8.69303
6.56679
8.69303
8.69303
8.69303
8.69303
8.69303
8.69303
8.69303
8.69303
8.69303
8.69303
8.69303
8.69303
8.69303
8.69303
8.69303
8.69303
8.69303
6.56679
8.69303
8.69303
8.69303
8.69303
8.69303
8.69303
8.69303
8.69303
8.69303
8.69303
6.56679
6.56679
8.69303
8.69303
8.69303
8.69303
6.56679
8.69303
8.69303
8.69303
8.69303
8.69303
8.69303
6.56679
8.69303
8.69303
8.69303
8.69303
8.69303
8.69303
8.69303
8.69303
8.69303
8.69303
8.69303
6.56679
8.69303
8.69303
8.69303
8.69303
8.69303
8.69303
8.69303
8.69303
8.69303
8.69303
6.56679
6.56679
8.69303
8.69303
8.69303
8.69303
8.69303
8.69303
8.69303
8.69303
8.69303
8.69303
6.56679
8.69303
8.69303
8.69303
8.69303
8.69303
8.69303
6.56679
8.69303
8.69303
8.69303
8.69303
8.69303
8.69303
8.69303
8.69303
8.69303
8.69303
8.69303
6.56679
8.69303
8.69303
8.69303
8.69303
6.56679
8.69303
8.69303
8.69303
8.69303
8.69303
8.69303
6.56679
8.69303
8.69303
8.69303
8.69303
8.69303
8.69303
8.69303
8.69303
8.69303
8.69303
8.69303
6.56679
8.69303
8.69303
8.69303
8.69303
8.69303
8.69303
8.69303
8.69303
8.69303
8.69303
8.69303
8.69303
6.56679
8.69303
8.69303
8.69303
8.69303
6.56679
8.69303
8.69303
8.69303
8.69303
8.69303
6.56679
6.56679
8.69303
8.69303
8.69303
8.69303
8.69303
8.69303
8.69303
8.69303
8.69303
8.69303
6.56679
6.56679
8.69303
8.69303
8.69303
8.69303
8.69303
8.69303
8.69303
8.69303
8.69303
8.69303
8.69303
6.56679
8.69303
8.69303
8.69303
8.69303
8.69303
8.69303
6.56679
8.69303
8.69303
8.69303
8.69303
8.69303
6.56679
8.69303
8.69303
8.69303
8.69303
6.56679
8.69303
8.69303
8.69303
8.69303
8.69303
8.69303
8.69303
6.56679
8.69303
8.69303
8.69303
8.69303
8.69303
8.69303
8.69303
8.69303
8.69303
8.69303
8.69303
8.69303
6.56679
8.69303
8.69303
8.69303
8.69303
8.69303
8.69303
8.69303
8.69303
8.69303
8.69303
8.69303
8.69303
8.69303
8.69303
8.69303
8.69303
8.69303
6.56679
8.69303
8.69303
8.69303
8.69303
8.69303
8.69303
8.69303
8.69303
8.69303
8.69303
6.56679
6.56679
8.69303
8.69303
8.69303
8.69303
6.56679
6.56679
8.69303
8.69303
8.69303
8.69303
8.69303
8.69303
8.69303
8.69303
8.69303
8.69303
6.56679
8.69303
8.69303
8.69303
8.69303
8.69303
6.56679
6.56679
8.69303
8.69303
8.69303
8.69303
6.56679
8.69303
8.69303
8.69303
8.69303
8.69303
8.69303
8.69303
6.56679
8.69303
8.69303
8.69303
8.69303
8.69303
8.69303
8.69303
8.69303
8.69303
8.69303
6.56679
6.56679
8.69303
8.69303
8.69303
8.69303
8.69303
6.56679
8.69303
8.69303
8.69303
8.69303
6.56679
8.69303
8.69303
8.69303
8.69303
8.69303
8.69303
8.69303
6.56679
8.69303
8.69303
8.69303
8.69303
8.69303
8.69303
8.69303
8.69303
8.69303
8.69303
6.56679
6.56679
8.69303
8.69303
8.69303
8.69303
8.69303
8.69303
6.56679
6.56679
8.69303
8.69303
8.69303
6.56679
6.56679
8.69303
8.69303
8.69303
8.69303
8.69303
6.56679
8.69303
8.69303
8.69303
8.69303
6.56679
8.69303
8.69303
8.69303
8.69303
8.69303
8.69303
6.56679
8.69303
8.69303
8.69303
8.69303
6.56679
8.69303
8.69303
8.69303
8.69303
8.69303
8.69303
8.69303
8.69303
8.69303
8.69303
6.56679
8.69303
8.69303
8.69303
8.69303
8.69303
8.69303
6.56679
8.69303
8.69303
8.69303
8.69303
8.69303
8.69303
8.69303
8.69303
8.69303
8.69303
8.69303
8.69303
6.56679
6.56679
8.69303
8.69303
8.69303
8.69303
6.56679
8.69303
8.69303
8.69303
8.69303
8.69303
8.69303
8.69303
8.69303
8.69303
8.69303
8.69303
6.56679
6.56679
8.69303
8.69303
8.69303
8.69303
8.69303
6.56679
8.69303
8.69303
8.69303
8.69303
8.69303
8.69303
8.69303
8.69303
8.69303
8.69303
6.56679
6.56679
8.69303
8.69303
8.69303
8.69303
8.69303
6.56679
8.69303
8.69303
8.69303
8.69303
8.69303
8.69303
8.69303
8.69303
8.69303
8.69303
8.69303
6.56679
8.69303
8.69303
8.69303
8.69303
8.69303
8.69303
6.56679
8.69303
8.69303
8.69303
8.69303
8.69303
8.69303
8.69303
8.69303
8.69303
8.69303
8.69303
8.69303
8.69303
8.69303
8.69303
6.56679
6.56679
8.69303
8.69303
8.69303
8.69303
8.69303
6.56679
8.69303
8.69303
8.69303
8.69303
6.56679
8.69303
8.69303
8.69303
8.69303
8.69303
8.69303
6.56679
8.69303
8.69303
8.69303
8.69303
8.69303
6.56679
8.69303
8.69303
8.69303
8.69303
6.56679
8.69303
8.69303
8.69303
8.69303
8.69303
8.69303
6.56679
8.69303
8.69303
8.69303
8.69303
8.69303
6.56679
8.69303
8.69303
8.69303
8.69303
8.69303
8.69303
8.69303
8.69303
8.69303
8.69303
6.56679
6.56679
8.69303
8.69303
8.69303
6.56679
6.56679
8.69303
8.69303
8.69303
8.69303
8.69303
8.69303
8.69303
8.69303
8.69303
8.69303
8.69303
6.56679
6.56679
8.69303
8.69303
8.69303
8.69303
8.69303
8.69303
6.56679
8.69303
8.69303
8.69303
8.69303
6.56679
8.69303
8.69303
8.69303
8.69303
8.69303
8.69303
6.56679
8.69303
8.69303
8.69303
8.69303
8.69303
6.56679
8.69303
8.69303
8.69303
8.69303
6.56679
8.69303
8.69303
8.69303
8.69303
8.69303
6.56679
6.56679
8.69303
8.69303
8.69303
6.56679
6.56679
8.69303
8.69303
8.69303
8.69303
8.69303
6.56679
8.69303
8.69303
8.69303
8.69303
8.69303
6.56679
8.69303
8.69303
8.69303
8.69303
8.69303
6.56679
6.56679
8.69303
8.69303
8.69303
8.69303
8.69303
6.56679
8.69303
8.69303
8.69303
8.69303
6.56679
8.69303
8.69303
8.69303
8.69303
6.56679
8.69303
8.69303
8.69303
8.69303
8.69303
8.69303
8.69303
6.56679
8.69303
8.69303
8.69303
8.69303
8.69303
8.69303
8.69303
8.69303
8.69303
6.56679
8.69303
8.69303
8.69303
8.69303
8.69303
8.69303
6.56679
8.69303
8.69303
8.69303
8.69303
8.69303
8.69303
8.69303
8.69303
8.69303
8.69303
6.56679
8.69303
8.69303
8.69303
8.69303
8.69303
8.69303
6.56679
8.69303
8.69303
8.69303
8.69303
8.69303
6.56679
8.69303
8.69303
8.69303
8.69303
6.56679
8.69303
8.69303
8.69303
8.69303
8.69303
8.69303
6.56679
8.69303
8.69303
8.69303
8.69303
8.69303
6.56679
8.69303
8.69303
8.69303
8.69303
6.56679
8.69303
8.69303
8.69303
8.69303
8.69303
6.56679
6.56679
8.69303
8.69303
8.69303
8.69303
8.69303
6.56679
8.69303
8.69303
8.69303
8.69303
8.69303
8.69303
8.69303
8.69303
8.69303
8.69303
6.56679
6.56679
8.69303
8.69303
8.69303
8.69303
8.69303
6.56679
8.69303
8.69303
8.69303
8.69303
6.56679
8.69303
8.69303
8.69303
8.69303
8.69303
8.69303
8.69303
8.69303
8.69303
8.69303
8.69303
6.56679
8.69303
8.69303
8.69303
8.69303
8.69303
8.69303
8.69303
8.69303
8.69303
8.69303
8.69303
8.69303
8.69303
8.69303
8.69303
8.69303
8.69303
6.56679
8.69303
8.69303
8.69303
8.69303
8.69303
8.69303
8.69303
8.69303
8.69303
8.69303
6.56679
8.69303
8.69303
8.69303
8.69303
8.69303
8.69303
6.56679
8.69303
8.69303
8.69303
8.69303
6.56679
8.69303
8.69303
8.69303
8.69303
8.69303
8.69303
8.69303
8.69303
8.69303
8.69303
8.69303
6.56679
6.56679
8.69303
8.69303
8.69303
8.69303
8.69303
6.56679
8.69303
8.69303
8.69303
8.69303
6.56679
8.69303
8.69303
8.69303
8.69303
8.69303
8.69303
6.56679
8.69303
8.69303
8.69303
8.69303
8.69303
6.56679
8.69303
8.69303
8.69303
8.69303
6.56679
8.69303
8.69303
8.69303
8.69303
8.69303
8.69303
8.69303
6.56679
8.69303
8.69303
8.69303
8.69303
8.69303
8.69303
8.69303
8.69303
8.69303
8.69303
6.56679
8.69303
8.69303
8.69303
8.69303
8.69303
8.69303
6.56679
8.69303
8.69303
8.69303
8.69303
8.69303
6.56679
6.56679
8.69303
8.69303
8.69303
8.69303
6.56679
6.56679
8.69303
8.69303
8.69303
8.69303
8.69303
8.69303
8.69303
8.69303
8.69303
8.69303
8.69303
8.69303
8.69303
8.69303
8.69303
8.69303
6.56679
6.56679
8.69303
8.69303
8.69303
8.69303
8.69303
8.69303
6.56679
8.69303
8.69303
8.69303
8.69303
6.56679
8.69303
8.69303
8.69303
8.69303
8.69303
6.56679
8.69303
8.69303
8.69303
8.69303
8.69303
6.56679
6.56679
8.69303
8.69303
8.69303
8.69303
8.69303
6.56679
8.69303
8.69303
8.69303
8.69303
8.69303
6.56679
8.69303
8.69303
8.69303
8.69303
8.69303
6.56679
8.69303
8.69303
8.69303
8.69303
6.56679
8.69303
8.69303
8.69303
8.69303
8.69303
6.56679
8.69303
8.69303
8.69303
8.69303
8.69303
8.69303
6.56679
8.69303
8.69303
8.69303
8.69303
8.69303
6.56679
8.69303
8.69303
8.69303
8.69303
8.69303
8.69303
8.69303
8.69303
8.69303
8.69303
6.56679
8.69303
8.69303
8.69303
8.69303
8.69303
8.69303
6.56679
8.69303
8.69303
8.69303
8.69303
8.69303
6.56679
8.69303
8.69303
8.69303
8.69303
8.69303
6.56679
8.69303
8.69303
8.69303
8.69303
6.56679
8.69303
8.69303
8.69303
8.69303
8.69303
6.56679
8.69303
8.69303
8.69303
8.69303
8.69303
6.56679
6.56679
8.69303
8.69303
8.69303
8.69303
8.69303
6.56679
8.69303
8.69303
8.69303
8.69303
8.69303
6.56679
8.69303
8.69303
8.69303
8.69303
8.69303
8.69303
8.69303
8.69303
8.69303
8.69303
8.69303
6.56679
8.69303
8.69303
8.69303
8.69303
8.69303
6.56679
6.56679
8.69303
8.69303
8.69303
8.69303
8.69303
8.69303
6.56679
8.69303
8.69303
8.69303
8.69303
8.69303
6.56679
8.69303
8.69303
8.69303
8.69303
6.56679
8.69303
8.69303
8.69303
8.69303
8.69303
8.69303
6.56679
6.56679
8.69303
8.69303
8.69303
8.69303
6.56679
6.56679
8.69303
8.69303
8.69303
8.69303
8.69303
6.56679
8.69303
8.69303
8.69303
8.69303
8.69303
8.69303
8.69303
8.69303
8.69303
8.69303
6.56679
6.56679
8.69303
8.69303
8.69303
8.69303
8.69303
6.56679
8.69303
8.69303
8.69303
8.69303
6.56679
8.69303
8.69303
8.69303
8.69303
8.69303
8.69303
8.69303
8.69303
8.69303
8.69303
6.56679
6.56679
8.69303
8.69303
8.69303
8.69303
8.69303
6.56679
8.69303
8.69303
8.69303
8.69303
8.69303
8.69303
8.69303
8.69303
8.69303
8.69303
6.56679
6.56679
8.69303
8.69303
8.69303
8.69303
8.69303
6.56679
8.69303
8.69303
8.69303
8.69303
8.69303
8.69303
8.69303
8.69303
8.69303
8.69303
6.56679
6.56679
8.69303
8.69303
8.69303
8.69303
8.69303
8.69303
6.56679
8.69303
8.69303
8.69303
8.69303
6.56679
8.69303
8.69303
8.69303
8.69303
8.69303
8.69303
6.56679
8.69303
8.69303
8.69303
8.69303
8.69303
8.69303
8.69303
8.69303
8.69303
6.56679
8.69303
8.69303
8.69303
8.69303
8.69303
6.56679
6.56679
8.69303
8.69303
8.69303
8.69303
8.69303
6.56679
8.69303
8.69303
8.69303
8.69303
8.69303
8.69303
8.69303
8.69303
8.69303
8.69303
6.56679
8.69303
8.69303
8.69303
8.69303
8.69303
8.69303
6.56679
8.69303
8.69303
8.69303
8.69303
6.56679
8.69303
8.69303
8.69303
8.69303
8.69303
6.56679
6.56679
8.69303
8.69303
8.69303
8.69303
8.69303
6.56679
8.69303
8.69303
8.69303
8.69303
8.69303
6.56679
6.56679
8.69303
8.69303
8.69303
8.69303
8.69303
6.56679
8.69303
8.69303
8.69303
8.69303
8.69303
8.69303
8.69303
8.69303
8.69303
8.69303
6.56679
6.56679
8.69303
8.69303
8.69303
8.69303
8.69303
8.69303
6.56679
8.69303
8.69303
8.69303
8.69303
6.56679
8.69303
8.69303
8.69303
8.69303
8.69303
6.56679
8.69303
8.69303
8.69303
8.69303
8.69303
6.56679
6.56679
8.69303
8.69303
8.69303
8.69303
8.69303
6.56679
8.69303
8.69303
8.69303
8.69303
8.69303
6.56679
8.69303
8.69303
8.69303
8.69303
8.69303
8.69303
8.69303
8.69303
8.69303
8.69303
6.56679
8.69303
8.69303
8.69303
8.69303
8.69303
6.56679
6.56679
8.69303
8.69303
8.69303
8.69303
6.56679
6.56679
8.69303
8.69303
8.69303
8.69303
8.69303
6.56679
8.69303
8.69303
8.69303
8.69303
8.69303
8.69303
8.69303
8.69303
8.69303
8.69303
8.69303
6.56679
6.56679
8.69303
8.69303
8.69303
8.69303
6.56679
6.56679
8.69303
8.69303
8.69303
8.69303
8.69303
6.56679
8.69303
8.69303
8.69303
8.69303
8.69303
8.69303
8.69303
8.69303
8.69303
8.69303
8.69303
8.69303
8.69303
8.69303
8.69303
8.69303
6.56679
8.69303
8.69303
8.69303
8.69303
8.69303
6.56679
6.56679
8.69303
8.69303
8.69303
8.69303
6.56679
6.56679
8.69303
8.69303
8.69303
8.69303
8.69303
8.69303
6.56679
8.69303
8.69303
8.69303
8.69303
8.69303
8.69303
8.69303
8.69303
8.69303
8.69303
6.56679
8.69303
8.69303
8.69303
8.69303
8.69303
6.56679
6.56679
8.69303
8.69303
8.69303
8.69303
8.69303
6.56679
8.69303
8.69303
8.69303
8.69303
8.69303
6.56679
8.69303
8.69303
8.69303
8.69303
8.69303
6.56679
8.69303
8.69303
8.69303
8.69303
6.56679
8.69303
8.69303
8.69303
8.69303
8.69303
6.56679
8.69303
8.69303
8.69303
8.69303
8.69303
6.56679
8.69303
8.69303
8.69303
8.69303
8.69303
6.56679
6.56679
8.69303
8.69303
8.69303
8.69303
8.69303
6.56679
8.69303
8.69303
8.69303
8.69303
8.69303
6.56679
8.69303
8.69303
8.69303
8.69303
6.56679
8.69303
8.69303
8.69303
8.69303
8.69303
6.56679
8.69303
8.69303
8.69303
8.69303
8.69303
6.56679
8.69303
8.69303
8.69303
8.69303
8.69303
8.69303
6.56679
8.69303
8.69303
8.69303
8.69303
8.69303
6.56679
8.69303
8.69303
8.69303
8.69303
8.69303
6.56679
8.69303
8.69303
8.69303
8.69303
6.56679
8.69303
8.69303
8.69303
8.69303
8.69303
6.56679
8.69303
8.69303
8.69303
8.69303
8.69303
6.56679
6.56679
8.69303
8.69303
8.69303
8.69303
8.69303
6.56679
8.69303
8.69303
8.69303
8.69303
8.69303
6.56679
8.69303
8.69303
8.69303
8.69303
8.69303
6.56679
8.69303
8.69303
8.69303
8.69303
8.69303
8.69303
8.69303
8.69303
8.69303
8.69303
6.56679
8.69303
8.69303
8.69303
8.69303
8.69303
6.56679
6.56679
8.69303
8.69303
8.69303
6.56679
8.69303
8.69303
8.69303
8.69303
8.69303
6.56679
6.56679
8.69303
8.69303
8.69303
8.69303
6.56679
6.56679
8.69303
8.69303
8.69303
8.69303
8.69303
6.56679
8.69303
8.69303
8.69303
8.69303
8.69303
8.69303
8.69303
8.69303
8.69303
8.69303
8.69303
8.69303
8.69303
8.69303
8.69303
8.69303
6.56679
8.69303
8.69303
8.69303
8.69303
8.69303
6.56679
8.69303
8.69303
8.69303
8.69303
8.69303
8.69303
8.69303
8.69303
8.69303
6.56679
8.69303
8.69303
8.69303
8.69303
8.69303
6.56679
8.69303
8.69303
8.69303
8.69303
8.69303
6.56679
8.69303
8.69303
8.69303
8.69303
8.69303
6.56679
6.56679
8.69303
8.69303
8.69303
8.69303
8.69303
8.69303
8.69303
8.69303
8.69303
8.69303
8.69303
8.69303
8.69303
8.69303
8.69303
8.69303
8.69303
6.56679
8.69303
8.69303
8.69303
8.69303
8.69303
6.56679
6.56679
8.69303
8.69303
8.69303
8.69303
6.56679
6.56679
8.69303
8.69303
8.69303
8.69303
8.69303
6.56679
8.69303
8.69303
8.69303
8.69303
8.69303
6.56679
8.69303
8.69303
8.69303
8.69303
8.69303
8.69303
8.69303
8.69303
8.69303
8.69303
8.69303
8.69303
8.69303
8.69303
8.69303
8.69303
8.69303
8.69303
8.69303
8.69303
8.69303
8.69303
8.69303
8.69303
8.69303
8.69303
8.69303
6.56679
8.69303
8.69303
8.69303
8.69303
8.69303
8.69303
6.56679
8.69303
8.69303
8.69303
8.69303
8.69303
8.69303
8.69303
8.69303
8.69303
8.69303
8.69303
6.56679
8.69303
8.69303
8.69303
8.69303
8.69303
6.56679
6.56679
8.69303
8.69303
8.69303
8.69303
8.69303
6.56679
8.69303
8.69303
8.69303
8.69303
8.69303
8.69303
6.56679
8.69303
8.69303
8.69303
8.69303
6.56679
8.69303
8.69303
8.69303
8.69303
6.56679
8.69303
8.69303
8.69303
8.69303
8.69303
8.69303
8.69303
8.69303
8.69303
8.69303
6.56679
8.69303
8.69303
8.69303
8.69303
8.69303
8.69303
8.69303
6.56679
8.69303
8.69303
8.69303
8.69303
8.69303
6.56679
8.69303
8.69303
8.69303
8.69303
8.69303
6.56679
8.69303
8.69303
8.69303
8.69303
8.69303
8.69303
6.56679
8.69303
8.69303
8.69303
6.56679
6.56679
8.69303
8.69303
8.69303
8.69303
8.69303
8.69303
6.56679
8.69303
8.69303
8.69303
8.69303
8.69303
8.69303
8.69303
8.69303
8.69303
8.69303
8.69303
8.69303
8.69303
8.69303
8.69303
6.56679
8.69303
8.69303
8.69303
8.69303
8.69303
6.56679
6.56679
8.69303
8.69303
8.69303
8.69303
6.56679
6.56679
8.69303
8.69303
8.69303
8.69303
8.69303
6.56679
8.69303
8.69303
8.69303
8.69303
8.69303
6.56679
8.69303
8.69303
8.69303
8.69303
8.69303
6.56679
8.69303
8.69303
8.69303
8.69303
8.69303
6.56679
8.69303
8.69303
8.69303
8.69303
8.69303
6.56679
6.56679
8.69303
8.69303
8.69303
8.69303
8.69303
6.56679
8.69303
8.69303
8.69303
8.69303
8.69303
6.56679
8.69303
8.69303
8.69303
8.69303
8.69303
6.56679
8.69303
8.69303
8.69303
8.69303
8.69303
8.69303
8.69303
8.69303
8.69303
8.69303
8.69303
8.69303
8.69303
8.69303
8.69303
8.69303
8.69303
8.69303
6.56679
8.69303
8.69303
8.69303
8.69303
8.69303
6.56679
8.69303
8.69303
8.69303
8.69303
8.69303
6.56679
6.56679
8.69303
8.69303
8.69303
8.69303
6.56679
6.56679
8.69303
8.69303
8.69303
8.69303
8.69303
6.56679
8.69303
8.69303
8.69303
8.69303
8.69303
6.56679
8.69303
8.69303
8.69303
8.69303
8.69303
6.56679
8.69303
8.69303
8.69303
8.69303
8.69303
8.69303
8.69303
8.69303
8.69303
8.69303
8.69303
8.69303
8.69303
8.69303
8.69303
8.69303
6.56679
6.56679
8.69303
8.69303
8.69303
8.69303
6.56679
8.69303
8.69303
8.69303
8.69303
8.69303
8.69303
8.69303
8.69303
8.69303
8.69303
8.69303
8.69303
6.56679
8.69303
8.69303
8.69303
8.69303
6.56679
8.69303
8.69303
8.69303
8.69303
8.69303
6.56679
6.56679
8.69303
8.69303
8.69303
8.69303
8.69303
8.69303
6.56679
8.69303
8.69303
8.69303
8.69303
6.56679
8.69303
8.69303
8.69303
8.69303
8.69303
6.56679
6.56679
8.69303
8.69303
8.69303
8.69303
8.69303
8.69303
6.56679
8.69303
8.69303
8.69303
8.69303
8.69303
6.56679
8.69303
8.69303
8.69303
8.69303
8.69303
8.69303
8.69303
8.69303
8.69303
8.69303
8.69303
8.69303
8.69303
8.69303
8.69303
8.69303
8.69303
6.56679
6.56679
8.69303
8.69303
8.69303
8.69303
8.69303
6.56679
8.69303
8.69303
8.69303
8.69303
8.69303
6.56679
8.69303
8.69303
8.69303
8.69303
8.69303
8.69303
8.69303
8.69303
8.69303
8.69303
8.69303
8.69303
8.69303
8.69303
8.69303
8.69303
8.69303
8.69303
6.56679
8.69303
8.69303
8.69303
8.69303
8.69303
6.56679
8.69303
8.69303
8.69303
8.69303
8.69303
8.69303
8.69303
8.69303
8.69303
8.69303
6.56679
8.69303
8.69303
8.69303
8.69303
8.69303
6.56679
8.69303
8.69303
8.69303
8.69303
8.69303
8.69303
8.69303
6.56679
8.69303
8.69303
8.69303
8.69303
6.56679
8.69303
8.69303
8.69303
8.69303
8.69303
6.56679
8.69303
8.69303
8.69303
8.69303
8.69303
6.56679
8.69303
8.69303
8.69303
8.69303
8.69303
8.69303
8.69303
8.69303
8.69303
8.69303
8.69303
8.69303
8.69303
8.69303
8.69303
8.69303
6.56679
8.69303
8.69303
8.69303
8.69303
8.69303
8.69303
8.69303
6.56679
8.69303
8.69303
8.69303
8.69303
6.56679
8.69303
8.69303
8.69303
8.69303
8.69303
8.69303
8.69303
8.69303
8.69303
8.69303
6.56679
8.69303
8.69303
8.69303
8.69303
8.69303
8.69303
6.56679
6.56679
8.69303
8.69303
8.69303
8.69303
6.56679
8.69303
8.69303
8.69303
8.69303
8.69303
8.69303
8.69303
8.69303
8.69303
8.69303
8.69303
8.69303
8.69303
8.69303
8.69303
8.69303
6.56679
8.69303
8.69303
8.69303
8.69303
8.69303
6.56679
6.56679
8.69303
8.69303
8.69303
8.69303
6.56679
6.56679
8.69303
8.69303
8.69303
8.69303
8.69303
6.56679
8.69303
8.69303
8.69303
8.69303
6.56679
8.69303
8.69303
8.69303
8.69303
8.69303
8.69303
6.56679
6.56679
8.69303
8.69303
8.69303
8.69303
6.56679
8.69303
8.69303
8.69303
8.69303
8.69303
8.69303
6.56679
8.69303
8.69303
8.69303
8.69303
8.69303
8.69303
8.69303
8.69303
8.69303
8.69303
6.56679
8.69303
8.69303
8.69303
8.69303
8.69303
6.56679
6.56679
8.69303
8.69303
8.69303
8.69303
8.69303
6.56679
8.69303
8.69303
8.69303
8.69303
8.69303
6.56679
8.69303
8.69303
8.69303
8.69303
8.69303
6.56679
8.69303
8.69303
8.69303
8.69303
8.69303
6.56679
6.56679
8.69303
8.69303
8.69303
6.56679
6.56679
8.69303
8.69303
8.69303
8.69303
8.69303
6.56679
8.69303
8.69303
8.69303
6.56679
6.56679
8.69303
8.69303
8.69303
8.69303
8.69303
6.56679
8.69303
8.69303
8.69303
8.69303
8.69303
6.56679
8.69303
8.69303
8.69303
8.69303
8.69303
8.69303
8.69303
8.69303
8.69303
8.69303
6.56679
8.69303
8.69303
8.69303
8.69303
8.69303
6.56679
6.56679
8.69303
8.69303
8.69303
8.69303
6.56679
6.56679
8.69303
8.69303
8.69303
8.69303
8.69303
6.56679
8.69303
8.69303
8.69303
8.69303
8.69303
8.69303
8.69303
8.69303
8.69303
8.69303
8.69303
8.69303
8.69303
8.69303
8.69303
8.69303
8.69303
8.69303
8.69303
8.69303
8.69303
8.69303
8.69303
6.56679
8.69303
8.69303
8.69303
8.69303
8.69303
6.56679
8.69303
8.69303
8.69303
8.69303
8.69303
8.69303
8.69303
8.69303
8.69303
8.69303
8.69303
8.69303
8.69303
8.69303
8.69303
8.69303
6.56679
8.69303
8.69303
8.69303
8.69303
8.69303
6.56679
6.56679
8.69303
8.69303
8.69303
8.69303
6.56679
6.56679
8.69303
8.69303
8.69303
8.69303
8.69303
8.69303
8.69303
8.69303
8.69303
8.69303
6.56679
8.69303
8.69303
8.69303
8.69303
8.69303
6.56679
6.56679
8.69303
8.69303
8.69303
8.69303
6.56679
6.56679
8.69303
8.69303
8.69303
6.56679
6.56679
8.69303
8.69303
8.69303
8.69303
8.69303
6.56679
8.69303
8.69303
8.69303
8.69303
8.69303
6.56679
8.69303
8.69303
8.69303
8.69303
8.69303
8.69303
8.69303
8.69303
8.69303
8.69303
8.69303
6.56679
6.56679
8.69303
8.69303
8.69303
8.69303
6.56679
6.56679
8.69303
8.69303
8.69303
8.69303
8.69303
6.56679
8.69303
8.69303
8.69303
8.69303
8.69303
8.69303
8.69303
8.69303
8.69303
8.69303
6.56679
8.69303
8.69303
8.69303
8.69303
8.69303
6.56679
6.56679
8.69303
8.69303
8.69303
8.69303
8.69303
6.56679
8.69303
8.69303
8.69303
8.69303
8.69303
8.69303
8.69303
8.69303
8.69303
8.69303
8.69303
6.56679
6.56679
8.69303
8.69303
8.69303
8.69303
8.69303
6.56679
8.69303
8.69303
8.69303
8.69303
8.69303
6.56679
8.69303
8.69303
8.69303
8.69303
8.69303
8.69303
8.69303
8.69303
8.69303
8.69303
8.69303
8.69303
8.69303
8.69303
8.69303
6.56679
8.69303
8.69303
8.69303
8.69303
8.69303
8.69303
6.56679
6.56679
8.69303
8.69303
8.69303
6.56679
8.69303
8.69303
8.69303
8.69303
8.69303
8.69303
6.56679
8.69303
8.69303
8.69303
8.69303
8.69303
8.69303
8.69303
8.69303
8.69303
8.69303
8.69303
8.69303
6.56679
8.69303
8.69303
8.69303
8.69303
6.56679
8.69303
8.69303
8.69303
8.69303
8.69303
6.56679
6.56679
8.69303
8.69303
8.69303
8.69303
6.56679
6.56679
8.69303
8.69303
8.69303
8.69303
8.69303
6.56679
8.69303
8.69303
8.69303
8.69303
8.69303
6.56679
8.69303
8.69303
8.69303
8.69303
8.69303
6.56679
8.69303
8.69303
8.69303
8.69303
8.69303
8.69303
8.69303
8.69303
8.69303
8.69303
8.69303
6.56679
6.56679
8.69303
8.69303
8.69303
8.69303
8.69303
6.56679
8.69303
8.69303
8.69303
8.69303
8.69303
6.56679
8.69303
8.69303
8.69303
8.69303
6.56679
8.69303
8.69303
8.69303
8.69303
8.69303
6.56679
8.69303
8.69303
8.69303
8.69303
8.69303
6.56679
8.69303
8.69303
8.69303
8.69303
8.69303
6.56679
6.56679
8.69303
8.69303
8.69303
8.69303
8.69303
6.56679
8.69303
8.69303
8.69303
8.69303
8.69303
6.56679
8.69303
8.69303
8.69303
8.69303
8.69303
6.56679
8.69303
8.69303
8.69303
8.69303
8.69303
8.69303
8.69303
8.69303
8.69303
8.69303
8.69303
8.69303
8.69303
8.69303
8.69303
8.69303
6.56679
8.69303
8.69303
8.69303
8.69303
8.69303
6.56679
6.56679
8.69303
8.69303
8.69303
8.69303
8.69303
6.56679
8.69303
8.69303
8.69303
8.69303
8.69303
6.56679
8.69303
8.69303
8.69303
8.69303
8.69303
6.56679
8.69303
8.69303
8.69303
8.69303
8.69303
6.56679
6.56679
8.69303
8.69303
8.69303
6.56679
8.69303
8.69303
8.69303
8.69303
8.69303
8.69303
8.69303
6.56679
8.69303
8.69303
8.69303
8.69303
6.56679
8.69303
8.69303
8.69303
8.69303
8.69303
6.56679
8.69303
8.69303
8.69303
8.69303
8.69303
8.69303
8.69303
8.69303
8.69303
8.69303
8.69303
6.56679
6.56679
8.69303
8.69303
8.69303
8.69303
6.56679
8.69303
8.69303
8.69303
8.69303
8.69303
8.69303
8.69303
6.56679
8.69303
8.69303
8.69303
8.69303
6.56679
6.56679
8.69303
8.69303
8.69303
6.56679
8.69303
8.69303
8.69303
8.69303
8.69303
6.56679
6.56679
8.69303
8.69303
8.69303
8.69303
8.69303
6.56679
8.69303
8.69303
8.69303
8.69303
8.69303
6.56679
8.69303
8.69303
8.69303
8.69303
8.69303
6.56679
8.69303
8.69303
8.69303
8.69303
8.69303
6.56679
8.69303
8.69303
8.69303
8.69303
8.69303
6.56679
6.56679
8.69303
8.69303
8.69303
6.56679
6.56679
8.69303
8.69303
8.69303
8.69303
8.69303
6.56679
8.69303
8.69303
8.69303
8.69303
8.69303
6.56679
8.69303
8.69303
8.69303
8.69303
8.69303
8.69303
8.69303
8.69303
8.69303
8.69303
6.56679
8.69303
8.69303
8.69303
8.69303
8.69303
6.56679
8.69303
8.69303
8.69303
8.69303
8.69303
8.69303
8.69303
6.56679
8.69303
8.69303
8.69303
8.69303
8.69303
6.56679
8.69303
8.69303
8.69303
8.69303
8.69303
8.69303
8.69303
8.69303
8.69303
8.69303
6.56679
6.56679
8.69303
8.69303
8.69303
8.69303
8.69303
6.56679
8.69303
8.69303
8.69303
8.69303
8.69303
6.56679
8.69303
8.69303
8.69303
8.69303
8.69303
6.56679
8.69303
8.69303
8.69303
8.69303
8.69303
8.69303
8.69303
8.69303
8.69303
8.69303
8.69303
8.69303
6.56679
8.69303
8.69303
8.69303
8.69303
8.69303
6.56679
8.69303
8.69303
8.69303
8.69303
8.69303
8.69303
8.69303
8.69303
8.69303
8.69303
8.69303
6.56679
6.56679
8.69303
8.69303
8.69303
8.69303
8.69303
6.56679
8.69303
8.69303
8.69303
8.69303
8.69303
6.56679
8.69303
8.69303
8.69303
8.69303
8.69303
6.56679
8.69303
8.69303
8.69303
8.69303
8.69303
8.69303
8.69303
8.69303
8.69303
8.69303
6.56679
8.69303
8.69303
8.69303
8.69303
8.69303
6.56679
6.56679
8.69303
8.69303
8.69303
8.69303
8.69303
8.69303
6.56679
8.69303
8.69303
8.69303
8.69303
8.69303
8.69303
8.69303
8.69303
8.69303
8.69303
6.56679
8.69303
8.69303
8.69303
8.69303
8.69303
6.56679
6.56679
8.69303
8.69303
8.69303
8.69303
6.56679
6.56679
8.69303
8.69303
8.69303
8.69303
8.69303
8.69303
6.56679
8.69303
8.69303
8.69303
8.69303
8.69303
8.69303
8.69303
8.69303
8.69303
8.69303
6.56679
8.69303
8.69303
8.69303
8.69303
8.69303
6.56679
6.56679
8.69303
8.69303
8.69303
8.69303
8.69303
6.56679
8.69303
8.69303
8.69303
8.69303
8.69303
6.56679
8.69303
8.69303
8.69303
8.69303
8.69303
6.56679
8.69303
8.69303
8.69303
8.69303
8.69303
6.56679
6.56679
8.69303
8.69303
8.69303
8.69303
8.69303
6.56679
8.69303
8.69303
8.69303
8.69303
8.69303
6.56679
8.69303
8.69303
8.69303
8.69303
8.69303
8.69303
8.69303
8.69303
8.69303
8.69303
8.69303
8.69303
6.56679
8.69303
8.69303
8.69303
8.69303
8.69303
6.56679
8.69303
8.69303
8.69303
8.69303
8.69303
6.56679
8.69303
8.69303
8.69303
8.69303
8.69303
8.69303
8.69303
8.69303
8.69303
8.69303
8.69303
6.56679
6.56679
8.69303
8.69303
8.69303
8.69303
8.69303
6.56679
8.69303
8.69303
8.69303
8.69303
8.69303
6.56679
8.69303
8.69303
8.69303
8.69303
8.69303
6.56679
6.56679
8.69303
8.69303
8.69303
8.69303
6.56679
6.56679
8.69303
8.69303
8.69303
8.69303
8.69303
6.56679
8.69303
8.69303
8.69303
8.69303
8.69303
6.56679
8.69303
8.69303
8.69303
8.69303
8.69303
8.69303
8.69303
8.69303
8.69303
8.69303
8.69303
6.56679
8.69303
8.69303
8.69303
8.69303
8.69303
6.56679
6.56679
8.69303
8.69303
8.69303
8.69303
8.69303
8.69303
6.56679
8.69303
8.69303
8.69303
8.69303
6.56679
8.69303
8.69303
8.69303
8.69303
8.69303
6.56679
8.69303
8.69303
8.69303
8.69303
8.69303
6.56679
8.69303
8.69303
8.69303
8.69303
8.69303
6.56679
8.69303
8.69303
8.69303
8.69303
8.69303
8.69303
6.56679
8.69303
8.69303
8.69303
8.69303
8.69303
6.56679
8.69303
8.69303
8.69303
8.69303
8.69303
6.56679
8.69303
8.69303
8.69303
8.69303
8.69303
8.69303
8.69303
8.69303
8.69303
8.69303
6.56679
8.69303
8.69303
8.69303
8.69303
8.69303
6.56679
8.69303
8.69303
8.69303
8.69303
8.69303
8.69303
6.56679
8.69303
8.69303
8.69303
8.69303
8.69303
8.69303
8.69303
8.69303
8.69303
8.69303
8.69303
8.69303
8.69303
8.69303
8.69303
8.69303
6.56679
8.69303
8.69303
8.69303
8.69303
8.69303
6.56679
8.69303
8.69303
8.69303
8.69303
8.69303
6.56679
6.56679
8.69303
8.69303
8.69303
8.69303
8.69303
6.56679
8.69303
8.69303
8.69303
8.69303
8.69303
6.56679
8.69303
8.69303
8.69303
8.69303
8.69303
8.69303
8.69303
8.69303
8.69303
8.69303
8.69303
6.56679
8.69303
8.69303
8.69303
8.69303
8.69303
6.56679
6.56679
8.69303
8.69303
8.69303
6.56679
6.56679
8.69303
8.69303
8.69303
8.69303
8.69303
8.69303
6.56679
8.69303
8.69303
8.69303
8.69303
8.69303
6.56679
8.69303
8.69303
8.69303
8.69303
6.56679
8.69303
8.69303
8.69303
8.69303
8.69303
6.56679
8.69303
8.69303
8.69303
8.69303
8.69303
8.69303
6.56679
8.69303
8.69303
8.69303
8.69303
8.69303
6.56679
8.69303
8.69303
8.69303
8.69303
8.69303
8.69303
8.69303
8.69303
8.69303
8.69303
8.69303
6.56679
8.69303
8.69303
8.69303
8.69303
8.69303
6.56679
6.56679
8.69303
8.69303
8.69303
8.69303
6.56679
6.56679
8.69303
8.69303
8.69303
8.69303
8.69303
6.56679
8.69303
8.69303
8.69303
8.69303
8.69303
6.56679
8.69303
8.69303
8.69303
8.69303
6.56679
8.69303
8.69303
8.69303
8.69303
8.69303
6.56679
8.69303
8.69303
8.69303
8.69303
8.69303
8.69303
8.69303
8.69303
8.69303
8.69303
8.69303
8.69303
8.69303
8.69303
8.69303
8.69303
8.69303
6.56679
8.69303
8.69303
8.69303
8.69303
8.69303
6.56679
8.69303
8.69303
8.69303
8.69303
8.69303
8.69303
8.69303
8.69303
8.69303
8.69303
8.69303
8.69303
8.69303
8.69303
8.69303
8.69303
6.56679
8.69303
8.69303
8.69303
8.69303
8.69303
8.69303
8.69303
8.69303
8.69303
8.69303
8.69303
8.69303
8.69303
6.56679
8.69303
8.69303
8.69303
8.69303
8.69303
8.69303
8.69303
8.69303
8.69303
8.69303
8.69303
6.56679
8.69303
8.69303
8.69303
8.69303
8.69303
6.56679
6.56679
8.69303
8.69303
8.69303
8.69303
8.69303
6.56679
8.69303
8.69303
8.69303
8.69303
8.69303
8.69303
8.69303
8.69303
8.69303
8.69303
8.69303
6.56679
6.56679
8.69303
8.69303
8.69303
8.69303
6.56679
6.56679
8.69303
8.69303
8.69303
8.69303
8.69303
6.56679
8.69303
8.69303
8.69303
8.69303
8.69303
6.56679
8.69303
8.69303
8.69303
8.69303
6.56679
8.69303
8.69303
8.69303
8.69303
8.69303
8.69303
8.69303
8.69303
8.69303
8.69303
8.69303
8.69303
8.69303
8.69303
8.69303
8.69303
6.56679
8.69303
8.69303
8.69303
8.69303
8.69303
6.56679
6.56679
8.69303
8.69303
8.69303
8.69303
8.69303
8.69303
6.56679
8.69303
8.69303
8.69303
8.69303
8.69303
6.56679
8.69303
8.69303
8.69303
8.69303
8.69303
6.56679
6.56679
8.69303
8.69303
8.69303
8.69303
8.69303
8.69303
6.56679
8.69303
8.69303
8.69303
8.69303
8.69303
6.56679
6.56679
8.69303
8.69303
8.69303
6.56679
8.69303
8.69303
8.69303
8.69303
8.69303
8.69303
6.56679
8.69303
8.69303
8.69303
8.69303
8.69303
6.56679
8.69303
8.69303
8.69303
8.69303
8.69303
6.56679
8.69303
8.69303
8.69303
8.69303
8.69303
8.69303
8.69303
8.69303
8.69303
8.69303
8.69303
8.69303
8.69303
8.69303
8.69303
8.69303
6.56679
8.69303
8.69303
8.69303
8.69303
8.69303
8.69303
6.56679
8.69303
8.69303
8.69303
8.69303
8.69303
6.56679
8.69303
8.69303
8.69303
8.69303
8.69303
6.56679
8.69303
8.69303
8.69303
8.69303
8.69303
6.56679
8.69303
8.69303
8.69303
8.69303
8.69303
8.69303
8.69303
8.69303
8.69303
8.69303
6.56679
8.69303
8.69303
8.69303
8.69303
8.69303
6.56679
6.56679
8.69303
8.69303
8.69303
8.69303
8.69303
6.56679
8.69303
8.69303
8.69303
8.69303
8.69303
6.56679
8.69303
8.69303
8.69303
8.69303
8.69303
6.56679
8.69303
8.69303
8.69303
8.69303
6.56679
8.69303
8.69303
8.69303
8.69303
8.69303
6.56679
8.69303
8.69303
8.69303
8.69303
6.56679
8.69303
8.69303
8.69303
8.69303
8.69303
6.56679
6.56679
8.69303
8.69303
8.69303
8.69303
8.69303
6.56679
8.69303
8.69303
8.69303
8.69303
8.69303
8.69303
6.56679
8.69303
8.69303
8.69303
8.69303
8.69303
8.69303
8.69303
8.69303
8.69303
8.69303
8.69303
8.69303
8.69303
8.69303
8.69303
8.69303
8.69303
8.69303
6.56679
8.69303
8.69303
8.69303
8.69303
6.56679
8.69303
8.69303
8.69303
8.69303
8.69303
6.56679
8.69303
8.69303
8.69303
8.69303
6.56679
8.69303
8.69303
8.69303
8.69303
8.69303
6.56679
6.56679
8.69303
8.69303
8.69303
8.69303
8.69303
8.69303
6.56679
8.69303
8.69303
8.69303
8.69303
6.56679
8.69303
8.69303
8.69303
8.69303
8.69303
8.69303
8.69303
8.69303
8.69303
8.69303
8.69303
8.69303
8.69303
8.69303
8.69303
8.69303
6.56679
8.69303
8.69303
8.69303
8.69303
8.69303
8.69303
8.69303
6.56679
8.69303
8.69303
8.69303
8.69303
6.56679
6.56679
8.69303
8.69303
8.69303
8.69303
8.69303
6.56679
8.69303
8.69303
8.69303
8.69303
6.56679
8.69303
8.69303
8.69303
8.69303
8.69303
6.56679
8.69303
8.69303
8.69303
8.69303
8.69303
8.69303
8.69303
6.56679
8.69303
8.69303
8.69303
8.69303
6.56679
8.69303
8.69303
8.69303
8.69303
8.69303
8.69303
8.69303
8.69303
8.69303
8.69303
8.69303
8.69303
8.69303
8.69303
8.69303
8.69303
8.69303
6.56679
8.69303
8.69303
8.69303
8.69303
8.69303
8.69303
6.56679
8.69303
8.69303
8.69303
8.69303
8.69303
6.56679
8.69303
8.69303
8.69303
8.69303
8.69303
6.56679
8.69303
8.69303
8.69303
8.69303
8.69303
6.56679
6.56679
8.69303
8.69303
8.69303
8.69303
8.69303
6.56679
8.69303
8.69303
8.69303
8.69303
8.69303
6.56679
8.69303
8.69303
8.69303
8.69303
8.69303
8.69303
8.69303
8.69303
8.69303
8.69303
8.69303
8.69303
8.69303
8.69303
8.69303
8.69303
8.69303
6.56679
8.69303
8.69303
8.69303
8.69303
8.69303
8.69303
6.56679
8.69303
8.69303
8.69303
8.69303
8.69303
6.56679
8.69303
8.69303
8.69303
8.69303
8.69303
8.69303
6.56679
8.69303
8.69303
8.69303
8.69303
8.69303
8.69303
8.69303
8.69303
8.69303
8.69303
6.56679
8.69303
8.69303
8.69303
8.69303
8.69303
6.56679
6.56679
8.69303
8.69303
8.69303
8.69303
8.69303
6.56679
8.69303
8.69303
8.69303
8.69303
8.69303
8.69303
8.69303
8.69303
8.69303
8.69303
8.69303
6.56679
8.69303
8.69303
8.69303
8.69303
6.56679
6.56679
6.56679
8.69303
8.69303
8.69303
8.69303
6.56679
8.69303
8.69303
8.69303
8.69303
6.56679
8.69303
8.69303
8.69303
8.69303
8.69303
6.56679
8.69303
8.69303
8.69303
8.69303
8.69303
6.56679
6.56679
8.69303
8.69303
8.69303
8.69303
8.69303
6.56679
8.69303
8.69303
8.69303
8.69303
8.69303
6.56679
8.69303
8.69303
8.69303
8.69303
8.69303
6.56679
8.69303
8.69303
8.69303
8.69303
6.56679
6.56679
6.56679
8.69303
8.69303
8.69303
8.69303
6.56679
8.69303
8.69303
8.69303
8.69303
6.56679
8.69303
8.69303
8.69303
8.69303
8.69303
8.69303
6.56679
8.69303
8.69303
8.69303
8.69303
8.69303
6.56679
8.69303
8.69303
8.69303
8.69303
8.69303
8.69303
8.69303
8.69303
8.69303
8.69303
6.56679
6.56679
8.69303
8.69303
8.69303
8.69303
8.69303
6.56679
8.69303
8.69303
8.69303
8.69303
6.56679
8.69303
8.69303
8.69303
8.69303
8.69303
8.69303
8.69303
8.69303
8.69303
8.69303
8.69303
8.69303
8.69303
8.69303
8.69303
8.69303
8.69303
8.69303
8.69303
6.56679
8.69303
8.69303
8.69303
8.69303
6.56679
6.56679
8.69303
8.69303
8.69303
8.69303
8.69303
8.69303
8.69303
8.69303
8.69303
8.69303
8.69303
8.69303
6.56679
8.69303
8.69303
8.69303
8.69303
8.69303
8.69303
6.56679
8.69303
8.69303
8.69303
8.69303
8.69303
6.56679
8.69303
8.69303
8.69303
8.69303
8.69303
6.56679
8.69303
8.69303
8.69303
8.69303
8.69303
8.69303
6.56679
8.69303
8.69303
8.69303
6.56679
8.69303
8.69303
8.69303
8.69303
8.69303
8.69303
6.56679
6.56679
8.69303
8.69303
8.69303
8.69303
6.56679
6.56679
8.69303
8.69303
8.69303
8.69303
6.56679
8.69303
8.69303
8.69303
8.69303
8.69303
6.56679
8.69303
8.69303
8.69303
8.69303
8.69303
6.56679
8.69303
8.69303
8.69303
8.69303
8.69303
8.69303
6.56679
8.69303
8.69303
8.69303
8.69303
8.69303
6.56679
8.69303
8.69303
8.69303
8.69303
8.69303
8.69303
8.69303
8.69303
8.69303
8.69303
8.69303
6.56679
8.69303
8.69303
8.69303
8.69303
8.69303
6.56679
8.69303
8.69303
8.69303
8.69303
8.69303
6.56679
8.69303
8.69303
8.69303
8.69303
8.69303
8.69303
6.56679
8.69303
8.69303
8.69303
8.69303
6.56679
8.69303
8.69303
8.69303
8.69303
8.69303
8.69303
6.56679
8.69303
8.69303
8.69303
8.69303
6.56679
8.69303
8.69303
8.69303
8.69303
8.69303
6.56679
8.69303
8.69303
8.69303
8.69303
6.56679
8.69303
8.69303
8.69303
8.69303
8.69303
8.69303
8.69303
6.56679
8.69303
8.69303
8.69303
8.69303
8.69303
8.69303
8.69303
8.69303
8.69303
8.69303
6.56679
8.69303
8.69303
8.69303
8.69303
8.69303
6.56679
8.69303
8.69303
8.69303
8.69303
8.69303
6.56679
8.69303
8.69303
8.69303
8.69303
8.69303
6.56679
6.56679
8.69303
8.69303
8.69303
8.69303
8.69303
8.69303
6.56679
8.69303
8.69303
8.69303
6.56679
6.56679
8.69303
8.69303
8.69303
8.69303
8.69303
8.69303
6.56679
8.69303
8.69303
8.69303
8.69303
8.69303
6.56679
8.69303
8.69303
8.69303
8.69303
8.69303
6.56679
8.69303
8.69303
8.69303
8.69303
8.69303
6.56679
8.69303
8.69303
8.69303
8.69303
8.69303
6.56679
8.69303
8.69303
8.69303
8.69303
8.69303
8.69303
6.56679
8.69303
8.69303
8.69303
8.69303
8.69303
8.69303
6.56679
8.69303
8.69303
8.69303
8.69303
8.69303
6.56679
8.69303
8.69303
8.69303
8.69303
8.69303
6.56679
8.69303
8.69303
8.69303
8.69303
8.69303
6.56679
8.69303
8.69303
8.69303
8.69303
8.69303
8.69303
6.56679
8.69303
8.69303
8.69303
8.69303
8.69303
8.69303
8.69303
8.69303
8.69303
8.69303
8.69303
8.69303
8.69303
8.69303
8.69303
8.69303
8.69303
8.69303
8.69303
8.69303
8.69303
8.69303
8.69303
8.69303
6.56679
8.69303
8.69303
8.69303
8.69303
8.69303
8.69303
8.69303
8.69303
8.69303
8.69303
8.69303
8.69303
8.69303
8.69303
8.69303
8.69303
8.69303
8.69303
8.69303
8.69303
8.69303
8.69303
8.69303
8.69303
8.69303
8.69303
8.69303
8.69303
8.69303
6.56679
6.56679
8.69303
8.69303
8.69303
8.69303
8.69303
6.56679
8.69303
8.69303
8.69303
8.69303
8.69303
8.69303
8.69303
8.69303
8.69303
8.69303
8.69303
8.69303
8.69303
8.69303
8.69303
8.69303
6.56679
8.69303
8.69303
8.69303
8.69303
8.69303
8.69303
8.69303
6.56679
8.69303
8.69303
8.69303
8.69303
8.69303
6.56679
8.69303
8.69303
8.69303
8.69303
8.69303
6.56679
8.69303
8.69303
8.69303
8.69303
8.69303
8.69303
6.56679
8.69303
8.69303
8.69303
8.69303
8.69303
6.56679
8.69303
8.69303
8.69303
8.69303
8.69303
6.56679
8.69303
8.69303
8.69303
8.69303
8.69303
8.69303
6.56679
8.69303
8.69303
8.69303
8.69303
8.69303
8.69303
6.56679
8.69303
8.69303
8.69303
8.69303
8.69303
8.69303
8.69303
8.69303
8.69303
8.69303
6.56679
8.69303
8.69303
8.69303
8.69303
6.56679
8.69303
8.69303
8.69303
8.69303
8.69303
8.69303
6.56679
6.56679
8.69303
8.69303
8.69303
6.56679
6.56679
8.69303
8.69303
8.69303
8.69303
8.69303
6.56679
8.69303
8.69303
8.69303
8.69303
8.69303
6.56679
8.69303
8.69303
8.69303
8.69303
8.69303
8.69303
8.69303
8.69303
8.69303
8.69303
6.56679
6.56679
8.69303
8.69303
8.69303
8.69303
6.56679
6.56679
8.69303
8.69303
8.69303
8.69303
8.69303
6.56679
8.69303
8.69303
8.69303
8.69303
8.69303
8.69303
8.69303
8.69303
8.69303
8.69303
8.69303
6.56679
6.56679
8.69303
8.69303
8.69303
8.69303
6.56679
6.56679
8.69303
8.69303
8.69303
8.69303
8.69303
6.56679
8.69303
8.69303
8.69303
8.69303
8.69303
8.69303
8.69303
8.69303
8.69303
8.69303
8.69303
6.56679
8.69303
8.69303
8.69303
8.69303
8.69303
6.56679
8.69303
8.69303
8.69303
8.69303
8.69303
6.56679
8.69303
8.69303
8.69303
8.69303
8.69303
6.56679
8.69303
8.69303
8.69303
8.69303
8.69303
8.69303
8.69303
8.69303
8.69303
8.69303
8.69303
8.69303
8.69303
8.69303
8.69303
8.69303
8.69303
6.56679
8.69303
8.69303
8.69303
8.69303
8.69303
6.56679
8.69303
8.69303
8.69303
8.69303
8.69303
6.56679
8.69303
8.69303
8.69303
8.69303
8.69303
6.56679
8.69303
8.69303
8.69303
8.69303
6.56679
6.56679
8.69303
8.69303
8.69303
8.69303
8.69303
6.56679
8.69303
8.69303
8.69303
8.69303
8.69303
8.69303
8.69303
8.69303
8.69303
8.69303
8.69303
8.69303
8.69303
8.69303
8.69303
8.69303
8.69303
8.69303
6.56679
8.69303
8.69303
8.69303
8.69303
8.69303
6.56679
8.69303
8.69303
8.69303
8.69303
8.69303
6.56679
8.69303
8.69303
8.69303
8.69303
8.69303
6.56679
8.69303
8.69303
8.69303
8.69303
8.69303
8.69303
6.56679
8.69303
8.69303
8.69303
8.69303
8.69303
6.56679
8.69303
8.69303
8.69303
8.69303
8.69303
6.56679
8.69303
8.69303
8.69303
8.69303
8.69303
6.56679
8.69303
8.69303
8.69303
8.69303
8.69303
6.56679
8.69303
8.69303
8.69303
8.69303
6.56679
6.56679
8.69303
8.69303
8.69303
8.69303
6.56679
8.69303
8.69303
8.69303
8.69303
6.56679
8.69303
8.69303
8.69303
8.69303
8.69303
8.69303
8.69303
8.69303
8.69303
8.69303
8.69303
8.69303
6.56679
8.69303
8.69303
8.69303
8.69303
8.69303
6.56679
6.56679
8.69303
8.69303
8.69303
8.69303
8.69303
8.69303
6.56679
8.69303
8.69303
8.69303
8.69303
6.56679
6.56679
8.69303
8.69303
8.69303
8.69303
8.69303
6.56679
8.69303
8.69303
8.69303
8.69303
8.69303
6.56679
8.69303
8.69303
8.69303
8.69303
8.69303
6.56679
8.69303
8.69303
8.69303
8.69303
8.69303
8.69303
8.69303
8.69303
8.69303
8.69303
8.69303
8.69303
8.69303
8.69303
8.69303
8.69303
8.69303
8.69303
8.69303
8.69303
8.69303
8.69303
6.56679
8.69303
8.69303
8.69303
8.69303
8.69303
6.56679
8.69303
8.69303
8.69303
8.69303
8.69303
8.69303
8.69303
6.56679
8.69303
8.69303
8.69303
8.69303
8.69303
6.56679
8.69303
8.69303
8.69303
8.69303
8.69303
6.56679
8.69303
8.69303
8.69303
8.69303
8.69303
6.56679
8.69303
8.69303
8.69303
8.69303
8.69303
6.56679
6.56679
8.69303
8.69303
8.69303
6.56679
8.69303
8.69303
8.69303
8.69303
8.69303
6.56679
6.56679
8.69303
8.69303
8.69303
8.69303
8.69303
8.69303
6.56679
8.69303
8.69303
8.69303
8.69303
8.69303
6.56679
8.69303
8.69303
8.69303
8.69303
8.69303
6.56679
8.69303
8.69303
8.69303
8.69303
6.56679
8.69303
8.69303
8.69303
8.69303
8.69303
8.69303
6.56679
8.69303
8.69303
8.69303
8.69303
6.56679
8.69303
8.69303
8.69303
8.69303
8.69303
6.56679
8.69303
8.69303
8.69303
8.69303
8.69303
8.69303
8.69303
8.69303
8.69303
8.69303
8.69303
6.56679
6.56679
8.69303
8.69303
8.69303
8.69303
8.69303
6.56679
8.69303
8.69303
8.69303
8.69303
6.56679
6.56679
8.69303
8.69303
8.69303
8.69303
8.69303
6.56679
8.69303
8.69303
8.69303
8.69303
8.69303
6.56679
8.69303
8.69303
8.69303
8.69303
8.69303
8.69303
8.69303
8.69303
8.69303
8.69303
8.69303
8.69303
8.69303
8.69303
8.69303
8.69303
8.69303
6.56679
8.69303
8.69303
8.69303
8.69303
8.69303
6.56679
8.69303
8.69303
8.69303
8.69303
8.69303
8.69303
8.69303
8.69303
8.69303
8.69303
6.56679
8.69303
8.69303
8.69303
8.69303
8.69303
6.56679
6.56679
8.69303
8.69303
8.69303
8.69303
6.56679
6.56679
8.69303
8.69303
8.69303
8.69303
8.69303
6.56679
8.69303
8.69303
8.69303
8.69303
8.69303
6.56679
8.69303
8.69303
8.69303
8.69303
8.69303
6.56679
8.69303
8.69303
8.69303
8.69303
8.69303
6.56679
8.69303
8.69303
8.69303
8.69303
8.69303
8.69303
8.69303
8.69303
8.69303
8.69303
8.69303
8.69303
8.69303
8.69303
8.69303
8.69303
6.56679
8.69303
8.69303
8.69303
8.69303
8.69303
8.69303
6.56679
6.56679
8.69303
8.69303
8.69303
8.69303
6.56679
6.56679
8.69303
8.69303
8.69303
8.69303
8.69303
6.56679
8.69303
8.69303
8.69303
8.69303
8.69303
6.56679
8.69303
8.69303
8.69303
8.69303
8.69303
6.56679
8.69303
8.69303
8.69303
8.69303
8.69303
6.56679
8.69303
8.69303
8.69303
8.69303
8.69303
8.69303
8.69303
8.69303
8.69303
8.69303
8.69303
8.69303
8.69303
8.69303
8.69303
8.69303
6.56679
8.69303
8.69303
8.69303
8.69303
8.69303
8.69303
6.56679
8.69303
8.69303
8.69303
6.56679
6.56679
8.69303
8.69303
8.69303
8.69303
8.69303
6.56679
8.69303
8.69303
8.69303
8.69303
8.69303
6.56679
8.69303
8.69303
8.69303
8.69303
8.69303
8.69303
8.69303
8.69303
8.69303
8.69303
8.69303
8.69303
8.69303
8.69303
8.69303
8.69303
8.69303
6.56679
8.69303
8.69303
8.69303
8.69303
8.69303
8.69303
6.56679
8.69303
8.69303
8.69303
8.69303
8.69303
8.69303
8.69303
8.69303
8.69303
8.69303
8.69303
8.69303
8.69303
8.69303
8.69303
8.69303
8.69303
6.56679
6.56679
8.69303
8.69303
8.69303
8.69303
6.56679
6.56679
8.69303
8.69303
8.69303
8.69303
8.69303
6.56679
8.69303
8.69303
8.69303
8.69303
8.69303
6.56679
8.69303
8.69303
8.69303
8.69303
8.69303
6.56679
8.69303
8.69303
8.69303
8.69303
8.69303
6.56679
8.69303
8.69303
8.69303
8.69303
8.69303
6.56679
8.69303
8.69303
8.69303
8.69303
8.69303
8.69303
8.69303
8.69303
8.69303
8.69303
8.69303
6.56679
8.69303
8.69303
8.69303
8.69303
8.69303
6.56679
6.56679
8.69303
8.69303
8.69303
8.69303
8.69303
6.56679
8.69303
8.69303
8.69303
8.69303
6.56679
6.56679
8.69303
8.69303
8.69303
8.69303
8.69303
6.56679
8.69303
8.69303
8.69303
8.69303
8.69303
6.56679
8.69303
8.69303
8.69303
8.69303
8.69303
6.56679
8.69303
8.69303
8.69303
8.69303
8.69303
8.69303
8.69303
8.69303
8.69303
8.69303
8.69303
6.56679
8.69303
8.69303
8.69303
8.69303
8.69303
6.56679
6.56679
8.69303
8.69303
8.69303
8.69303
6.56679
8.69303
8.69303
8.69303
8.69303
8.69303
8.69303
8.69303
6.56679
8.69303
8.69303
8.69303
8.69303
6.56679
8.69303
8.69303
8.69303
8.69303
8.69303
6.56679
8.69303
8.69303
8.69303
8.69303
8.69303
6.56679
8.69303
8.69303
8.69303
8.69303
8.69303
8.69303
8.69303
8.69303
8.69303
8.69303
6.56679
6.56679
6.56679
8.69303
8.69303
8.69303
8.69303
6.56679
8.69303
8.69303
8.69303
8.69303
8.69303
8.69303
8.69303
8.69303
8.69303
8.69303
8.69303
6.56679
8.69303
8.69303
8.69303
8.69303
8.69303
8.69303
6.56679
8.69303
8.69303
8.69303
8.69303
8.69303
6.56679
8.69303
8.69303
8.69303
8.69303
8.69303
8.69303
8.69303
8.69303
8.69303
8.69303
6.56679
6.56679
8.69303
8.69303
8.69303
8.69303
6.56679
6.56679
8.69303
8.69303
8.69303
8.69303
8.69303
8.69303
8.69303
8.69303
8.69303
8.69303
8.69303
6.56679
8.69303
8.69303
8.69303
8.69303
8.69303
6.56679
8.69303
8.69303
8.69303
8.69303
8.69303
8.69303
8.69303
8.69303
8.69303
8.69303
6.56679
8.69303
8.69303
8.69303
8.69303
8.69303
6.56679
6.56679
8.69303
8.69303
8.69303
8.69303
8.69303
6.56679
8.69303
8.69303
8.69303
8.69303
8.69303
6.56679
8.69303
8.69303
8.69303
8.69303
8.69303
6.56679
6.56679
6.56679
6.56679
8.69303
8.69303
8.69303
8.69303
8.69303
8.69303
8.69303
8.69303
8.69303
8.69303
6.56679
8.69303
8.69303
8.69303
8.69303
8.69303
6.56679
8.69303
8.69303
8.69303
8.69303
8.69303
6.56679
8.69303
8.69303
8.69303
8.69303
6.56679
8.69303
8.69303
8.69303
8.69303
8.69303
8.69303
8.69303
6.56679
8.69303
8.69303
8.69303
8.69303
8.69303
6.56679
8.69303
8.69303
8.69303
8.69303
8.69303
6.56679
6.56679
8.69303
8.69303
8.69303
8.69303
8.69303
6.56679
8.69303
8.69303
8.69303
8.69303
8.69303
6.56679
8.69303
8.69303
8.69303
8.69303
8.69303
8.69303
8.69303
8.69303
8.69303
8.69303
8.69303
6.56679
6.56679
8.69303
8.69303
8.69303
8.69303
8.69303
8.69303
6.56679
8.69303
8.69303
8.69303
8.69303
8.69303
6.56679
6.56679
6.56679
8.69303
8.69303
6.56679
6.56679
8.69303
8.69303
8.69303
8.69303
6.56679
6.56679
8.69303
8.69303
8.69303
8.69303
8.69303
6.56679
8.69303
8.69303
8.69303
8.69303
8.69303
6.56679
8.69303
8.69303
8.69303
8.69303
8.69303
6.56679
8.69303
8.69303
8.69303
8.69303
8.69303
6.56679
8.69303
8.69303
8.69303
8.69303
8.69303
6.56679
8.69303
8.69303
8.69303
8.69303
8.69303
8.69303
8.69303
8.69303
8.69303
8.69303
8.69303
6.56679
8.69303
8.69303
8.69303
8.69303
8.69303
6.56679
6.56679
8.69303
8.69303
8.69303
8.69303
8.69303
8.69303
6.56679
8.69303
8.69303
8.69303
8.69303
6.56679
8.69303
8.69303
8.69303
8.69303
8.69303
6.56679
8.69303
8.69303
8.69303
8.69303
8.69303
8.69303
8.69303
8.69303
8.69303
8.69303
8.69303
8.69303
8.69303
8.69303
8.69303
8.69303
8.69303
6.56679
8.69303
8.69303
8.69303
8.69303
8.69303
8.69303
6.56679
8.69303
8.69303
8.69303
8.69303
8.69303
8.69303
8.69303
8.69303
8.69303
8.69303
6.56679
8.69303
8.69303
8.69303
8.69303
8.69303
6.56679
8.69303
8.69303
8.69303
8.69303
8.69303
8.69303
6.56679
8.69303
8.69303
8.69303
8.69303
8.69303
8.69303
6.56679
8.69303
8.69303
8.69303
8.69303
8.69303
8.69303
8.69303
8.69303
8.69303
8.69303
8.69303
8.69303
8.69303
8.69303
8.69303
8.69303
6.56679
8.69303
8.69303
8.69303
8.69303
8.69303
8.69303
6.56679
6.56679
8.69303
8.69303
8.69303
8.69303
6.56679
6.56679
8.69303
8.69303
8.69303
8.69303
8.69303
6.56679
8.69303
8.69303
8.69303
8.69303
8.69303
8.69303
6.56679
8.69303
8.69303
8.69303
8.69303
8.69303
8.69303
8.69303
8.69303
8.69303
8.69303
8.69303
6.56679
8.69303
8.69303
8.69303
8.69303
6.56679
6.56679
8.69303
8.69303
8.69303
8.69303
8.69303
6.56679
8.69303
8.69303
8.69303
8.69303
8.69303
8.69303
6.56679
8.69303
8.69303
8.69303
8.69303
8.69303
8.69303
8.69303
8.69303
8.69303
8.69303
6.56679
8.69303
8.69303
8.69303
8.69303
8.69303
8.69303
8.69303
6.56679
8.69303
8.69303
8.69303
8.69303
6.56679
6.56679
8.69303
8.69303
8.69303
8.69303
8.69303
6.56679
8.69303
8.69303
8.69303
8.69303
8.69303
8.69303
6.56679
8.69303
8.69303
8.69303
8.69303
8.69303
8.69303
8.69303
8.69303
8.69303
8.69303
8.69303
8.69303
6.56679
8.69303
8.69303
8.69303
8.69303
8.69303
6.56679
8.69303
8.69303
8.69303
8.69303
8.69303
6.56679
8.69303
8.69303
8.69303
8.69303
8.69303
6.56679
8.69303
8.69303
8.69303
8.69303
8.69303
6.56679
8.69303
8.69303
8.69303
8.69303
6.56679
8.69303
8.69303
8.69303
8.69303
8.69303
8.69303
8.69303
8.69303
8.69303
8.69303
8.69303
8.69303
6.56679
8.69303
8.69303
8.69303
8.69303
8.69303
6.56679
8.69303
8.69303
8.69303
8.69303
8.69303
6.56679
8.69303
8.69303
8.69303
8.69303
8.69303
8.69303
8.69303
8.69303
8.69303
8.69303
8.69303
6.56679
8.69303
8.69303
8.69303
8.69303
8.69303
6.56679
8.69303
8.69303
8.69303
8.69303
8.69303
8.69303
8.69303
6.56679
8.69303
8.69303
8.69303
8.69303
8.69303
6.56679
8.69303
8.69303
8.69303
8.69303
8.69303
8.69303
8.69303
8.69303
8.69303
8.69303
8.69303
8.69303
8.69303
8.69303
8.69303
8.69303
6.56679
6.56679
8.69303
8.69303
8.69303
6.56679
8.69303
8.69303
8.69303
8.69303
8.69303
8.69303
8.69303
6.56679
8.69303
8.69303
8.69303
8.69303
8.69303
6.56679
8.69303
8.69303
8.69303
8.69303
8.69303
8.69303
6.56679
8.69303
8.69303
8.69303
8.69303
8.69303
8.69303
8.69303
8.69303
8.69303
8.69303
8.69303
8.69303
8.69303
8.69303
8.69303
8.69303
8.69303
6.56679
8.69303
8.69303
8.69303
8.69303
8.69303
6.56679
8.69303
8.69303
8.69303
8.69303
8.69303
8.69303
6.56679
8.69303
8.69303
8.69303
8.69303
8.69303
8.69303
6.56679
8.69303
8.69303
8.69303
8.69303
8.69303
6.56679
8.69303
8.69303
8.69303
8.69303
8.69303
8.69303
6.56679
8.69303
8.69303
8.69303
8.69303
8.69303
6.56679
8.69303
8.69303
8.69303
8.69303
8.69303
8.69303
8.69303
8.69303
8.69303
8.69303
8.69303
6.56679
8.69303
8.69303
8.69303
8.69303
8.69303
8.69303
8.69303
8.69303
8.69303
8.69303
8.69303
8.69303
6.56679
6.56679
8.69303
8.69303
8.69303
8.69303
8.69303
8.69303
6.56679
8.69303
8.69303
8.69303
8.69303
8.69303
6.56679
8.69303
8.69303
8.69303
8.69303
8.69303
6.56679
8.69303
8.69303
8.69303
8.69303
8.69303
6.56679
8.69303
8.69303
8.69303
8.69303
8.69303
6.56679
8.69303
8.69303
8.69303
8.69303
8.69303
6.56679
8.69303
8.69303
8.69303
8.69303
8.69303
6.56679
8.69303
8.69303
8.69303
8.69303
8.69303
6.56679
8.69303
8.69303
8.69303
8.69303
8.69303
6.56679
8.69303
8.69303
8.69303
8.69303
8.69303
6.56679
6.56679
8.69303
8.69303
8.69303
8.69303
6.56679
6.56679
8.69303
8.69303
8.69303
8.69303
8.69303
8.69303
6.56679
8.69303
8.69303
8.69303
8.69303
8.69303
8.69303
8.69303
8.69303
8.69303
8.69303
6.56679
6.56679
8.69303
8.69303
8.69303
8.69303
8.69303
6.56679
8.69303
8.69303
8.69303
8.69303
8.69303
8.69303
8.69303
8.69303
8.69303
8.69303
8.69303
6.56679
8.69303
8.69303
8.69303
8.69303
8.69303
8.69303
8.69303
6.56679
8.69303
8.69303
8.69303
8.69303
8.69303
8.69303
8.69303
8.69303
8.69303
8.69303
8.69303
8.69303
8.69303
6.56679
8.69303
8.69303
8.69303
8.69303
8.69303
6.56679
8.69303
8.69303
8.69303
8.69303
8.69303
8.69303
8.69303
8.69303
8.69303
8.69303
8.69303
8.69303
6.56679
8.69303
8.69303
8.69303
6.56679
6.56679
8.69303
8.69303
8.69303
8.69303
8.69303
6.56679
8.69303
8.69303
8.69303
8.69303
8.69303
6.56679
8.69303
8.69303
8.69303
8.69303
8.69303
8.69303
8.69303
8.69303
8.69303
8.69303
8.69303
6.56679
6.56679
8.69303
8.69303
8.69303
8.69303
8.69303
6.56679
8.69303
8.69303
8.69303
8.69303
8.69303
6.56679
8.69303
8.69303
8.69303
8.69303
8.69303
8.69303
8.69303
8.69303
8.69303
8.69303
6.56679
6.56679
8.69303
8.69303
8.69303
8.69303
8.69303
8.69303
6.56679
8.69303
8.69303
8.69303
8.69303
8.69303
6.56679
8.69303
8.69303
8.69303
8.69303
8.69303
8.69303
8.69303
8.69303
8.69303
8.69303
8.69303
8.69303
8.69303
8.69303
8.69303
6.56679
8.69303
8.69303
8.69303
8.69303
8.69303
8.69303
8.69303
6.56679
8.69303
8.69303
8.69303
8.69303
8.69303
8.69303
8.69303
8.69303
8.69303
8.69303
8.69303
8.69303
8.69303
8.69303
8.69303
8.69303
6.56679
8.69303
8.69303
8.69303
8.69303
8.69303
6.56679
6.56679
8.69303
8.69303
8.69303
8.69303
8.69303
8.69303
8.69303
8.69303
8.69303
8.69303
8.69303
6.56679
6.56679
8.69303
8.69303
8.69303
8.69303
8.69303
6.56679
8.69303
8.69303
8.69303
8.69303
8.69303
6.56679
8.69303
8.69303
8.69303
8.69303
8.69303
6.56679
8.69303
8.69303
8.69303
8.69303
8.69303
6.56679
6.56679
8.69303
8.69303
8.69303
8.69303
8.69303
6.56679
8.69303
8.69303
8.69303
8.69303
8.69303
6.56679
8.69303
8.69303
8.69303
8.69303
8.69303
8.69303
8.69303
8.69303
8.69303
8.69303
8.69303
8.69303
8.69303
8.69303
8.69303
8.69303
6.56679
6.56679
8.69303
8.69303
8.69303
8.69303
8.69303
8.69303
6.56679
8.69303
8.69303
8.69303
8.69303
8.69303
8.69303
8.69303
8.69303
8.69303
8.69303
6.56679
8.69303
8.69303
8.69303
8.69303
8.69303
8.69303
6.56679
8.69303
8.69303
8.69303
8.69303
8.69303
6.56679
8.69303
8.69303
8.69303
8.69303
8.69303
8.69303
8.69303
8.69303
8.69303
8.69303
6.56679
8.69303
8.69303
8.69303
8.69303
8.69303
6.56679
6.56679
8.69303
8.69303
8.69303
8.69303
8.69303
6.56679
8.69303
8.69303
8.69303
8.69303
8.69303
6.56679
8.69303
8.69303
8.69303
8.69303
8.69303
8.69303
8.69303
8.69303
8.69303
8.69303
6.56679
8.69303
8.69303
8.69303
8.69303
8.69303
8.69303
6.56679
8.69303
8.69303
8.69303
8.69303
8.69303
6.56679
8.69303
8.69303
8.69303
8.69303
8.69303
6.56679
8.69303
8.69303
8.69303
8.69303
8.69303
6.56679
6.56679
8.69303
8.69303
8.69303
8.69303
8.69303
6.56679
8.69303
8.69303
8.69303
8.69303
6.56679
6.56679
8.69303
8.69303
8.69303
8.69303
8.69303
6.56679
8.69303
8.69303
8.69303
8.69303
8.69303
6.56679
8.69303
8.69303
8.69303
8.69303
8.69303
8.69303
6.56679
8.69303
8.69303
8.69303
8.69303
8.69303
6.56679
8.69303
8.69303
8.69303
8.69303
8.69303
8.69303
8.69303
8.69303
8.69303
8.69303
8.69303
8.69303
8.69303
8.69303
8.69303
8.69303
8.69303
8.69303
8.69303
8.69303
8.69303
8.69303
6.56679
8.69303
8.69303
8.69303
8.69303
8.69303
8.69303
8.69303
6.56679
8.69303
8.69303
8.69303
8.69303
8.69303
6.56679
8.69303
8.69303
8.69303
8.69303
8.69303
6.56679
8.69303
8.69303
8.69303
8.69303
8.69303
6.56679
8.69303
8.69303
8.69303
8.69303
8.69303
6.56679
8.69303
8.69303
8.69303
8.69303
8.69303
6.56679
8.69303
8.69303
8.69303
8.69303
8.69303
6.56679
6.56679
6.56679
8.69303
8.69303
8.69303
8.69303
8.69303
8.69303
8.69303
8.69303
8.69303
6.56679
8.69303
8.69303
8.69303
8.69303
6.56679
8.69303
8.69303
8.69303
8.69303
8.69303
8.69303
8.69303
6.56679
8.69303
8.69303
8.69303
6.56679
6.56679
8.69303
8.69303
8.69303
8.69303
8.69303
8.69303
6.56679
8.69303
8.69303
8.69303
8.69303
8.69303
6.56679
8.69303
8.69303
8.69303
8.69303
8.69303
6.56679
8.69303
8.69303
8.69303
8.69303
8.69303
6.56679
8.69303
8.69303
8.69303
8.69303
8.69303
6.56679
8.69303
8.69303
8.69303
8.69303
8.69303
8.69303
8.69303
8.69303
8.69303
8.69303
8.69303
6.56679
8.69303
8.69303
8.69303
8.69303
8.69303
8.69303
8.69303
8.69303
8.69303
8.69303
8.69303
8.69303
8.69303
8.69303
8.69303
8.69303
8.69303
8.69303
6.56679
8.69303
8.69303
8.69303
8.69303
8.69303
6.56679
8.69303
8.69303
8.69303
8.69303
8.69303
6.56679
8.69303
8.69303
8.69303
8.69303
8.69303
8.69303
6.56679
8.69303
8.69303
8.69303
8.69303
6.56679
8.69303
8.69303
8.69303
8.69303
8.69303
6.56679
8.69303
8.69303
8.69303
8.69303
8.69303
8.69303
6.56679
8.69303
8.69303
8.69303
8.69303
8.69303
6.56679
8.69303
8.69303
8.69303
8.69303
8.69303
8.69303
8.69303
8.69303
8.69303
8.69303
8.69303
6.56679
8.69303
8.69303
8.69303
8.69303
8.69303
8.69303
8.69303
8.69303
8.69303
8.69303
6.56679
6.56679
8.69303
8.69303
8.69303
8.69303
8.69303
6.56679
8.69303
8.69303
8.69303
8.69303
8.69303
6.56679
8.69303
8.69303
8.69303
8.69303
8.69303
8.69303
8.69303
8.69303
8.69303
8.69303
6.56679
8.69303
8.69303
8.69303
8.69303
8.69303
8.69303
8.69303
6.56679
8.69303
8.69303
8.69303
8.69303
8.69303
8.69303
8.69303
8.69303
8.69303
8.69303
6.56679
6.56679
8.69303
8.69303
8.69303
8.69303
8.69303
8.69303
8.69303
8.69303
8.69303
8.69303
6.56679
6.56679
8.69303
8.69303
8.69303
8.69303
8.69303
6.56679
8.69303
8.69303
8.69303
8.69303
8.69303
6.56679
8.69303
8.69303
8.69303
8.69303
8.69303
8.69303
8.69303
8.69303
8.69303
8.69303
6.56679
6.56679
8.69303
8.69303
8.69303
8.69303
8.69303
6.56679
8.69303
8.69303
8.69303
8.69303
8.69303
8.69303
8.69303
8.69303
8.69303
8.69303
8.69303
8.69303
8.69303
8.69303
8.69303
8.69303
8.69303
6.56679
8.69303
8.69303
8.69303
8.69303
8.69303
8.69303
8.69303
8.69303
8.69303
8.69303
6.56679
8.69303
8.69303
8.69303
8.69303
8.69303
6.56679
8.69303
8.69303
8.69303
8.69303
8.69303
6.56679
8.69303
8.69303
8.69303
8.69303
8.69303
8.69303
8.69303
8.69303
8.69303
8.69303
6.56679
6.56679
8.69303
8.69303
8.69303
8.69303
8.69303
6.56679
8.69303
8.69303
8.69303
8.69303
8.69303
6.56679
8.69303
8.69303
8.69303
8.69303
8.69303
6.56679
8.69303
8.69303
8.69303
8.69303
8.69303
6.56679
6.56679
8.69303
8.69303
8.69303
8.69303
8.69303
6.56679
8.69303
8.69303
8.69303
8.69303
8.69303
8.69303
8.69303
8.69303
8.69303
8.69303
8.69303
8.69303
8.69303
8.69303
8.69303
8.69303
8.69303
8.69303
6.56679
8.69303
8.69303
8.69303
8.69303
6.56679
8.69303
8.69303
8.69303
8.69303
8.69303
8.69303
8.69303
8.69303
8.69303
8.69303
8.69303
6.56679
6.56679
8.69303
8.69303
8.69303
8.69303
8.69303
6.56679
8.69303
8.69303
8.69303
8.69303
8.69303
6.56679
8.69303
8.69303
8.69303
8.69303
8.69303
8.69303
8.69303
8.69303
8.69303
8.69303
6.56679
6.56679
8.69303
8.69303
8.69303
8.69303
6.56679
6.56679
8.69303
8.69303
8.69303
8.69303
8.69303
8.69303
6.56679
8.69303
8.69303
8.69303
8.69303
6.56679
8.69303
8.69303
8.69303
8.69303
8.69303
8.69303
8.69303
6.56679
8.69303
8.69303
8.69303
8.69303
8.69303
6.56679
8.69303
8.69303
8.69303
8.69303
6.56679
8.69303
8.69303
8.69303
8.69303
8.69303
6.56679
6.56679
8.69303
8.69303
12.9455
12.9455
12.9455
6.56679
8.69303
8.69303
8.69303
8.69303
8.69303
6.56679
8.69303
8.69303
8.69303
8.69303
8.69303
8.69303
8.69303
8.69303
8.69303
8.69303
8.69303
6.56679
6.56679
8.69303
8.69303
8.69303
8.69303
6.56679
8.69303
8.69303
8.69303
8.69303
8.69303
8.69303
8.69303
8.69303
8.69303
8.69303
8.69303
6.56679
6.56679
8.69303
8.69303
8.69303
8.69303
8.69303
6.56679
8.69303
8.69303
8.69303
8.69303
8.69303
8.69303
8.69303
8.69303
8.69303
8.69303
8.69303
6.56679
6.56679
8.69303
8.69303
8.69303
8.69303
8.69303
6.56679
8.69303
8.69303
8.69303
8.69303
8.69303
6.56679
8.69303
8.69303
8.69303
8.69303
8.69303
8.69303
8.69303
8.69303
8.69303
8.69303
8.69303
6.56679
6.56679
8.69303
8.69303
8.69303
8.69303
8.69303
6.56679
8.69303
8.69303
8.69303
8.69303
6.56679
8.69303
8.69303
8.69303
8.69303
8.69303
6.56679
8.69303
8.69303
8.69303
8.69303
8.69303
8.69303
6.56679
8.69303
8.69303
8.69303
8.69303
8.69303
6.56679
8.69303
8.69303
8.69303
8.69303
8.69303
6.56679
8.69303
8.69303
8.69303
8.69303
6.56679
8.69303
8.69303
8.69303
8.69303
8.69303
6.56679
6.56679
8.69303
8.69303
8.69303
8.69303
8.69303
8.69303
6.56679
8.69303
8.69303
8.69303
8.69303
8.69303
6.56679
8.69303
8.69303
8.69303
8.69303
6.56679
8.69303
8.69303
8.69303
8.69303
8.69303
6.56679
6.56679
8.69303
8.69303
8.69303
8.69303
8.69303
6.56679
8.69303
8.69303
8.69303
8.69303
8.69303
8.69303
6.56679
8.69303
8.69303
8.69303
8.69303
8.69303
8.69303
8.69303
8.69303
8.69303
8.69303
6.56679
6.56679
8.69303
8.69303
8.69303
8.69303
8.69303
8.69303
6.56679
8.69303
8.69303
8.69303
8.69303
8.69303
8.69303
6.56679
8.69303
8.69303
8.69303
8.69303
8.69303
8.69303
8.69303
8.69303
8.69303
8.69303
8.69303
8.69303
8.69303
8.69303
8.69303
8.69303
8.69303
8.69303
8.69303
8.69303
8.69303
8.69303
6.56679
8.69303
8.69303
8.69303
8.69303
8.69303
8.69303
8.69303
8.69303
8.69303
8.69303
8.69303
6.56679
8.69303
8.69303
8.69303
8.69303
8.69303
6.56679
6.56679
8.69303
8.69303
8.69303
8.69303
6.56679
8.69303
8.69303
8.69303
8.69303
8.69303
8.69303
6.56679
8.69303
8.69303
8.69303
8.69303
8.69303
6.56679
8.69303
8.69303
8.69303
8.69303
8.69303
6.56679
8.69303
8.69303
8.69303
8.69303
8.69303
6.56679
8.69303
8.69303
8.69303
8.69303
8.69303
8.69303
8.69303
8.69303
8.69303
8.69303
8.69303
8.69303
8.69303
8.69303
8.69303
8.69303
8.69303
8.69303
8.69303
8.69303
8.69303
8.69303
8.69303
8.69303
8.69303
8.69303
8.69303
8.69303
8.69303
8.69303
8.69303
8.69303
8.69303
8.69303
6.56679
6.56679
8.69303
8.69303
8.69303
8.69303
8.69303
6.56679
8.69303
8.69303
8.69303
6.56679
6.56679
8.69303
8.69303
8.69303
8.69303
8.69303
8.69303
6.56679
8.69303
8.69303
8.69303
8.69303
8.69303
6.56679
8.69303
8.69303
8.69303
8.69303
8.69303
6.56679
8.69303
8.69303
8.69303
8.69303
8.69303
8.69303
8.69303
8.69303
8.69303
8.69303
8.69303
8.69303
8.69303
8.69303
8.69303
8.69303
8.69303
6.56679
8.69303
8.69303
8.69303
8.69303
8.69303
8.69303
8.69303
6.56679
8.69303
8.69303
8.69303
8.69303
8.69303
6.56679
8.69303
8.69303
8.69303
8.69303
8.69303
8.69303
8.69303
8.69303
8.69303
8.69303
6.56679
8.69303
8.69303
8.69303
8.69303
8.69303
8.69303
8.69303
8.69303
8.69303
8.69303
8.69303
6.56679
8.69303
8.69303
8.69303
8.69303
8.69303
6.56679
6.56679
8.69303
8.69303
8.69303
8.69303
6.56679
6.56679
8.69303
8.69303
8.69303
8.69303
6.56679
6.56679
8.69303
8.69303
8.69303
8.69303
6.56679
6.56679
8.69303
8.69303
8.69303
8.69303
8.69303
8.69303
6.56679
8.69303
8.69303
8.69303
8.69303
8.69303
6.56679
8.69303
8.69303
8.69303
8.69303
8.69303
6.56679
8.69303
8.69303
8.69303
8.69303
8.69303
6.56679
8.69303
8.69303
8.69303
8.69303
8.69303
8.69303
8.69303
8.69303
8.69303
8.69303
8.69303
8.69303
8.69303
8.69303
8.69303
8.69303
6.56679
8.69303
8.69303
8.69303
8.69303
8.69303
8.69303
8.69303
8.69303
8.69303
8.69303
8.69303
8.69303
6.56679
8.69303
8.69303
8.69303
8.69303
8.69303
6.56679
8.69303
8.69303
8.69303
8.69303
8.69303
6.56679
6.56679
8.69303
8.69303
8.69303
8.69303
8.69303
6.56679
6.56679
8.69303
8.69303
8.69303
8.69303
8.69303
6.56679
8.69303
8.69303
8.69303
8.69303
8.69303
6.56679
8.69303
8.69303
8.69303
8.69303
8.69303
8.69303
8.69303
8.69303
8.69303
8.69303
8.69303
8.69303
8.69303
8.69303
8.69303
8.69303
8.69303
6.56679
8.69303
8.69303
8.69303
8.69303
8.69303
6.56679
8.69303
8.69303
8.69303
8.69303
8.69303
6.56679
6.56679
8.69303
8.69303
8.69303
8.69303
8.69303
8.69303
6.56679
8.69303
8.69303
8.69303
8.69303
8.69303
8.69303
6.56679
8.69303
8.69303
8.69303
8.69303
6.56679
8.69303
8.69303
8.69303
8.69303
8.69303
6.56679
6.56679
8.69303
8.69303
8.69303
8.69303
8.69303
6.56679
8.69303
8.69303
8.69303
8.69303
8.69303
8.69303
8.69303
8.69303
8.69303
8.69303
6.56679
8.69303
8.69303
8.69303
8.69303
8.69303
8.69303
8.69303
6.56679
8.69303
8.69303
8.69303
8.69303
8.69303
6.56679
8.69303
8.69303
8.69303
8.69303
8.69303
8.69303
8.69303
8.69303
8.69303
8.69303
8.69303
8.69303
6.56679
8.69303
8.69303
8.69303
8.69303
8.69303
8.69303
8.69303
8.69303
8.69303
8.69303
8.69303
8.69303
8.69303
8.69303
8.69303
8.69303
8.69303
8.69303
6.56679
8.69303
8.69303
8.69303
8.69303
8.69303
6.56679
8.69303
8.69303
8.69303
8.69303
8.69303
8.69303
8.69303
8.69303
8.69303
8.69303
6.56679
8.69303
8.69303
8.69303
8.69303
8.69303
6.56679
6.56679
8.69303
8.69303
8.69303
8.69303
8.69303
8.69303
6.56679
8.69303
8.69303
8.69303
8.69303
8.69303
8.69303
8.69303
8.69303
8.69303
8.69303
8.69303
6.56679
6.56679
8.69303
8.69303
8.69303
8.69303
8.69303
6.56679
8.69303
8.69303
8.69303
8.69303
8.69303
6.56679
8.69303
8.69303
8.69303
8.69303
8.69303
6.56679
8.69303
8.69303
8.69303
8.69303
8.69303
6.56679
8.69303
8.69303
8.69303
8.69303
6.56679
6.56679
8.69303
8.69303
8.69303
8.69303
8.69303
6.56679
8.69303
8.69303
8.69303
8.69303
8.69303
6.56679
8.69303
8.69303
8.69303
8.69303
8.69303
6.56679
8.69303
8.69303
8.69303
8.69303
8.69303
6.56679
6.56679
8.69303
8.69303
8.69303
8.69303
6.56679
6.56679
8.69303
8.69303
8.69303
8.69303
8.69303
6.56679
8.69303
8.69303
8.69303
8.69303
8.69303
8.69303
6.56679
8.69303
8.69303
8.69303
8.69303
8.69303
6.56679
8.69303
8.69303
8.69303
8.69303
8.69303
6.56679
8.69303
8.69303
8.69303
8.69303
8.69303
6.56679
8.69303
8.69303
8.69303
8.69303
8.69303
6.56679
8.69303
8.69303
8.69303
8.69303
8.69303
8.69303
8.69303
8.69303
8.69303
8.69303
8.69303
6.56679
8.69303
8.69303
8.69303
8.69303
8.69303
8.69303
8.69303
8.69303
8.69303
8.69303
8.69303
6.56679
8.69303
8.69303
8.69303
8.69303
8.69303
6.56679
8.69303
8.69303
8.69303
8.69303
8.69303
6.56679
8.69303
8.69303
8.69303
8.69303
8.69303
6.56679
8.69303
8.69303
8.69303
8.69303
8.69303
8.69303
6.56679
8.69303
8.69303
8.69303
8.69303
6.56679
6.56679
8.69303
8.69303
8.69303
8.69303
8.69303
8.69303
6.56679
8.69303
8.69303
8.69303
8.69303
8.69303
6.56679
8.69303
8.69303
8.69303
8.69303
6.56679
8.69303
8.69303
8.69303
8.69303
8.69303
6.56679
8.69303
8.69303
8.69303
8.69303
8.69303
8.69303
6.56679
8.69303
8.69303
8.69303
8.69303
6.56679
6.56679
8.69303
8.69303
8.69303
8.69303
8.69303
6.56679
8.69303
8.69303
8.69303
8.69303
8.69303
6.56679
8.69303
8.69303
8.69303
8.69303
8.69303
6.56679
8.69303
8.69303
8.69303
8.69303
6.56679
8.69303
8.69303
8.69303
8.69303
8.69303
6.56679
8.69303
8.69303
8.69303
8.69303
8.69303
6.56679
8.69303
8.69303
8.69303
8.69303
8.69303
8.69303
6.56679
6.56679
8.69303
8.69303
8.69303
8.69303
8.69303
6.56679
8.69303
8.69303
8.69303
8.69303
8.69303
8.69303
6.56679
8.69303
8.69303
8.69303
8.69303
6.56679
6.56679
8.69303
8.69303
8.69303
8.69303
6.56679
8.69303
8.69303
8.69303
8.69303
8.69303
6.56679
8.69303
8.69303
8.69303
8.69303
8.69303
8.69303
8.69303
6.56679
8.69303
8.69303
8.69303
8.69303
8.69303
6.56679
8.69303
8.69303
8.69303
8.69303
8.69303
6.56679
8.69303
8.69303
8.69303
8.69303
8.69303
6.56679
8.69303
8.69303
8.69303
8.69303
6.56679
6.56679
8.69303
8.69303
8.69303
8.69303
8.69303
6.56679
8.69303
8.69303
8.69303
8.69303
8.69303
6.56679
8.69303
8.69303
8.69303
8.69303
8.69303
6.56679
8.69303
8.69303
8.69303
8.69303
8.69303
8.69303
8.69303
8.69303
8.69303
8.69303
8.69303
8.69303
6.56679
8.69303
8.69303
8.69303
8.69303
8.69303
8.69303
8.69303
8.69303
8.69303
8.69303
8.69303
8.69303
6.56679
8.69303
8.69303
8.69303
8.69303
8.69303
6.56679
8.69303
8.69303
8.69303
8.69303
8.69303
6.56679
8.69303
8.69303
8.69303
8.69303
8.69303
6.56679
8.69303
8.69303
8.69303
8.69303
8.69303
6.56679
8.69303
8.69303
8.69303
8.69303
8.69303
6.56679
8.69303
8.69303
8.69303
8.69303
8.69303
6.56679
8.69303
8.69303
8.69303
8.69303
8.69303
6.56679
8.69303
8.69303
8.69303
8.69303
6.56679
6.56679
8.69303
8.69303
8.69303
8.69303
8.69303
8.69303
8.69303
8.69303
8.69303
8.69303
8.69303
6.56679
8.69303
8.69303
8.69303
8.69303
6.56679
6.56679
8.69303
8.69303
8.69303
8.69303
6.56679
6.56679
8.69303
8.69303
8.69303
8.69303
8.69303
8.69303
8.69303
8.69303
8.69303
8.69303
8.69303
8.69303
6.56679
8.69303
8.69303
8.69303
8.69303
8.69303
6.56679
8.69303
8.69303
8.69303
8.69303
8.69303
6.56679
8.69303
8.69303
8.69303
8.69303
8.69303
6.56679
8.69303
8.69303
8.69303
8.69303
8.69303
6.56679
8.69303
8.69303
8.69303
8.69303
8.69303
6.56679
8.69303
8.69303
8.69303
8.69303
8.69303
8.69303
8.69303
8.69303
8.69303
8.69303
8.69303
6.56679
8.69303
8.69303
8.69303
8.69303
8.69303
8.69303
8.69303
8.69303
8.69303
8.69303
6.56679
8.69303
8.69303
8.69303
8.69303
8.69303
6.56679
8.69303
8.69303
8.69303
8.69303
8.69303
6.56679
6.56679
8.69303
8.69303
8.69303
8.69303
8.69303
6.56679
8.69303
8.69303
8.69303
8.69303
8.69303
8.69303
6.56679
8.69303
8.69303
8.69303
8.69303
8.69303
6.56679
8.69303
8.69303
8.69303
8.69303
6.56679
8.69303
8.69303
8.69303
8.69303
8.69303
6.56679
8.69303
8.69303
8.69303
8.69303
8.69303
6.56679
8.69303
8.69303
8.69303
8.69303
8.69303
6.56679
8.69303
8.69303
8.69303
8.69303
8.69303
6.56679
8.69303
8.69303
8.69303
8.69303
8.69303
6.56679
8.69303
8.69303
8.69303
8.69303
8.69303
8.69303
6.56679
6.56679
8.69303
8.69303
8.69303
8.69303
8.69303
6.56679
8.69303
8.69303
8.69303
8.69303
6.56679
6.56679
8.69303
8.69303
8.69303
8.69303
8.69303
6.56679
8.69303
8.69303
8.69303
8.69303
8.69303
6.56679
8.69303
8.69303
8.69303
8.69303
8.69303
6.56679
8.69303
8.69303
8.69303
8.69303
8.69303
6.56679
8.69303
8.69303
8.69303
8.69303
8.69303
6.56679
8.69303
8.69303
8.69303
8.69303
8.69303
8.69303
8.69303
8.69303
8.69303
8.69303
8.69303
8.69303
8.69303
8.69303
8.69303
8.69303
8.69303
8.69303
6.56679
8.69303
8.69303
8.69303
8.69303
8.69303
6.56679
8.69303
8.69303
8.69303
8.69303
8.69303
6.56679
8.69303
8.69303
8.69303
8.69303
8.69303
6.56679
8.69303
8.69303
8.69303
8.69303
8.69303
6.56679
8.69303
8.69303
8.69303
8.69303
8.69303
8.69303
6.56679
8.69303
8.69303
8.69303
8.69303
8.69303
6.56679
8.69303
8.69303
8.69303
6.56679
8.69303
8.69303
8.69303
8.69303
8.69303
6.56679
8.69303
8.69303
8.69303
8.69303
8.69303
8.69303
6.56679
6.56679
8.69303
8.69303
8.69303
8.69303
6.56679
8.69303
8.69303
8.69303
8.69303
8.69303
6.56679
8.69303
8.69303
8.69303
8.69303
8.69303
8.69303
8.69303
8.69303
8.69303
8.69303
8.69303
8.69303
6.56679
8.69303
8.69303
8.69303
8.69303
8.69303
6.56679
8.69303
8.69303
8.69303
8.69303
8.69303
8.69303
8.69303
8.69303
8.69303
8.69303
8.69303
6.56679
8.69303
8.69303
8.69303
8.69303
8.69303
6.56679
8.69303
8.69303
8.69303
8.69303
8.69303
8.69303
6.56679
8.69303
8.69303
8.69303
8.69303
8.69303
6.56679
8.69303
8.69303
8.69303
8.69303
6.56679
6.56679
8.69303
8.69303
8.69303
8.69303
8.69303
8.69303
8.69303
8.69303
8.69303
8.69303
8.69303
6.56679
8.69303
8.69303
8.69303
8.69303
8.69303
8.69303
8.69303
8.69303
8.69303
8.69303
8.69303
6.56679
8.69303
8.69303
8.69303
8.69303
8.69303
6.56679
8.69303
8.69303
8.69303
8.69303
8.69303
6.56679
8.69303
8.69303
8.69303
8.69303
8.69303
6.56679
8.69303
8.69303
8.69303
8.69303
8.69303
6.56679
8.69303
8.69303
8.69303
8.69303
8.69303
6.56679
8.69303
8.69303
8.69303
8.69303
8.69303
8.69303
8.69303
8.69303
8.69303
8.69303
8.69303
8.69303
8.69303
8.69303
8.69303
8.69303
8.69303
6.56679
8.69303
8.69303
8.69303
8.69303
8.69303
8.69303
6.56679
8.69303
8.69303
8.69303
8.69303
8.69303
6.56679
8.69303
8.69303
8.69303
8.69303
6.56679
8.69303
8.69303
8.69303
8.69303
8.69303
8.69303
8.69303
8.69303
8.69303
8.69303
8.69303
8.69303
6.56679
8.69303
8.69303
8.69303
8.69303
8.69303
6.56679
8.69303
8.69303
8.69303
8.69303
8.69303
6.56679
8.69303
8.69303
8.69303
8.69303
8.69303
6.56679
6.56679
8.69303
8.69303
8.69303
8.69303
8.69303
6.56679
8.69303
8.69303
8.69303
8.69303
6.56679
6.56679
8.69303
8.69303
8.69303
8.69303
8.69303
6.56679
8.69303
8.69303
8.69303
8.69303
8.69303
6.56679
8.69303
8.69303
8.69303
8.69303
8.69303
8.69303
8.69303
8.69303
8.69303
8.69303
8.69303
8.69303
8.69303
8.69303
8.69303
8.69303
8.69303
6.56679
8.69303
8.69303
8.69303
8.69303
8.69303
8.69303
8.69303
6.56679
8.69303
8.69303
8.69303
8.69303
6.56679
6.56679
8.69303
8.69303
8.69303
8.69303
6.56679
6.56679
8.69303
8.69303
8.69303
8.69303
8.69303
6.56679
8.69303
8.69303
8.69303
8.69303
8.69303
6.56679
8.69303
8.69303
8.69303
8.69303
8.69303
6.56679
8.69303
8.69303
8.69303
8.69303
8.69303
6.56679
8.69303
8.69303
8.69303
8.69303
6.56679
8.69303
8.69303
8.69303
8.69303
8.69303
6.56679
8.69303
8.69303
8.69303
8.69303
8.69303
6.56679
8.69303
8.69303
8.69303
8.69303
8.69303
6.56679
8.69303
8.69303
8.69303
8.69303
8.69303
6.56679
8.69303
8.69303
8.69303
8.69303
8.69303
6.56679
8.69303
8.69303
8.69303
8.69303
8.69303
8.69303
6.56679
8.69303
8.69303
8.69303
8.69303
8.69303
6.56679
8.69303
8.69303
8.69303
8.69303
8.69303
6.56679
8.69303
8.69303
8.69303
8.69303
8.69303
6.56679
8.69303
8.69303
8.69303
8.69303
8.69303
6.56679
8.69303
8.69303
8.69303
8.69303
8.69303
8.69303
6.56679
8.69303
8.69303
8.69303
8.69303
8.69303
6.56679
8.69303
8.69303
8.69303
8.69303
8.69303
6.56679
8.69303
8.69303
8.69303
8.69303
6.56679
6.56679
8.69303
8.69303
8.69303
8.69303
6.56679
8.69303
8.69303
8.69303
8.69303
8.69303
6.56679
8.69303
8.69303
8.69303
8.69303
8.69303
8.69303
8.69303
6.56679
8.69303
8.69303
8.69303
8.69303
6.56679
8.69303
8.69303
8.69303
8.69303
8.69303
6.56679
8.69303
8.69303
8.69303
8.69303
8.69303
6.56679
8.69303
8.69303
8.69303
8.69303
8.69303
8.69303
8.69303
8.69303
8.69303
8.69303
8.69303
8.69303
6.56679
8.69303
8.69303
8.69303
8.69303
8.69303
6.56679
8.69303
8.69303
8.69303
8.69303
8.69303
6.56679
8.69303
8.69303
8.69303
8.69303
8.69303
6.56679
8.69303
8.69303
8.69303
8.69303
8.69303
6.56679
6.56679
8.69303
8.69303
8.69303
8.69303
8.69303
8.69303
8.69303
8.69303
8.69303
8.69303
8.69303
6.56679
8.69303
8.69303
8.69303
8.69303
8.69303
6.56679
8.69303
8.69303
8.69303
8.69303
8.69303
8.69303
8.69303
8.69303
8.69303
8.69303
6.56679
6.56679
8.69303
8.69303
8.69303
8.69303
6.56679
6.56679
8.69303
8.69303
8.69303
8.69303
6.56679
8.69303
8.69303
8.69303
8.69303
8.69303
8.69303
6.56679
8.69303
8.69303
8.69303
8.69303
8.69303
6.56679
8.69303
8.69303
8.69303
8.69303
8.69303
6.56679
8.69303
8.69303
8.69303
8.69303
8.69303
8.69303
8.69303
8.69303
8.69303
8.69303
8.69303
8.69303
6.56679
8.69303
8.69303
8.69303
8.69303
8.69303
6.56679
8.69303
8.69303
8.69303
8.69303
8.69303
6.56679
8.69303
8.69303
8.69303
8.69303
8.69303
8.69303
6.56679
8.69303
8.69303
8.69303
6.56679
6.56679
8.69303
8.69303
8.69303
8.69303
8.69303
8.69303
6.56679
8.69303
8.69303
8.69303
8.69303
8.69303
6.56679
8.69303
8.69303
8.69303
8.69303
8.69303
6.56679
8.69303
8.69303
8.69303
8.69303
8.69303
6.56679
8.69303
8.69303
8.69303
8.69303
8.69303
8.69303
6.56679
8.69303
8.69303
8.69303
8.69303
8.69303
6.56679
8.69303
8.69303
8.69303
8.69303
6.56679
6.56679
8.69303
8.69303
8.69303
8.69303
8.69303
6.56679
6.56679
8.69303
8.69303
8.69303
8.69303
6.56679
6.56679
8.69303
8.69303
8.69303
8.69303
6.56679
8.69303
8.69303
8.69303
8.69303
8.69303
8.69303
8.69303
8.69303
8.69303
8.69303
8.69303
8.69303
8.69303
8.69303
8.69303
8.69303
8.69303
8.69303
8.69303
8.69303
8.69303
8.69303
8.69303
6.56679
6.56679
8.69303
8.69303
8.69303
8.69303
6.56679
6.56679
8.69303
8.69303
8.69303
8.69303
6.56679
6.56679
8.69303
8.69303
8.69303
8.69303
6.56679
6.56679
8.69303
8.69303
8.69303
8.69303
8.69303
6.56679
6.56679
8.69303
8.69303
8.69303
8.69303
6.56679
8.69303
8.69303
8.69303
8.69303
8.69303
6.56679
6.56679
8.69303
8.69303
8.69303
8.69303
8.69303
8.69303
8.69303
8.69303
8.69303
8.69303
8.69303
8.69303
8.69303
8.69303
8.69303
8.69303
8.69303
8.69303
8.69303
8.69303
8.69303
8.69303
8.69303
8.69303
6.56679
8.69303
8.69303
8.69303
8.69303
6.56679
8.69303
8.69303
8.69303
8.69303
8.69303
8.69303
6.56679
6.56679
8.69303
8.69303
8.69303
8.69303
6.56679
6.56679
8.69303
8.69303
8.69303
8.69303
8.69303
6.56679
6.56679
8.69303
8.69303
8.69303
8.69303
6.56679
6.56679
8.69303
8.69303
8.69303
8.69303
8.69303
6.56679
8.69303
8.69303
8.69303
8.69303
8.69303
6.56679
6.56679
8.69303
8.69303
8.69303
8.69303
6.56679
8.69303
8.69303
8.69303
8.69303
8.69303
8.69303
8.69303
6.56679
8.69303
8.69303
8.69303
8.69303
6.56679
6.56679
8.69303
8.69303
8.69303
8.69303
6.56679
6.56679
8.69303
8.69303
8.69303
8.69303
8.69303
8.69303
6.56679
8.69303
8.69303
8.69303
8.69303
6.56679
6.56679
8.69303
8.69303
8.69303
8.69303
8.69303
6.56679
6.56679
8.69303
8.69303
8.69303
8.69303
8.69303
8.69303
8.69303
8.69303
8.69303
8.69303
6.56679
6.56679
8.69303
8.69303
8.69303
8.69303
8.69303
6.56679
8.69303
8.69303
8.69303
8.69303
8.69303
8.69303
6.56679
8.69303
8.69303
8.69303
8.69303
8.69303
6.56679
8.69303
8.69303
8.69303
8.69303
8.69303
6.56679
8.69303
8.69303
8.69303
8.69303
8.69303
8.69303
6.56679
8.69303
8.69303
8.69303
8.69303
8.69303
6.56679
8.69303
8.69303
8.69303
8.69303
8.69303
8.69303
6.56679
8.69303
8.69303
8.69303
8.69303
8.69303
6.56679
8.69303
8.69303
8.69303
8.69303
8.69303
6.56679
8.69303
8.69303
8.69303
8.69303
8.69303
6.56679
8.69303
8.69303
8.69303
8.69303
8.69303
6.56679
6.56679
8.69303
8.69303
8.69303
8.69303
6.56679
6.56679
8.69303
8.69303
8.69303
8.69303
6.56679
6.56679
8.69303
8.69303
8.69303
8.69303
8.69303
8.69303
6.56679
8.69303
8.69303
8.69303
8.69303
6.56679
6.56679
8.69303
8.69303
8.69303
8.69303
8.69303
8.69303
8.69303
8.69303
8.69303
8.69303
8.69303
8.69303
8.69303
8.69303
8.69303
8.69303
8.69303
6.56679
8.69303
8.69303
8.69303
8.69303
8.69303
8.69303
8.69303
8.69303
8.69303
8.69303
8.69303
8.69303
8.69303
8.69303
8.69303
8.69303
8.69303
8.69303
8.69303
6.56679
8.69303
8.69303
8.69303
8.69303
8.69303
8.69303
8.69303
8.69303
8.69303
8.69303
8.69303
8.69303
8.69303
8.69303
8.69303
8.69303
8.69303
8.69303
6.56679
6.56679
8.69303
8.69303
8.69303
8.69303
6.56679
8.69303
8.69303
8.69303
8.69303
8.69303
6.56679
6.56679
8.69303
8.69303
8.69303
8.69303
8.69303
8.69303
6.56679
8.69303
8.69303
8.69303
6.56679
6.56679
8.69303
8.69303
8.69303
8.69303
8.69303
8.69303
6.56679
8.69303
8.69303
8.69303
8.69303
8.69303
6.56679
8.69303
8.69303
8.69303
8.69303
8.69303
8.69303
8.69303
8.69303
8.69303
8.69303
8.69303
6.56679
8.69303
8.69303
8.69303
8.69303
8.69303
8.69303
8.69303
8.69303
8.69303
8.69303
8.69303
6.56679
6.56679
8.69303
8.69303
8.69303
8.69303
6.56679
6.56679
8.69303
8.69303
8.69303
8.69303
8.69303
8.69303
6.56679
8.69303
8.69303
8.69303
8.69303
8.69303
6.56679
8.69303
8.69303
8.69303
8.69303
8.69303
8.69303
8.69303
8.69303
8.69303
8.69303
8.69303
8.69303
6.56679
6.56679
8.69303
8.69303
8.69303
8.69303
8.69303
8.69303
8.69303
8.69303
8.69303
6.56679
6.56679
8.69303
8.69303
8.69303
8.69303
8.69303
8.69303
6.56679
8.69303
8.69303
8.69303
8.69303
6.56679
6.56679
8.69303
8.69303
8.69303
8.69303
8.69303
6.56679
8.69303
8.69303
8.69303
8.69303
8.69303
8.69303
6.56679
8.69303
8.69303
8.69303
8.69303
8.69303
8.69303
8.69303
8.69303
8.69303
8.69303
8.69303
6.56679
8.69303
8.69303
8.69303
8.69303
8.69303
8.69303
8.69303
8.69303
8.69303
8.69303
8.69303
8.69303
8.69303
8.69303
8.69303
8.69303
8.69303
8.69303
8.69303
8.69303
8.69303
8.69303
8.69303
6.56679
8.69303
8.69303
8.69303
8.69303
8.69303
8.69303
8.69303
8.69303
8.69303
8.69303
8.69303
8.69303
6.56679
8.69303
8.69303
8.69303
8.69303
6.56679
8.69303
8.69303
8.69303
8.69303
8.69303
6.56679
8.69303
8.69303
8.69303
8.69303
8.69303
6.56679
8.69303
8.69303
8.69303
8.69303
6.56679
8.69303
8.69303
8.69303
8.69303
8.69303
6.56679
8.69303
8.69303
8.69303
8.69303
8.69303
6.56679
8.69303
8.69303
8.69303
8.69303
8.69303
8.69303
8.69303
8.69303
8.69303
8.69303
8.69303
6.56679
8.69303
8.69303
8.69303
8.69303
8.69303
6.56679
8.69303
8.69303
8.69303
8.69303
8.69303
8.69303
8.69303
8.69303
8.69303
8.69303
8.69303
8.69303
6.56679
8.69303
8.69303
8.69303
8.69303
8.69303
6.56679
8.69303
8.69303
8.69303
8.69303
8.69303
8.69303
8.69303
8.69303
8.69303
8.69303
8.69303
8.69303
6.56679
8.69303
8.69303
8.69303
8.69303
8.69303
6.56679
8.69303
8.69303
8.69303
8.69303
8.69303
6.56679
8.69303
8.69303
8.69303
8.69303
8.69303
8.69303
6.56679
8.69303
8.69303
8.69303
8.69303
8.69303
6.56679
8.69303
8.69303
8.69303
8.69303
8.69303
6.56679
8.69303
8.69303
8.69303
8.69303
8.69303
6.56679
8.69303
8.69303
8.69303
8.69303
6.56679
6.56679
8.69303
8.69303
8.69303
8.69303
6.56679
6.56679
8.69303
8.69303
8.69303
8.69303
6.56679
6.56679
8.69303
8.69303
8.69303
8.69303
8.69303
8.69303
8.69303
8.69303
8.69303
8.69303
8.69303
8.69303
8.69303
8.69303
8.69303
8.69303
6.56679
6.56679
8.69303
8.69303
8.69303
8.69303
6.56679
6.56679
8.69303
8.69303
8.69303
6.56679
8.69303
8.69303
8.69303
8.69303
8.69303
8.69303
8.69303
8.69303
8.69303
8.69303
8.69303
6.56679
8.69303
8.69303
8.69303
8.69303
8.69303
6.56679
8.69303
8.69303
8.69303
8.69303
8.69303
6.56679
8.69303
8.69303
8.69303
8.69303
8.69303
6.56679
8.69303
8.69303
8.69303
8.69303
8.69303
6.56679
8.69303
8.69303
8.69303
8.69303
8.69303
6.56679
8.69303
8.69303
8.69303
8.69303
6.56679
6.56679
8.69303
8.69303
8.69303
8.69303
6.56679
6.56679
8.69303
8.69303
8.69303
8.69303
8.69303
8.69303
6.56679
8.69303
8.69303
8.69303
6.56679
6.56679
8.69303
8.69303
8.69303
8.69303
6.56679
8.69303
8.69303
8.69303
8.69303
8.69303
8.69303
6.56679
8.69303
8.69303
8.69303
8.69303
8.69303
6.56679
8.69303
8.69303
8.69303
8.69303
8.69303
6.56679
8.69303
8.69303
8.69303
8.69303
8.69303
8.69303
6.56679
8.69303
8.69303
8.69303
8.69303
8.69303
6.56679
8.69303
8.69303
8.69303
8.69303
8.69303
8.69303
8.69303
6.56679
8.69303
8.69303
8.69303
6.56679
8.69303
8.69303
8.69303
8.69303
8.69303
6.56679
8.69303
8.69303
8.69303
8.69303
8.69303
6.56679
8.69303
8.69303
8.69303
8.69303
8.69303
8.69303
8.69303
8.69303
8.69303
8.69303
8.69303
8.69303
6.56679
8.69303
8.69303
8.69303
8.69303
8.69303
8.69303
8.69303
8.69303
8.69303
8.69303
8.69303
8.69303
8.69303
8.69303
8.69303
8.69303
6.56679
8.69303
8.69303
8.69303
8.69303
8.69303
6.56679
8.69303
8.69303
8.69303
8.69303
8.69303
8.69303
6.56679
8.69303
8.69303
8.69303
8.69303
8.69303
8.69303
8.69303
8.69303
8.69303
8.69303
6.56679
8.69303
8.69303
8.69303
8.69303
8.69303
6.56679
8.69303
8.69303
8.69303
8.69303
8.69303
6.56679
8.69303
8.69303
8.69303
8.69303
8.69303
8.69303
6.56679
8.69303
8.69303
8.69303
8.69303
8.69303
6.56679
8.69303
8.69303
8.69303
6.56679
6.56679
8.69303
8.69303
8.69303
8.69303
6.56679
8.69303
8.69303
8.69303
8.69303
8.69303
6.56679
8.69303
8.69303
8.69303
8.69303
8.69303
8.69303
6.56679
8.69303
8.69303
8.69303
8.69303
8.69303
8.69303
8.69303
8.69303
8.69303
8.69303
8.69303
6.56679
8.69303
8.69303
8.69303
8.69303
8.69303
6.56679
8.69303
8.69303
8.69303
8.69303
8.69303
8.69303
8.69303
8.69303
8.69303
8.69303
8.69303
8.69303
8.69303
8.69303
8.69303
8.69303
8.69303
8.69303
6.56679
8.69303
8.69303
8.69303
8.69303
8.69303
8.69303
8.69303
8.69303
8.69303
8.69303
8.69303
8.69303
6.56679
8.69303
8.69303
8.69303
8.69303
8.69303
6.56679
8.69303
8.69303
8.69303
8.69303
8.69303
6.56679
8.69303
8.69303
8.69303
8.69303
8.69303
6.56679
8.69303
8.69303
8.69303
8.69303
8.69303
8.69303
6.56679
8.69303
8.69303
8.69303
8.69303
8.69303
6.56679
8.69303
8.69303
8.69303
8.69303
8.69303
6.56679
8.69303
8.69303
8.69303
8.69303
8.69303
6.56679
8.69303
8.69303
8.69303
8.69303
6.56679
8.69303
8.69303
8.69303
8.69303
8.69303
6.56679
8.69303
8.69303
8.69303
8.69303
8.69303
6.56679
6.56679
8.69303
8.69303
8.69303
8.69303
8.69303
8.69303
8.69303
8.69303
8.69303
8.69303
6.56679
8.69303
8.69303
8.69303
8.69303
8.69303
8.69303
6.56679
8.69303
8.69303
8.69303
8.69303
8.69303
8.69303
6.56679
8.69303
8.69303
8.69303
8.69303
8.69303
6.56679
8.69303
8.69303
8.69303
8.69303
8.69303
6.56679
8.69303
8.69303
8.69303
8.69303
8.69303
8.69303
8.69303
8.69303
8.69303
8.69303
8.69303
8.69303
8.69303
8.69303
8.69303
8.69303
6.56679
8.69303
8.69303
8.69303
8.69303
8.69303
6.56679
8.69303
8.69303
8.69303
8.69303
8.69303
6.56679
8.69303
8.69303
8.69303
8.69303
8.69303
6.56679
6.56679
8.69303
8.69303
8.69303
8.69303
8.69303
6.56679
8.69303
8.69303
8.69303
8.69303
8.69303
6.56679
8.69303
8.69303
8.69303
8.69303
8.69303
8.69303
6.56679
8.69303
8.69303
8.69303
8.69303
8.69303
6.56679
8.69303
8.69303
8.69303
8.69303
8.69303
8.69303
8.69303
8.69303
8.69303
8.69303
8.69303
6.56679
6.56679
8.69303
8.69303
8.69303
6.56679
8.69303
8.69303
8.69303
8.69303
8.69303
8.69303
8.69303
6.56679
8.69303
8.69303
8.69303
8.69303
6.56679
6.56679
8.69303
8.69303
8.69303
8.69303
8.69303
6.56679
8.69303
8.69303
8.69303
8.69303
8.69303
6.56679
8.69303
8.69303
8.69303
8.69303
8.69303
6.56679
8.69303
8.69303
8.69303
8.69303
8.69303
8.69303
6.56679
8.69303
8.69303
8.69303
8.69303
8.69303
8.69303
8.69303
8.69303
8.69303
8.69303
6.56679
8.69303
8.69303
8.69303
8.69303
8.69303
8.69303
6.56679
6.56679
8.69303
8.69303
8.69303
8.69303
6.56679
6.56679
8.69303
8.69303
8.69303
8.69303
8.69303
8.69303
6.56679
8.69303
8.69303
8.69303
8.69303
6.56679
8.69303
8.69303
8.69303
8.69303
6.56679
6.56679
8.69303
8.69303
8.69303
8.69303
6.56679
6.56679
8.69303
8.69303
8.69303
8.69303
6.56679
8.69303
8.69303
8.69303
8.69303
8.69303
8.69303
6.56679
6.56679
8.69303
8.69303
8.69303
8.69303
6.56679
8.69303
8.69303
8.69303
8.69303
8.69303
6.56679
6.56679
8.69303
8.69303
8.69303
8.69303
6.56679
6.56679
8.69303
8.69303
8.69303
8.69303
6.56679
8.69303
8.69303
8.69303
8.69303
8.69303
6.56679
8.69303
8.69303
8.69303
8.69303
6.56679
6.56679
8.69303
8.69303
8.69303
8.69303
8.69303
8.69303
8.69303
8.69303
8.69303
8.69303
8.69303
8.69303
8.69303
8.69303
8.69303
8.69303
6.56679
8.69303
8.69303
8.69303
8.69303
8.69303
8.69303
6.56679
8.69303
8.69303
8.69303
8.69303
8.69303
6.56679
8.69303
8.69303
8.69303
8.69303
8.69303
8.69303
8.69303
8.69303
8.69303
8.69303
8.69303
8.69303
8.69303
8.69303
8.69303
8.69303
8.69303
8.69303
8.69303
8.69303
8.69303
8.69303
8.69303
8.69303
6.56679
8.69303
8.69303
8.69303
8.69303
8.69303
6.56679
8.69303
8.69303
8.69303
8.69303
8.69303
8.69303
6.56679
8.69303
8.69303
8.69303
8.69303
8.69303
6.56679
8.69303
8.69303
8.69303
8.69303
8.69303
6.56679
8.69303
8.69303
8.69303
8.69303
8.69303
6.56679
8.69303
8.69303
8.69303
8.69303
8.69303
8.69303
6.56679
8.69303
8.69303
8.69303
8.69303
8.69303
6.56679
8.69303
8.69303
8.69303
8.69303
6.56679
6.56679
8.69303
8.69303
8.69303
8.69303
6.56679
6.56679
8.69303
8.69303
8.69303
8.69303
8.69303
6.56679
8.69303
8.69303
8.69303
8.69303
6.56679
6.56679
8.69303
8.69303
8.69303
8.69303
6.56679
6.56679
8.69303
8.69303
8.69303
8.69303
6.56679
6.56679
8.69303
8.69303
8.69303
8.69303
6.56679
6.56679
8.69303
8.69303
8.69303
8.69303
8.69303
6.56679
6.56679
8.69303
8.69303
8.69303
8.69303
6.56679
6.56679
8.69303
8.69303
8.69303
8.69303
6.56679
6.56679
8.69303
8.69303
8.69303
8.69303
6.56679
6.56679
6.56679
8.69303
8.69303
8.69303
6.56679
6.56679
8.69303
8.69303
8.69303
8.69303
6.56679
6.56679
8.69303
8.69303
8.69303
8.69303
8.69303
8.69303
6.56679
8.69303
8.69303
8.69303
8.69303
6.56679
8.69303
8.69303
8.69303
8.69303
8.69303
6.56679
6.56679
8.69303
8.69303
8.69303
8.69303
8.69303
6.56679
8.69303
8.69303
8.69303
8.69303
6.56679
6.56679
8.69303
8.69303
8.69303
8.69303
8.69303
6.56679
8.69303
8.69303
8.69303
8.69303
8.69303
6.56679
8.69303
8.69303
8.69303
8.69303
8.69303
6.56679
8.69303
8.69303
8.69303
8.69303
8.69303
6.56679
8.69303
8.69303
8.69303
8.69303
8.69303
6.56679
8.69303
8.69303
8.69303
8.69303
8.69303
6.56679
8.69303
8.69303
8.69303
8.69303
6.56679
6.56679
8.69303
8.69303
8.69303
8.69303
6.56679
8.69303
8.69303
8.69303
8.69303
8.69303
6.56679
6.56679
8.69303
8.69303
8.69303
8.69303
8.69303
8.69303
6.56679
8.69303
8.69303
8.69303
8.69303
6.56679
8.69303
8.69303
8.69303
8.69303
8.69303
6.56679
8.69303
8.69303
8.69303
8.69303
8.69303
8.69303
6.56679
8.69303
8.69303
8.69303
8.69303
8.69303
8.69303
8.69303
8.69303
8.69303
8.69303
8.69303
6.56679
6.56679
8.69303
8.69303
8.69303
8.69303
8.69303
8.69303
6.56679
8.69303
8.69303
8.69303
8.69303
8.69303
6.56679
8.69303
8.69303
8.69303
8.69303
6.56679
6.56679
8.69303
8.69303
8.69303
8.69303
6.56679
6.56679
8.69303
8.69303
8.69303
8.69303
8.69303
8.69303
8.69303
8.69303
8.69303
8.69303
8.69303
8.69303
8.69303
8.69303
8.69303
8.69303
8.69303
8.69303
8.69303
8.69303
8.69303
8.69303
8.69303
8.69303
6.56679
8.69303
8.69303
8.69303
8.69303
8.69303
8.69303
8.69303
8.69303
8.69303
8.69303
6.56679
8.69303
8.69303
8.69303
8.69303
8.69303
8.69303
8.69303
8.69303
8.69303
8.69303
8.69303
6.56679
8.69303
8.69303
8.69303
8.69303
8.69303
6.56679
8.69303
8.69303
8.69303
8.69303
8.69303
6.56679
6.56679
8.69303
8.69303
8.69303
8.69303
8.69303
8.69303
6.56679
8.69303
8.69303
8.69303
8.69303
8.69303
6.56679
8.69303
8.69303
8.69303
8.69303
8.69303
6.56679
8.69303
8.69303
8.69303
8.69303
8.69303
6.56679
8.69303
8.69303
8.69303
8.69303
8.69303
6.56679
8.69303
8.69303
8.69303
8.69303
8.69303
8.69303
8.69303
8.69303
8.69303
8.69303
8.69303
8.69303
8.69303
8.69303
8.69303
8.69303
8.69303
8.69303
8.69303
8.69303
8.69303
8.69303
8.69303
6.56679
8.69303
8.69303
8.69303
8.69303
8.69303
6.56679
8.69303
8.69303
8.69303
8.69303
6.56679
8.69303
8.69303
8.69303
8.69303
8.69303
8.69303
8.69303
8.69303
8.69303
8.69303
8.69303
8.69303
6.56679
8.69303
8.69303
8.69303
8.69303
8.69303
6.56679
8.69303
8.69303
8.69303
8.69303
8.69303
8.69303
8.69303
8.69303
8.69303
8.69303
6.56679
8.69303
8.69303
8.69303
8.69303
6.56679
8.69303
8.69303
8.69303
8.69303
8.69303
8.69303
8.69303
8.69303
8.69303
8.69303
8.69303
6.56679
8.69303
8.69303
8.69303
8.69303
8.69303
6.56679
6.56679
8.69303
8.69303
8.69303
8.69303
6.56679
6.56679
8.69303
8.69303
8.69303
8.69303
6.56679
6.56679
8.69303
8.69303
8.69303
8.69303
8.69303
6.56679
8.69303
8.69303
8.69303
8.69303
8.69303
6.56679
8.69303
8.69303
8.69303
8.69303
8.69303
6.56679
8.69303
8.69303
8.69303
8.69303
8.69303
8.69303
8.69303
8.69303
8.69303
8.69303
8.69303
6.56679
8.69303
8.69303
8.69303
8.69303
8.69303
6.56679
6.56679
8.69303
8.69303
8.69303
8.69303
8.69303
6.56679
8.69303
8.69303
8.69303
8.69303
8.69303
6.56679
8.69303
8.69303
8.69303
8.69303
8.69303
6.56679
8.69303
8.69303
8.69303
8.69303
8.69303
6.56679
8.69303
8.69303
8.69303
8.69303
8.69303
6.56679
8.69303
8.69303
8.69303
8.69303
8.69303
8.69303
8.69303
8.69303
8.69303
8.69303
8.69303
6.56679
8.69303
8.69303
8.69303
8.69303
8.69303
8.69303
8.69303
8.69303
8.69303
8.69303
8.69303
8.69303
6.56679
8.69303
8.69303
8.69303
6.56679
6.56679
8.69303
8.69303
8.69303
8.69303
8.69303
6.56679
8.69303
8.69303
8.69303
8.69303
6.56679
6.56679
8.69303
8.69303
8.69303
8.69303
8.69303
8.69303
6.56679
8.69303
8.69303
8.69303
8.69303
8.69303
6.56679
8.69303
8.69303
8.69303
8.69303
8.69303
8.69303
8.69303
8.69303
8.69303
8.69303
8.69303
8.69303
8.69303
8.69303
8.69303
8.69303
8.69303
6.56679
8.69303
8.69303
8.69303
8.69303
8.69303
6.56679
8.69303
8.69303
8.69303
8.69303
8.69303
8.69303
8.69303
6.56679
8.69303
8.69303
8.69303
8.69303
6.56679
6.56679
8.69303
8.69303
8.69303
8.69303
8.69303
6.56679
8.69303
8.69303
8.69303
8.69303
8.69303
8.69303
6.56679
8.69303
8.69303
8.69303
8.69303
8.69303
8.69303
8.69303
8.69303
8.69303
8.69303
8.69303
6.56679
8.69303
8.69303
8.69303
8.69303
8.69303
6.56679
6.56679
6.56679
8.69303
8.69303
8.69303
8.69303
6.56679
8.69303
8.69303
8.69303
8.69303
8.69303
6.56679
8.69303
8.69303
8.69303
8.69303
8.69303
8.69303
6.56679
8.69303
8.69303
8.69303
8.69303
8.69303
8.69303
8.69303
8.69303
8.69303
8.69303
8.69303
8.69303
8.69303
8.69303
8.69303
8.69303
8.69303
6.56679
8.69303
8.69303
8.69303
8.69303
8.69303
6.56679
6.56679
8.69303
8.69303
8.69303
8.69303
8.69303
6.56679
8.69303
8.69303
8.69303
8.69303
8.69303
8.69303
6.56679
8.69303
8.69303
8.69303
8.69303
8.69303
6.56679
8.69303
8.69303
8.69303
8.69303
8.69303
6.56679
8.69303
8.69303
8.69303
8.69303
8.69303
6.56679
6.56679
8.69303
8.69303
8.69303
8.69303
6.56679
6.56679
8.69303
8.69303
8.69303
8.69303
8.69303
8.69303
6.56679
8.69303
8.69303
8.69303
8.69303
8.69303
6.56679
8.69303
8.69303
8.69303
8.69303
8.69303
6.56679
8.69303
8.69303
8.69303
8.69303
8.69303
6.56679
8.69303
8.69303
8.69303
8.69303
8.69303
6.56679
6.56679
8.69303
8.69303
8.69303
8.69303
6.56679
6.56679
8.69303
8.69303
8.69303
8.69303
6.56679
6.56679
8.69303
8.69303
8.69303
8.69303
6.56679
6.56679
8.69303
8.69303
8.69303
8.69303
8.69303
6.56679
8.69303
8.69303
8.69303
8.69303
8.69303
6.56679
8.69303
8.69303
8.69303
8.69303
8.69303
8.69303
6.56679
8.69303
8.69303
8.69303
8.69303
8.69303
6.56679
8.69303
8.69303
8.69303
8.69303
8.69303
8.69303
8.69303
8.69303
8.69303
8.69303
8.69303
6.56679
8.69303
8.69303
8.69303
8.69303
8.69303
6.56679
8.69303
8.69303
8.69303
8.69303
8.69303
6.56679
6.56679
8.69303
8.69303
8.69303
8.69303
6.56679
6.56679
8.69303
8.69303
8.69303
8.69303
8.69303
8.69303
6.56679
8.69303
8.69303
8.69303
8.69303
6.56679
6.56679
8.69303
8.69303
8.69303
8.69303
6.56679
6.56679
8.69303
8.69303
8.69303
8.69303
6.56679
6.56679
8.69303
8.69303
8.69303
8.69303
8.69303
8.69303
6.56679
8.69303
8.69303
8.69303
8.69303
8.69303
6.56679
8.69303
8.69303
8.69303
8.69303
8.69303
6.56679
8.69303
8.69303
8.69303
8.69303
8.69303
8.69303
8.69303
8.69303
8.69303
8.69303
8.69303
6.56679
8.69303
8.69303
8.69303
8.69303
8.69303
6.56679
6.56679
8.69303
8.69303
8.69303
8.69303
8.69303
8.69303
6.56679
8.69303
8.69303
8.69303
8.69303
8.69303
6.56679
8.69303
8.69303
8.69303
8.69303
8.69303
8.69303
8.69303
8.69303
8.69303
8.69303
8.69303
8.69303
8.69303
8.69303
8.69303
8.69303
6.56679
8.69303
8.69303
8.69303
8.69303
8.69303
8.69303
6.56679
6.56679
8.69303
8.69303
8.69303
6.56679
8.69303
8.69303
8.69303
8.69303
8.69303
8.69303
8.69303
6.56679
8.69303
8.69303
8.69303
8.69303
8.69303
6.56679
8.69303
8.69303
8.69303
8.69303
8.69303
8.69303
8.69303
8.69303
8.69303
8.69303
8.69303
6.56679
8.69303
8.69303
8.69303
8.69303
8.69303
8.69303
8.69303
8.69303
8.69303
8.69303
8.69303
8.69303
6.56679
8.69303
8.69303
8.69303
8.69303
8.69303
6.56679
8.69303
8.69303
8.69303
8.69303
8.69303
6.56679
8.69303
8.69303
8.69303
8.69303
8.69303
6.56679
6.56679
8.69303
8.69303
8.69303
8.69303
8.69303
8.69303
6.56679
8.69303
8.69303
8.69303
8.69303
8.69303
8.69303
6.56679
8.69303
8.69303
8.69303
8.69303
8.69303
8.69303
6.56679
8.69303
8.69303
8.69303
8.69303
8.69303
6.56679
6.56679
8.69303
8.69303
8.69303
8.69303
8.69303
8.69303
8.69303
8.69303
8.69303
8.69303
8.69303
8.69303
6.56679
8.69303
8.69303
8.69303
8.69303
8.69303
8.69303
8.69303
8.69303
8.69303
8.69303
8.69303
8.69303
8.69303
8.69303
8.69303
8.69303
8.69303
8.69303
8.69303
6.56679
8.69303
8.69303
8.69303
8.69303
8.69303
8.69303
6.56679
8.69303
8.69303
8.69303
8.69303
8.69303
8.69303
6.56679
8.69303
8.69303
8.69303
8.69303
8.69303
8.69303
8.69303
6.56679
6.56679
8.69303
8.69303
8.69303
8.69303
8.69303
8.69303
8.69303
8.69303
8.69303
8.69303
8.69303
8.69303
6.56679
8.69303
8.69303
8.69303
8.69303
8.69303
8.69303
8.69303
8.69303
8.69303
8.69303
8.69303
8.69303
8.69303
6.56679
8.69303
8.69303
8.69303
8.69303
8.69303
6.56679
8.69303
8.69303
8.69303
8.69303
8.69303
8.69303
6.56679
8.69303
8.69303
8.69303
8.69303
8.69303
8.69303
6.56679
6.56679
8.69303
8.69303
8.69303
8.69303
6.56679
8.69303
8.69303
8.69303
8.69303
8.69303
8.69303
6.56679
8.69303
8.69303
8.69303
8.69303
8.69303
8.69303
6.56679
6.56679
8.69303
8.69303
8.69303
8.69303
6.56679
8.69303
8.69303
8.69303
8.69303
8.69303
8.69303
6.56679
6.56679
8.69303
8.69303
8.69303
8.69303
6.56679
8.69303
8.69303
8.69303
8.69303
8.69303
6.56679
8.69303
8.69303
8.69303
8.69303
8.69303
6.56679
8.69303
8.69303
8.69303
8.69303
8.69303
8.69303
8.69303
8.69303
8.69303
8.69303
8.69303
8.69303
8.69303
6.56679
8.69303
8.69303
8.69303
8.69303
8.69303
8.69303
8.69303
8.69303
8.69303
8.69303
8.69303
8.69303
8.69303
8.69303
8.69303
8.69303
8.69303
6.56679
8.69303
8.69303
8.69303
8.69303
8.69303
8.69303
8.69303
8.69303
8.69303
8.69303
8.69303
6.56679
8.69303
8.69303
8.69303
8.69303
8.69303
6.56679
6.56679
8.69303
8.69303
8.69303
8.69303
8.69303
6.56679
8.69303
8.69303
8.69303
8.69303
8.69303
8.69303
8.69303
8.69303
8.69303
8.69303
8.69303
6.56679
6.56679
8.69303
8.69303
8.69303
8.69303
8.69303
8.69303
6.56679
8.69303
8.69303
8.69303
8.69303
8.69303
8.69303
8.69303
8.69303
8.69303
8.69303
8.69303
6.56679
6.56679
8.69303
8.69303
8.69303
8.69303
8.69303
6.56679
8.69303
8.69303
8.69303
8.69303
8.69303
6.56679
8.69303
8.69303
8.69303
8.69303
8.69303
6.56679
6.56679
8.69303
8.69303
8.69303
8.69303
8.69303
8.69303
6.56679
8.69303
8.69303
8.69303
8.69303
8.69303
6.56679
8.69303
8.69303
8.69303
8.69303
8.69303
6.56679
6.56679
8.69303
8.69303
8.69303
8.69303
8.69303
8.69303
6.56679
8.69303
8.69303
8.69303
8.69303
8.69303
8.69303
8.69303
8.69303
8.69303
8.69303
8.69303
8.69303
6.56679
8.69303
8.69303
8.69303
8.69303
8.69303
6.56679
8.69303
8.69303
8.69303
8.69303
8.69303
8.69303
8.69303
8.69303
8.69303
8.69303
8.69303
8.69303
8.69303
6.56679
8.69303
8.69303
8.69303
8.69303
8.69303
6.56679
8.69303
8.69303
8.69303
8.69303
8.69303
6.56679
6.56679
8.69303
8.69303
8.69303
8.69303
6.56679
6.56679
8.69303
8.69303
8.69303
8.69303
8.69303
6.56679
8.69303
8.69303
8.69303
8.69303
8.69303
6.56679
6.56679
8.69303
8.69303
8.69303
6.56679
6.56679
8.69303
8.69303
8.69303
8.69303
8.69303
8.69303
6.56679
8.69303
8.69303
8.69303
8.69303
8.69303
8.69303
8.69303
8.69303
8.69303
8.69303
6.56679
8.69303
8.69303
8.69303
8.69303
8.69303
8.69303
8.69303
6.56679
8.69303
8.69303
8.69303
8.69303
6.56679
8.69303
8.69303
8.69303
8.69303
8.69303
6.56679
6.56679
8.69303
8.69303
8.69303
8.69303
8.69303
8.69303
6.56679
8.69303
8.69303
8.69303
8.69303
6.56679
8.69303
8.69303
8.69303
8.69303
8.69303
6.56679
8.69303
8.69303
8.69303
8.69303
8.69303
8.69303
6.56679
8.69303
8.69303
8.69303
8.69303
8.69303
8.69303
8.69303
8.69303
8.69303
8.69303
8.69303
8.69303
8.69303
8.69303
8.69303
8.69303
8.69303
8.69303
8.69303
8.69303
6.56679
8.69303
8.69303
8.69303
8.69303
8.69303
8.69303
8.69303
8.69303
8.69303
8.69303
8.69303
8.69303
8.69303
8.69303
8.69303
8.69303
8.69303
6.56679
8.69303
8.69303
8.69303
8.69303
6.56679
8.69303
8.69303
8.69303
8.69303
8.69303
6.56679
8.69303
8.69303
8.69303
8.69303
8.69303
6.56679
6.56679
8.69303
8.69303
8.69303
8.69303
8.69303
8.69303
6.56679
8.69303
8.69303
8.69303
8.69303
6.56679
8.69303
8.69303
8.69303
8.69303
8.69303
6.56679
8.69303
8.69303
8.69303
8.69303
8.69303
8.69303
6.56679
8.69303
8.69303
8.69303
8.69303
8.69303
8.69303
8.69303
8.69303
8.69303
8.69303
8.69303
8.69303
6.56679
6.56679
8.69303
8.69303
8.69303
8.69303
8.69303
6.56679
8.69303
8.69303
8.69303
8.69303
8.69303
6.56679
8.69303
8.69303
8.69303
8.69303
8.69303
6.56679
8.69303
8.69303
8.69303
8.69303
8.69303
6.56679
6.56679
8.69303
8.69303
8.69303
6.56679
6.56679
8.69303
8.69303
8.69303
8.69303
8.69303
8.69303
8.69303
8.69303
8.69303
8.69303
8.69303
8.69303
6.56679
6.56679
8.69303
8.69303
8.69303
8.69303
8.69303
6.56679
8.69303
8.69303
8.69303
8.69303
8.69303
6.56679
8.69303
8.69303
8.69303
8.69303
8.69303
6.56679
6.56679
8.69303
8.69303
8.69303
8.69303
8.69303
6.56679
8.69303
8.69303
8.69303
8.69303
8.69303
6.56679
8.69303
8.69303
8.69303
8.69303
8.69303
8.69303
8.69303
8.69303
8.69303
8.69303
8.69303
8.69303
8.69303
8.69303
8.69303
8.69303
8.69303
6.56679
6.56679
8.69303
8.69303
8.69303
8.69303
8.69303
6.56679
8.69303
8.69303
8.69303
8.69303
8.69303
6.56679
8.69303
8.69303
8.69303
8.69303
8.69303
6.56679
6.56679
8.69303
8.69303
8.69303
8.69303
8.69303
6.56679
8.69303
8.69303
8.69303
8.69303
8.69303
6.56679
8.69303
8.69303
8.69303
8.69303
8.69303
8.69303
8.69303
8.69303
8.69303
8.69303
8.69303
8.69303
8.69303
6.56679
8.69303
8.69303
8.69303
8.69303
8.69303
6.56679
8.69303
8.69303
8.69303
8.69303
8.69303
8.69303
8.69303
8.69303
8.69303
8.69303
6.56679
8.69303
8.69303
8.69303
8.69303
8.69303
8.69303
6.56679
8.69303
8.69303
8.69303
8.69303
8.69303
6.56679
8.69303
8.69303
8.69303
8.69303
8.69303
8.69303
8.69303
8.69303
8.69303
8.69303
6.56679
6.56679
8.69303
8.69303
8.69303
8.69303
8.69303
8.69303
8.69303
8.69303
8.69303
8.69303
8.69303
8.69303
8.69303
8.69303
8.69303
8.69303
6.56679
6.56679
8.69303
8.69303
8.69303
8.69303
8.69303
8.69303
6.56679
8.69303
8.69303
8.69303
8.69303
8.69303
6.56679
8.69303
8.69303
8.69303
8.69303
6.56679
8.69303
8.69303
8.69303
8.69303
8.69303
6.56679
6.56679
8.69303
8.69303
8.69303
8.69303
8.69303
8.69303
6.56679
8.69303
8.69303
8.69303
8.69303
8.69303
8.69303
8.69303
8.69303
8.69303
8.69303
6.56679
8.69303
8.69303
8.69303
8.69303
8.69303
6.56679
6.56679
8.69303
8.69303
8.69303
8.69303
8.69303
6.56679
8.69303
8.69303
8.69303
8.69303
6.56679
6.56679
6.56679
8.69303
8.69303
8.69303
8.69303
6.56679
8.69303
8.69303
8.69303
8.69303
8.69303
8.69303
8.69303
8.69303
8.69303
8.69303
8.69303
8.69303
8.69303
8.69303
8.69303
8.69303
8.69303
6.56679
6.56679
8.69303
8.69303
8.69303
8.69303
8.69303
6.56679
8.69303
8.69303
8.69303
8.69303
8.69303
8.69303
8.69303
8.69303
8.69303
8.69303
8.69303
8.69303
8.69303
8.69303
8.69303
8.69303
8.69303
8.69303
6.56679
8.69303
8.69303
8.69303
8.69303
8.69303
6.56679
8.69303
8.69303
8.69303
8.69303
8.69303
8.69303
8.69303
8.69303
8.69303
8.69303
8.69303
8.69303
8.69303
8.69303
8.69303
8.69303
8.69303
8.69303
6.56679
8.69303
8.69303
8.69303
8.69303
8.69303
6.56679
8.69303
8.69303
8.69303
8.69303
8.69303
8.69303
8.69303
8.69303
8.69303
8.69303
6.56679
8.69303
8.69303
8.69303
8.69303
8.69303
8.69303
6.56679
8.69303
8.69303
8.69303
8.69303
8.69303
6.56679
8.69303
8.69303
8.69303
8.69303
8.69303
6.56679
8.69303
8.69303
8.69303
8.69303
8.69303
6.56679
6.56679
8.69303
8.69303
8.69303
8.69303
8.69303
6.56679
8.69303
8.69303
8.69303
8.69303
8.69303
8.69303
6.56679
8.69303
8.69303
8.69303
8.69303
6.56679
6.56679
8.69303
8.69303
8.69303
8.69303
8.69303
6.56679
8.69303
8.69303
8.69303
8.69303
8.69303
6.56679
8.69303
8.69303
8.69303
8.69303
8.69303
8.69303
8.69303
8.69303
8.69303
8.69303
8.69303
8.69303
8.69303
8.69303
8.69303
8.69303
6.56679
6.56679
8.69303
8.69303
8.69303
8.69303
8.69303
6.56679
8.69303
8.69303
8.69303
8.69303
8.69303
8.69303
8.69303
8.69303
8.69303
8.69303
6.56679
8.69303
8.69303
8.69303
8.69303
8.69303
6.56679
6.56679
8.69303
8.69303
8.69303
8.69303
8.69303
6.56679
8.69303
8.69303
8.69303
8.69303
8.69303
8.69303
8.69303
8.69303
8.69303
8.69303
8.69303
6.56679
6.56679
8.69303
8.69303
8.69303
8.69303
8.69303
6.56679
8.69303
8.69303
8.69303
8.69303
8.69303
8.69303
6.56679
8.69303
8.69303
8.69303
8.69303
6.56679
8.69303
8.69303
8.69303
8.69303
8.69303
6.56679
6.56679
8.69303
8.69303
8.69303
8.69303
8.69303
8.69303
8.69303
8.69303
8.69303
8.69303
8.69303
8.69303
8.69303
8.69303
8.69303
8.69303
8.69303
6.56679
6.56679
8.69303
8.69303
8.69303
8.69303
8.69303
6.56679
8.69303
8.69303
8.69303
8.69303
8.69303
6.56679
8.69303
8.69303
8.69303
8.69303
8.69303
8.69303
8.69303
8.69303
8.69303
8.69303
8.69303
8.69303
8.69303
8.69303
8.69303
8.69303
6.56679
6.56679
8.69303
8.69303
8.69303
8.69303
8.69303
6.56679
8.69303
8.69303
8.69303
8.69303
8.69303
6.56679
8.69303
8.69303
8.69303
8.69303
8.69303
6.56679
6.56679
8.69303
8.69303
8.69303
8.69303
8.69303
6.56679
8.69303
8.69303
8.69303
8.69303
8.69303
8.69303
8.69303
8.69303
8.69303
8.69303
6.56679
6.56679
8.69303
8.69303
8.69303
8.69303
8.69303
6.56679
8.69303
8.69303
8.69303
8.69303
8.69303
6.56679
8.69303
8.69303
8.69303
8.69303
8.69303
8.69303
8.69303
8.69303
8.69303
8.69303
6.56679
8.69303
8.69303
8.69303
8.69303
8.69303
6.56679
6.56679
8.69303
8.69303
8.69303
8.69303
8.69303
6.56679
8.69303
8.69303
8.69303
8.69303
8.69303
6.56679
8.69303
8.69303
8.69303
8.69303
8.69303
6.56679
6.56679
8.69303
8.69303
8.69303
8.69303
8.69303
6.56679
8.69303
8.69303
8.69303
8.69303
8.69303
6.56679
8.69303
8.69303
8.69303
8.69303
8.69303
6.56679
8.69303
8.69303
8.69303
8.69303
8.69303
6.56679
6.56679
8.69303
8.69303
8.69303
8.69303
8.69303
8.69303
8.69303
8.69303
8.69303
8.69303
6.56679
6.56679
8.69303
8.69303
8.69303
8.69303
8.69303
6.56679
8.69303
8.69303
8.69303
8.69303
8.69303
6.56679
6.56679
8.69303
8.69303
8.69303
8.69303
6.56679
6.56679
8.69303
8.69303
8.69303
8.69303
8.69303
6.56679
8.69303
8.69303
8.69303
8.69303
6.56679
8.69303
8.69303
8.69303
8.69303
8.69303
8.69303
8.69303
6.56679
8.69303
8.69303
8.69303
8.69303
8.69303
6.56679
8.69303
8.69303
8.69303
8.69303
8.69303
6.56679
6.56679
8.69303
8.69303
8.69303
6.56679
6.56679
8.69303
8.69303
8.69303
8.69303
8.69303
6.56679
8.69303
8.69303
8.69303
8.69303
8.69303
8.69303
8.69303
8.69303
8.69303
8.69303
8.69303
6.56679
8.69303
8.69303
8.69303
8.69303
8.69303
8.69303
6.56679
8.69303
8.69303
8.69303
8.69303
8.69303
8.69303
6.56679
8.69303
8.69303
8.69303
8.69303
8.69303
8.69303
8.69303
8.69303
8.69303
8.69303
8.69303
6.56679
6.56679
8.69303
8.69303
8.69303
8.69303
8.69303
6.56679
8.69303
8.69303
8.69303
8.69303
6.56679
8.69303
8.69303
8.69303
8.69303
8.69303
6.56679
8.69303
8.69303
8.69303
8.69303
8.69303
8.69303
6.56679
8.69303
8.69303
8.69303
8.69303
8.69303
6.56679
8.69303
8.69303
8.69303
8.69303
8.69303
6.56679
8.69303
8.69303
8.69303
8.69303
8.69303
8.69303
8.69303
8.69303
8.69303
8.69303
8.69303
8.69303
6.56679
8.69303
8.69303
8.69303
6.56679
6.56679
8.69303
8.69303
8.69303
8.69303
8.69303
8.69303
6.56679
8.69303
8.69303
8.69303
8.69303
6.56679
8.69303
8.69303
8.69303
8.69303
8.69303
6.56679
6.56679
8.69303
8.69303
8.69303
6.56679
8.69303
8.69303
8.69303
8.69303
8.69303
8.69303
6.56679
8.69303
8.69303
8.69303
8.69303
8.69303
8.69303
6.56679
8.69303
8.69303
8.69303
8.69303
8.69303
8.69303
8.69303
8.69303
8.69303
8.69303
8.69303
6.56679
8.69303
8.69303
8.69303
8.69303
8.69303
6.56679
8.69303
8.69303
8.69303
8.69303
8.69303
6.56679
8.69303
8.69303
8.69303
8.69303
8.69303
8.69303
8.69303
8.69303
8.69303
8.69303
8.69303
8.69303
6.56679
8.69303
8.69303
8.69303
8.69303
8.69303
6.56679
8.69303
8.69303
8.69303
8.69303
8.69303
6.56679
8.69303
8.69303
8.69303
8.69303
8.69303
6.56679
6.56679
8.69303
8.69303
8.69303
8.69303
6.56679
6.56679
8.69303
8.69303
8.69303
8.69303
8.69303
6.56679
8.69303
8.69303
8.69303
8.69303
8.69303
8.69303
8.69303
8.69303
8.69303
8.69303
8.69303
8.69303
8.69303
8.69303
8.69303
8.69303
8.69303
8.69303
8.69303
6.56679
8.69303
8.69303
8.69303
8.69303
8.69303
6.56679
8.69303
8.69303
8.69303
8.69303
6.56679
8.69303
8.69303
8.69303
8.69303
8.69303
8.69303
8.69303
6.56679
8.69303
8.69303
8.69303
8.69303
8.69303
8.69303
8.69303
8.69303
8.69303
8.69303
6.56679
6.56679
8.69303
8.69303
8.69303
8.69303
8.69303
6.56679
8.69303
8.69303
8.69303
8.69303
8.69303
8.69303
8.69303
8.69303
8.69303
8.69303
8.69303
8.69303
8.69303
8.69303
8.69303
8.69303
8.69303
6.56679
8.69303
8.69303
8.69303
8.69303
8.69303
8.69303
6.56679
8.69303
8.69303
8.69303
8.69303
8.69303
8.69303
8.69303
8.69303
8.69303
8.69303
6.56679
6.56679
8.69303
8.69303
8.69303
8.69303
8.69303
6.56679
8.69303
8.69303
8.69303
8.69303
8.69303
8.69303
8.69303
8.69303
8.69303
8.69303
8.69303
6.56679
8.69303
8.69303
8.69303
8.69303
8.69303
6.56679
8.69303
8.69303
8.69303
8.69303
8.69303
8.69303
8.69303
8.69303
8.69303
8.69303
8.69303
6.56679
6.56679
8.69303
8.69303
8.69303
8.69303
8.69303
6.56679
8.69303
8.69303
8.69303
8.69303
8.69303
6.56679
8.69303
8.69303
8.69303
8.69303
8.69303
6.56679
8.69303
8.69303
8.69303
8.69303
8.69303
6.56679
6.56679
8.69303
8.69303
8.69303
8.69303
8.69303
6.56679
8.69303
8.69303
8.69303
8.69303
8.69303
6.56679
8.69303
8.69303
8.69303
8.69303
8.69303
6.56679
8.69303
8.69303
8.69303
8.69303
8.69303
8.69303
6.56679
8.69303
8.69303
8.69303
8.69303
8.69303
6.56679
8.69303
8.69303
8.69303
8.69303
8.69303
8.69303
6.56679
8.69303
8.69303
8.69303
8.69303
6.56679
6.56679
8.69303
8.69303
8.69303
8.69303
8.69303
8.69303
6.56679
8.69303
8.69303
8.69303
8.69303
8.69303
6.56679
8.69303
8.69303
8.69303
8.69303
8.69303
8.69303
8.69303
8.69303
8.69303
8.69303
6.56679
6.56679
8.69303
8.69303
8.69303
8.69303
8.69303
6.56679
8.69303
8.69303
8.69303
8.69303
8.69303
6.56679
8.69303
8.69303
8.69303
8.69303
8.69303
8.69303
8.69303
8.69303
8.69303
8.69303
8.69303
8.69303
6.56679
8.69303
8.69303
8.69303
8.69303
8.69303
6.56679
8.69303
8.69303
8.69303
8.69303
8.69303
6.56679
8.69303
8.69303
8.69303
8.69303
8.69303
8.69303
8.69303
8.69303
8.69303
8.69303
6.56679
6.56679
8.69303
8.69303
8.69303
8.69303
8.69303
6.56679
8.69303
8.69303
8.69303
8.69303
8.69303
8.69303
8.69303
8.69303
8.69303
8.69303
8.69303
6.56679
6.56679
8.69303
8.69303
8.69303
8.69303
6.56679
8.69303
8.69303
8.69303
8.69303
8.69303
6.56679
8.69303
8.69303
8.69303
8.69303
8.69303
6.56679
8.69303
8.69303
8.69303
8.69303
8.69303
8.69303
8.69303
8.69303
8.69303
8.69303
8.69303
8.69303
8.69303
8.69303
8.69303
8.69303
8.69303
6.56679
8.69303
8.69303
8.69303
8.69303
8.69303
6.56679
6.56679
8.69303
8.69303
8.69303
8.69303
6.56679
6.56679
8.69303
8.69303
8.69303
8.69303
8.69303
6.56679
8.69303
8.69303
8.69303
8.69303
8.69303
6.56679
8.69303
8.69303
8.69303
8.69303
8.69303
6.56679
8.69303
8.69303
8.69303
8.69303
8.69303
6.56679
6.56679
8.69303
8.69303
8.69303
8.69303
6.56679
8.69303
8.69303
8.69303
8.69303
8.69303
6.56679
8.69303
8.69303
8.69303
8.69303
8.69303
6.56679
8.69303
8.69303
8.69303
8.69303
8.69303
8.69303
8.69303
8.69303
8.69303
8.69303
6.56679
6.56679
6.56679
8.69303
8.69303
8.69303
8.69303
8.69303
8.69303
8.69303
8.69303
8.69303
8.69303
8.69303
8.69303
8.69303
8.69303
8.69303
8.69303
8.69303
6.56679
8.69303
8.69303
8.69303
8.69303
8.69303
6.56679
8.69303
8.69303
8.69303
8.69303
8.69303
8.69303
8.69303
8.69303
8.69303
8.69303
8.69303
8.69303
8.69303
8.69303
8.69303
8.69303
6.56679
6.56679
8.69303
8.69303
8.69303
8.69303
8.69303
6.56679
8.69303
8.69303
8.69303
8.69303
8.69303
8.69303
8.69303
8.69303
8.69303
8.69303
8.69303
8.69303
8.69303
8.69303
8.69303
8.69303
8.69303
6.56679
6.56679
8.69303
8.69303
8.69303
8.69303
8.69303
6.56679
8.69303
8.69303
8.69303
8.69303
8.69303
6.56679
8.69303
8.69303
8.69303
8.69303
8.69303
6.56679
8.69303
8.69303
8.69303
8.69303
6.56679
6.56679
8.69303
8.69303
8.69303
8.69303
6.56679
6.56679
8.69303
8.69303
8.69303
8.69303
8.69303
8.69303
6.56679
8.69303
8.69303
8.69303
8.69303
8.69303
8.69303
8.69303
8.69303
8.69303
8.69303
6.56679
8.69303
8.69303
8.69303
8.69303
8.69303
8.69303
6.56679
8.69303
8.69303
8.69303
8.69303
8.69303
6.56679
8.69303
8.69303
8.69303
8.69303
8.69303
6.56679
8.69303
8.69303
8.69303
8.69303
8.69303
8.69303
8.69303
8.69303
8.69303
8.69303
8.69303
8.69303
6.56679
8.69303
8.69303
8.69303
8.69303
8.69303
8.69303
6.56679
8.69303
8.69303
8.69303
8.69303
8.69303
8.69303
8.69303
8.69303
8.69303
8.69303
6.56679
6.56679
8.69303
8.69303
8.69303
8.69303
8.69303
6.56679
8.69303
8.69303
8.69303
8.69303
8.69303
6.56679
8.69303
8.69303
8.69303
8.69303
8.69303
8.69303
8.69303
8.69303
8.69303
8.69303
8.69303
8.69303
6.56679
8.69303
8.69303
8.69303
8.69303
6.56679
8.69303
8.69303
8.69303
8.69303
8.69303
8.69303
6.56679
8.69303
8.69303
8.69303
8.69303
8.69303
6.56679
8.69303
8.69303
8.69303
8.69303
8.69303
8.69303
6.56679
8.69303
8.69303
8.69303
8.69303
8.69303
6.56679
8.69303
8.69303
8.69303
8.69303
6.56679
8.69303
8.69303
8.69303
8.69303
8.69303
6.56679
6.56679
8.69303
8.69303
8.69303
8.69303
8.69303
6.56679
8.69303
8.69303
8.69303
8.69303
8.69303
6.56679
8.69303
8.69303
8.69303
8.69303
8.69303
6.56679
6.56679
8.69303
8.69303
8.69303
8.69303
8.69303
6.56679
8.69303
8.69303
8.69303
8.69303
8.69303
6.56679
8.69303
8.69303
8.69303
8.69303
8.69303
6.56679
8.69303
8.69303
8.69303
8.69303
8.69303
8.69303
8.69303
8.69303
8.69303
8.69303
8.69303
8.69303
6.56679
8.69303
8.69303
8.69303
8.69303
8.69303
6.56679
8.69303
8.69303
8.69303
8.69303
6.56679
8.69303
8.69303
8.69303
8.69303
8.69303
8.69303
8.69303
8.69303
8.69303
8.69303
8.69303
6.56679
6.56679
8.69303
8.69303
8.69303
8.69303
8.69303
6.56679
8.69303
8.69303
8.69303
8.69303
8.69303
8.69303
6.56679
8.69303
8.69303
8.69303
8.69303
6.56679
8.69303
8.69303
8.69303
8.69303
8.69303
8.69303
8.69303
8.69303
8.69303
8.69303
6.56679
6.56679
8.69303
8.69303
8.69303
8.69303
8.69303
8.69303
6.56679
8.69303
8.69303
8.69303
8.69303
8.69303
6.56679
8.69303
8.69303
8.69303
8.69303
8.69303
8.69303
8.69303
8.69303
8.69303
8.69303
8.69303
8.69303
6.56679
8.69303
8.69303
8.69303
8.69303
8.69303
6.56679
8.69303
8.69303
8.69303
8.69303
8.69303
6.56679
6.56679
8.69303
8.69303
8.69303
6.56679
8.69303
8.69303
8.69303
8.69303
8.69303
8.69303
8.69303
6.56679
8.69303
8.69303
8.69303
8.69303
8.69303
6.56679
8.69303
8.69303
8.69303
8.69303
8.69303
8.69303
8.69303
8.69303
8.69303
8.69303
8.69303
8.69303
6.56679
8.69303
8.69303
8.69303
8.69303
8.69303
8.69303
6.56679
8.69303
8.69303
8.69303
8.69303
8.69303
8.69303
8.69303
8.69303
8.69303
8.69303
6.56679
6.56679
8.69303
8.69303
8.69303
8.69303
8.69303
8.69303
6.56679
8.69303
8.69303
8.69303
8.69303
6.56679
8.69303
8.69303
8.69303
8.69303
8.69303
6.56679
8.69303
8.69303
8.69303
8.69303
8.69303
6.56679
6.56679
8.69303
8.69303
8.69303
8.69303
8.69303
6.56679
8.69303
8.69303
8.69303
8.69303
8.69303
6.56679
8.69303
8.69303
8.69303
8.69303
8.69303
6.56679
6.56679
8.69303
8.69303
8.69303
8.69303
8.69303
8.69303
6.56679
8.69303
8.69303
8.69303
8.69303
8.69303
8.69303
8.69303
8.69303
8.69303
8.69303
8.69303
8.69303
6.56679
8.69303
8.69303
8.69303
8.69303
8.69303
6.56679
8.69303
8.69303
8.69303
8.69303
8.69303
8.69303
8.69303
8.69303
8.69303
8.69303
6.56679
6.56679
8.69303
8.69303
8.69303
8.69303
8.69303
6.56679
8.69303
8.69303
8.69303
8.69303
8.69303
8.69303
8.69303
8.69303
8.69303
8.69303
8.69303
8.69303
8.69303
8.69303
8.69303
8.69303
8.69303
8.69303
6.56679
8.69303
8.69303
8.69303
8.69303
8.69303
6.56679
8.69303
8.69303
8.69303
8.69303
8.69303
6.56679
8.69303
8.69303
8.69303
8.69303
6.56679
6.56679
8.69303
8.69303
8.69303
8.69303
8.69303
6.56679
8.69303
8.69303
8.69303
8.69303
8.69303
6.56679
8.69303
8.69303
8.69303
8.69303
8.69303
8.69303
8.69303
8.69303
8.69303
8.69303
8.69303
6.56679
8.69303
8.69303
8.69303
8.69303
8.69303
8.69303
6.56679
8.69303
8.69303
8.69303
8.69303
8.69303
6.56679
8.69303
8.69303
8.69303
8.69303
6.56679
6.56679
8.69303
8.69303
8.69303
8.69303
6.56679
6.56679
8.69303
8.69303
8.69303
8.69303
8.69303
6.56679
8.69303
8.69303
8.69303
8.69303
8.69303
8.69303
8.69303
8.69303
8.69303
8.69303
8.69303
6.56679
6.56679
8.69303
8.69303
8.69303
8.69303
8.69303
6.56679
8.69303
8.69303
8.69303
8.69303
8.69303
6.56679
8.69303
8.69303
8.69303
8.69303
8.69303
8.69303
8.69303
8.69303
8.69303
8.69303
8.69303
8.69303
6.56679
6.56679
8.69303
8.69303
8.69303
8.69303
8.69303
6.56679
8.69303
8.69303
8.69303
8.69303
8.69303
8.69303
8.69303
8.69303
8.69303
8.69303
8.69303
6.56679
6.56679
8.69303
8.69303
8.69303
8.69303
8.69303
6.56679
8.69303
8.69303
8.69303
8.69303
8.69303
8.69303
6.56679
8.69303
8.69303
8.69303
8.69303
6.56679
6.56679
8.69303
8.69303
8.69303
8.69303
8.69303
8.69303
6.56679
8.69303
8.69303
8.69303
8.69303
8.69303
6.56679
8.69303
8.69303
8.69303
8.69303
8.69303
6.56679
6.56679
8.69303
8.69303
8.69303
8.69303
8.69303
6.56679
8.69303
8.69303
8.69303
8.69303
8.69303
8.69303
6.56679
8.69303
8.69303
8.69303
8.69303
6.56679
8.69303
8.69303
8.69303
8.69303
8.69303
6.56679
6.56679
8.69303
8.69303
8.69303
8.69303
8.69303
8.69303
6.56679
8.69303
8.69303
8.69303
8.69303
8.69303
6.56679
8.69303
8.69303
8.69303
8.69303
6.56679
6.56679
8.69303
8.69303
8.69303
8.69303
6.56679
6.56679
8.69303
8.69303
8.69303
8.69303
8.69303
6.56679
8.69303
8.69303
8.69303
8.69303
8.69303
8.69303
8.69303
8.69303
8.69303
8.69303
8.69303
8.69303
6.56679
8.69303
8.69303
8.69303
8.69303
8.69303
6.56679
8.69303
8.69303
8.69303
8.69303
8.69303
6.56679
8.69303
8.69303
8.69303
8.69303
8.69303
8.69303
6.56679
8.69303
8.69303
8.69303
8.69303
8.69303
8.69303
8.69303
8.69303
8.69303
8.69303
8.69303
8.69303
8.69303
8.69303
8.69303
8.69303
8.69303
8.69303
6.56679
8.69303
8.69303
8.69303
8.69303
8.69303
6.56679
8.69303
8.69303
8.69303
8.69303
8.69303
8.69303
8.69303
8.69303
8.69303
8.69303
8.69303
6.56679
6.56679
8.69303
8.69303
8.69303
8.69303
8.69303
6.56679
8.69303
8.69303
8.69303
8.69303
8.69303
8.69303
8.69303
8.69303
8.69303
8.69303
8.69303
6.56679
8.69303
8.69303
8.69303
8.69303
8.69303
8.69303
6.56679
8.69303
8.69303
8.69303
8.69303
8.69303
6.56679
8.69303
8.69303
8.69303
8.69303
8.69303
8.69303
8.69303
8.69303
8.69303
8.69303
8.69303
6.56679
6.56679
8.69303
8.69303
8.69303
8.69303
8.69303
6.56679
8.69303
8.69303
8.69303
8.69303
8.69303
6.56679
8.69303
8.69303
8.69303
8.69303
6.56679
6.56679
8.69303
8.69303
8.69303
8.69303
8.69303
8.69303
6.56679
8.69303
8.69303
8.69303
8.69303
8.69303
6.56679
8.69303
8.69303
8.69303
8.69303
6.56679
6.56679
8.69303
8.69303
8.69303
8.69303
8.69303
6.56679
8.69303
8.69303
8.69303
8.69303
8.69303
6.56679
8.69303
8.69303
8.69303
8.69303
8.69303
8.69303
8.69303
8.69303
8.69303
8.69303
8.69303
8.69303
6.56679
8.69303
8.69303
8.69303
8.69303
8.69303
6.56679
8.69303
8.69303
8.69303
8.69303
8.69303
6.56679
6.56679
8.69303
8.69303
8.69303
8.69303
8.69303
6.56679
8.69303
8.69303
8.69303
8.69303
8.69303
6.56679
8.69303
8.69303
8.69303
8.69303
8.69303
6.56679
6.56679
8.69303
8.69303
8.69303
8.69303
8.69303
6.56679
8.69303
8.69303
8.69303
8.69303
8.69303
6.56679
8.69303
8.69303
8.69303
8.69303
8.69303
6.56679
8.69303
8.69303
8.69303
8.69303
8.69303
8.69303
8.69303
8.69303
8.69303
8.69303
8.69303
6.56679
6.56679
8.69303
8.69303
8.69303
8.69303
8.69303
6.56679
8.69303
8.69303
8.69303
8.69303
8.69303
8.69303
8.69303
8.69303
8.69303
8.69303
8.69303
8.69303
6.56679
8.69303
8.69303
8.69303
8.69303
8.69303
6.56679
8.69303
8.69303
8.69303
8.69303
8.69303
6.56679
8.69303
8.69303
8.69303
8.69303
8.69303
6.56679
8.69303
8.69303
8.69303
8.69303
8.69303
8.69303
8.69303
8.69303
8.69303
8.69303
8.69303
6.56679
8.69303
8.69303
8.69303
8.69303
8.69303
8.69303
8.69303
6.56679
8.69303
8.69303
8.69303
8.69303
8.69303
6.56679
8.69303
8.69303
8.69303
8.69303
8.69303
6.56679
8.69303
8.69303
8.69303
8.69303
8.69303
6.56679
8.69303
8.69303
8.69303
8.69303
8.69303
8.69303
8.69303
8.69303
8.69303
8.69303
8.69303
8.69303
8.69303
8.69303
8.69303
8.69303
8.69303
8.69303
8.69303
8.69303
8.69303
8.69303
8.69303
6.56679
6.56679
8.69303
8.69303
8.69303
8.69303
8.69303
8.69303
6.56679
8.69303
8.69303
8.69303
8.69303
8.69303
8.69303
6.56679
8.69303
8.69303
8.69303
8.69303
8.69303
6.56679
8.69303
8.69303
8.69303
8.69303
8.69303
6.56679
8.69303
8.69303
8.69303
8.69303
8.69303
8.69303
8.69303
8.69303
8.69303
8.69303
8.69303
8.69303
8.69303
8.69303
8.69303
8.69303
8.69303
6.56679
6.56679
8.69303
8.69303
8.69303
8.69303
8.69303
6.56679
8.69303
8.69303
8.69303
8.69303
8.69303
8.69303
6.56679
8.69303
8.69303
8.69303
8.69303
8.69303
6.56679
8.69303
8.69303
8.69303
8.69303
8.69303
6.56679
8.69303
8.69303
8.69303
8.69303
8.69303
6.56679
6.56679
8.69303
8.69303
8.69303
8.69303
6.56679
8.69303
8.69303
8.69303
8.69303
8.69303
8.69303
6.56679
8.69303
8.69303
8.69303
8.69303
8.69303
6.56679
8.69303
8.69303
8.69303
8.69303
6.56679
6.56679
8.69303
8.69303
8.69303
8.69303
8.69303
6.56679
8.69303
8.69303
8.69303
8.69303
8.69303
8.69303
8.69303
8.69303
8.69303
8.69303
8.69303
6.56679
6.56679
8.69303
8.69303
8.69303
8.69303
8.69303
6.56679
8.69303
8.69303
8.69303
8.69303
8.69303
6.56679
8.69303
8.69303
8.69303
8.69303
6.56679
8.69303
8.69303
8.69303
8.69303
8.69303
6.56679
6.56679
8.69303
8.69303
8.69303
8.69303
8.69303
8.69303
6.56679
8.69303
8.69303
8.69303
8.69303
8.69303
8.69303
8.69303
8.69303
8.69303
8.69303
8.69303
8.69303
8.69303
8.69303
8.69303
8.69303
6.56679
6.56679
8.69303
8.69303
8.69303
8.69303
8.69303
8.69303
6.56679
8.69303
8.69303
8.69303
8.69303
8.69303
8.69303
8.69303
8.69303
8.69303
8.69303
8.69303
8.69303
8.69303
8.69303
8.69303
8.69303
6.56679
6.56679
8.69303
8.69303
8.69303
8.69303
8.69303
6.56679
8.69303
8.69303
8.69303
8.69303
8.69303
6.56679
8.69303
8.69303
8.69303
8.69303
8.69303
8.69303
8.69303
8.69303
8.69303
8.69303
8.69303
8.69303
8.69303
8.69303
8.69303
8.69303
8.69303
6.56679
8.69303
8.69303
8.69303
8.69303
8.69303
8.69303
6.56679
8.69303
8.69303
8.69303
8.69303
8.69303
8.69303
8.69303
8.69303
8.69303
8.69303
8.69303
8.69303
8.69303
8.69303
8.69303
8.69303
6.56679
6.56679
8.69303
8.69303
8.69303
8.69303
8.69303
6.56679
8.69303
8.69303
8.69303
8.69303
8.69303
8.69303
8.69303
8.69303
8.69303
8.69303
8.69303
6.56679
6.56679
8.69303
8.69303
8.69303
8.69303
8.69303
6.56679
8.69303
8.69303
8.69303
8.69303
8.69303
6.56679
8.69303
8.69303
8.69303
8.69303
8.69303
8.69303
8.69303
8.69303
8.69303
8.69303
6.56679
6.56679
8.69303
8.69303
8.69303
8.69303
8.69303
8.69303
6.56679
8.69303
8.69303
8.69303
8.69303
8.69303
6.56679
8.69303
8.69303
8.69303
8.69303
8.69303
6.56679
8.69303
8.69303
8.69303
8.69303
8.69303
6.56679
8.69303
8.69303
8.69303
8.69303
8.69303
6.56679
8.69303
8.69303
8.69303
8.69303
8.69303
6.56679
8.69303
8.69303
8.69303
8.69303
8.69303
8.69303
8.69303
8.69303
8.69303
8.69303
8.69303
6.56679
6.56679
8.69303
8.69303
8.69303
8.69303
6.56679
6.56679
8.69303
8.69303
8.69303
8.69303
8.69303
6.56679
8.69303
8.69303
8.69303
8.69303
8.69303
8.69303
6.56679
8.69303
8.69303
8.69303
8.69303
8.69303
6.56679
8.69303
8.69303
8.69303
8.69303
8.69303
6.56679
8.69303
8.69303
8.69303
8.69303
8.69303
6.56679
8.69303
8.69303
8.69303
8.69303
8.69303
8.69303
8.69303
8.69303
8.69303
8.69303
8.69303
6.56679
8.69303
8.69303
8.69303
8.69303
8.69303
6.56679
6.56679
8.69303
8.69303
8.69303
8.69303
8.69303
6.56679
8.69303
8.69303
8.69303
8.69303
8.69303
6.56679
8.69303
8.69303
8.69303
8.69303
8.69303
6.56679
8.69303
8.69303
8.69303
8.69303
8.69303
6.56679
8.69303
8.69303
8.69303
8.69303
8.69303
6.56679
8.69303
8.69303
8.69303
8.69303
8.69303
6.56679
8.69303
8.69303
8.69303
8.69303
8.69303
6.56679
8.69303
8.69303
8.69303
8.69303
8.69303
6.56679
6.56679
8.69303
8.69303
8.69303
8.69303
6.56679
6.56679
8.69303
8.69303
8.69303
8.69303
8.69303
8.69303
6.56679
8.69303
8.69303
8.69303
8.69303
8.69303
6.56679
8.69303
8.69303
8.69303
8.69303
8.69303
6.56679
8.69303
8.69303
8.69303
8.69303
8.69303
6.56679
8.69303
8.69303
8.69303
8.69303
8.69303
8.69303
6.56679
8.69303
8.69303
8.69303
8.69303
8.69303
6.56679
8.69303
8.69303
8.69303
8.69303
8.69303
6.56679
8.69303
8.69303
8.69303
8.69303
8.69303
8.69303
6.56679
8.69303
8.69303
8.69303
8.69303
8.69303
6.56679
8.69303
8.69303
8.69303
8.69303
8.69303
6.56679
8.69303
8.69303
8.69303
8.69303
8.69303
8.69303
6.56679
8.69303
8.69303
8.69303
8.69303
6.56679
8.69303
8.69303
8.69303
8.69303
8.69303
8.69303
6.56679
8.69303
8.69303
8.69303
8.69303
8.69303
8.69303
8.69303
8.69303
8.69303
8.69303
8.69303
8.69303
6.56679
8.69303
8.69303
8.69303
8.69303
8.69303
6.56679
8.69303
8.69303
8.69303
8.69303
8.69303
6.56679
6.56679
8.69303
8.69303
8.69303
8.69303
6.56679
6.56679
8.69303
8.69303
8.69303
8.69303
8.69303
6.56679
6.56679
8.69303
8.69303
8.69303
8.69303
8.69303
6.56679
8.69303
8.69303
8.69303
8.69303
8.69303
6.56679
8.69303
8.69303
8.69303
8.69303
8.69303
6.56679
6.56679
8.69303
8.69303
8.69303
8.69303
6.56679
6.56679
8.69303
8.69303
8.69303
8.69303
6.56679
8.69303
8.69303
8.69303
8.69303
8.69303
6.56679
8.69303
8.69303
8.69303
8.69303
8.69303
8.69303
6.56679
8.69303
8.69303
8.69303
8.69303
8.69303
6.56679
8.69303
8.69303
8.69303
8.69303
8.69303
6.56679
8.69303
8.69303
8.69303
8.69303
8.69303
6.56679
8.69303
8.69303
8.69303
8.69303
8.69303
8.69303
6.56679
8.69303
8.69303
8.69303
8.69303
8.69303
6.56679
8.69303
8.69303
8.69303
8.69303
8.69303
6.56679
8.69303
8.69303
8.69303
8.69303
8.69303
6.56679
6.56679
8.69303
8.69303
8.69303
8.69303
6.56679
6.56679
8.69303
8.69303
8.69303
8.69303
8.69303
6.56679
8.69303
8.69303
8.69303
8.69303
8.69303
6.56679
8.69303
8.69303
8.69303
8.69303
8.69303
8.69303
8.69303
8.69303
8.69303
8.69303
8.69303
8.69303
6.56679
8.69303
8.69303
8.69303
8.69303
8.69303
6.56679
8.69303
8.69303
8.69303
8.69303
8.69303
6.56679
8.69303
8.69303
8.69303
8.69303
8.69303
8.69303
8.69303
8.69303
8.69303
8.69303
6.56679
6.56679
8.69303
8.69303
8.69303
8.69303
8.69303
6.56679
8.69303
8.69303
8.69303
8.69303
8.69303
8.69303
8.69303
8.69303
8.69303
8.69303
8.69303
8.69303
6.56679
6.56679
8.69303
8.69303
8.69303
8.69303
6.56679
8.69303
8.69303
8.69303
8.69303
6.56679
6.56679
8.69303
8.69303
8.69303
8.69303
8.69303
8.69303
6.56679
8.69303
8.69303
8.69303
8.69303
8.69303
6.56679
8.69303
8.69303
8.69303
8.69303
8.69303
8.69303
8.69303
8.69303
8.69303
8.69303
6.56679
6.56679
8.69303
8.69303
8.69303
8.69303
8.69303
6.56679
8.69303
8.69303
8.69303
8.69303
8.69303
6.56679
8.69303
8.69303
8.69303
8.69303
8.69303
8.69303
8.69303
8.69303
8.69303
8.69303
8.69303
6.56679
6.56679
8.69303
8.69303
8.69303
8.69303
8.69303
8.69303
6.56679
8.69303
8.69303
8.69303
8.69303
6.56679
8.69303
8.69303
8.69303
8.69303
8.69303
8.69303
8.69303
8.69303
8.69303
8.69303
8.69303
8.69303
6.56679
8.69303
8.69303
8.69303
8.69303
8.69303
6.56679
8.69303
8.69303
8.69303
8.69303
8.69303
6.56679
8.69303
8.69303
8.69303
8.69303
8.69303
8.69303
8.69303
8.69303
8.69303
8.69303
6.56679
6.56679
8.69303
8.69303
8.69303
8.69303
8.69303
8.69303
6.56679
8.69303
8.69303
8.69303
8.69303
8.69303
6.56679
6.56679
8.69303
8.69303
8.69303
8.69303
8.69303
6.56679
8.69303
8.69303
8.69303
8.69303
8.69303
6.56679
8.69303
8.69303
8.69303
8.69303
8.69303
8.69303
6.56679
8.69303
8.69303
8.69303
8.69303
8.69303
6.56679
8.69303
8.69303
8.69303
8.69303
8.69303
6.56679
8.69303
8.69303
8.69303
8.69303
8.69303
8.69303
8.69303
8.69303
8.69303
8.69303
8.69303
6.56679
8.69303
8.69303
8.69303
8.69303
8.69303
6.56679
8.69303
8.69303
8.69303
8.69303
8.69303
8.69303
8.69303
8.69303
8.69303
8.69303
6.56679
6.56679
8.69303
8.69303
8.69303
8.69303
8.69303
6.56679
8.69303
8.69303
8.69303
8.69303
8.69303
6.56679
8.69303
8.69303
8.69303
8.69303
8.69303
6.56679
8.69303
8.69303
8.69303
8.69303
8.69303
6.56679
6.56679
8.69303
8.69303
8.69303
8.69303
6.56679
6.56679
8.69303
8.69303
8.69303
8.69303
8.69303
8.69303
6.56679
8.69303
8.69303
8.69303
8.69303
6.56679
6.56679
8.69303
8.69303
8.69303
8.69303
8.69303
8.69303
8.69303
8.69303
8.69303
8.69303
8.69303
8.69303
8.69303
8.69303
8.69303
8.69303
8.69303
8.69303
6.56679
8.69303
8.69303
8.69303
8.69303
8.69303
6.56679
8.69303
8.69303
8.69303
8.69303
8.69303
8.69303
8.69303
8.69303
8.69303
8.69303
8.69303
6.56679
8.69303
8.69303
8.69303
8.69303
8.69303
8.69303
6.56679
8.69303
8.69303
8.69303
8.69303
8.69303
6.56679
8.69303
8.69303
8.69303
8.69303
8.69303
8.69303
8.69303
8.69303
8.69303
8.69303
8.69303
8.69303
6.56679
8.69303
8.69303
8.69303
8.69303
8.69303
6.56679
8.69303
8.69303
8.69303
8.69303
8.69303
8.69303
8.69303
8.69303
8.69303
8.69303
8.69303
8.69303
6.56679
8.69303
8.69303
8.69303
6.56679
6.56679
8.69303
8.69303
8.69303
8.69303
8.69303
8.69303
6.56679
8.69303
8.69303
8.69303
8.69303
8.69303
8.69303
8.69303
8.69303
8.69303
8.69303
8.69303
8.69303
6.56679
8.69303
8.69303
8.69303
8.69303
8.69303
8.69303
6.56679
8.69303
8.69303
8.69303
8.69303
8.69303
8.69303
8.69303
8.69303
8.69303
8.69303
6.56679
6.56679
8.69303
8.69303
8.69303
8.69303
8.69303
6.56679
8.69303
8.69303
8.69303
8.69303
8.69303
6.56679
8.69303
8.69303
8.69303
8.69303
8.69303
8.69303
8.69303
8.69303
8.69303
8.69303
6.56679
6.56679
8.69303
8.69303
8.69303
8.69303
8.69303
6.56679
8.69303
8.69303
8.69303
8.69303
8.69303
8.69303
8.69303
8.69303
8.69303
8.69303
8.69303
8.69303
6.56679
8.69303
8.69303
8.69303
8.69303
8.69303
6.56679
8.69303
8.69303
8.69303
8.69303
8.69303
6.56679
8.69303
8.69303
8.69303
8.69303
8.69303
8.69303
8.69303
8.69303
8.69303
8.69303
8.69303
8.69303
6.56679
8.69303
8.69303
8.69303
8.69303
8.69303
6.56679
8.69303
8.69303
8.69303
8.69303
6.56679
8.69303
8.69303
8.69303
8.69303
8.69303
8.69303
8.69303
8.69303
8.69303
8.69303
8.69303
6.56679
6.56679
8.69303
8.69303
8.69303
8.69303
8.69303
6.56679
8.69303
8.69303
8.69303
8.69303
8.69303
6.56679
8.69303
8.69303
8.69303
8.69303
8.69303
8.69303
6.56679
8.69303
8.69303
8.69303
8.69303
8.69303
6.56679
8.69303
8.69303
8.69303
8.69303
8.69303
8.69303
6.56679
8.69303
8.69303
8.69303
8.69303
8.69303
6.56679
8.69303
8.69303
8.69303
8.69303
8.69303
6.56679
8.69303
8.69303
8.69303
8.69303
8.69303
6.56679
8.69303
8.69303
8.69303
8.69303
8.69303
8.69303
6.56679
8.69303
8.69303
8.69303
8.69303
6.56679
8.69303
8.69303
8.69303
8.69303
8.69303
8.69303
6.56679
8.69303
8.69303
8.69303
8.69303
8.69303
8.69303
6.56679
8.69303
8.69303
8.69303
8.69303
8.69303
6.56679
8.69303
8.69303
8.69303
8.69303
8.69303
8.69303
6.56679
8.69303
8.69303
8.69303
8.69303
6.56679
8.69303
8.69303
8.69303
8.69303
8.69303
8.69303
6.56679
8.69303
8.69303
8.69303
8.69303
8.69303
6.56679
8.69303
8.69303
8.69303
8.69303
8.69303
6.56679
8.69303
8.69303
8.69303
8.69303
8.69303
8.69303
8.69303
8.69303
8.69303
8.69303
8.69303
8.69303
8.69303
8.69303
8.69303
8.69303
8.69303
8.69303
6.56679
8.69303
8.69303
8.69303
8.69303
8.69303
6.56679
8.69303
8.69303
8.69303
8.69303
8.69303
6.56679
8.69303
8.69303
8.69303
8.69303
8.69303
8.69303
6.56679
8.69303
8.69303
8.69303
8.69303
6.56679
8.69303
8.69303
8.69303
8.69303
8.69303
8.69303
6.56679
8.69303
8.69303
8.69303
8.69303
8.69303
6.56679
8.69303
8.69303
8.69303
8.69303
8.69303
6.56679
6.56679
8.69303
8.69303
8.69303
8.69303
6.56679
8.69303
8.69303
8.69303
8.69303
8.69303
8.69303
8.69303
6.56679
8.69303
8.69303
8.69303
8.69303
8.69303
6.56679
8.69303
8.69303
8.69303
8.69303
6.56679
6.56679
8.69303
8.69303
8.69303
8.69303
6.56679
6.56679
8.69303
8.69303
8.69303
8.69303
8.69303
8.69303
6.56679
8.69303
8.69303
8.69303
8.69303
6.56679
6.56679
8.69303
8.69303
8.69303
8.69303
6.56679
8.69303
8.69303
8.69303
8.69303
8.69303
8.69303
8.69303
8.69303
8.69303
8.69303
8.69303
8.69303
6.56679
6.56679
8.69303
8.69303
8.69303
8.69303
8.69303
8.69303
6.56679
8.69303
8.69303
8.69303
8.69303
8.69303
6.56679
6.56679
6.56679
8.69303
8.69303
8.69303
8.69303
8.69303
6.56679
8.69303
8.69303
8.69303
8.69303
8.69303
8.69303
6.56679
8.69303
8.69303
8.69303
8.69303
8.69303
6.56679
8.69303
8.69303
8.69303
8.69303
8.69303
8.69303
6.56679
8.69303
8.69303
8.69303
8.69303
8.69303
8.69303
8.69303
8.69303
8.69303
8.69303
8.69303
8.69303
6.56679
8.69303
8.69303
8.69303
8.69303
8.69303
8.69303
6.56679
8.69303
8.69303
8.69303
8.69303
8.69303
8.69303
6.56679
8.69303
8.69303
8.69303
8.69303
8.69303
6.56679
8.69303
8.69303
8.69303
8.69303
8.69303
8.69303
8.69303
8.69303
8.69303
8.69303
8.69303
8.69303
8.69303
8.69303
8.69303
8.69303
8.69303
8.69303
8.69303
8.69303
6.56679
6.56679
8.69303
8.69303
8.69303
8.69303
6.56679
8.69303
8.69303
8.69303
8.69303
8.69303
8.69303
8.69303
8.69303
8.69303
8.69303
8.69303
8.69303
8.69303
6.56679
8.69303
8.69303
8.69303
8.69303
6.56679
6.56679
8.69303
8.69303
8.69303
8.69303
6.56679
8.69303
8.69303
8.69303
8.69303
8.69303
8.69303
6.56679
6.56679
8.69303
8.69303
8.69303
8.69303
6.56679
8.69303
8.69303
8.69303
8.69303
8.69303
8.69303
8.69303
8.69303
8.69303
8.69303
8.69303
8.69303
8.69303
8.69303
8.69303
8.69303
8.69303
8.69303
8.69303
6.56679
8.69303
8.69303
8.69303
8.69303
8.69303
6.56679
8.69303
8.69303
8.69303
8.69303
8.69303
8.69303
6.56679
8.69303
8.69303
8.69303
8.69303
8.69303
6.56679
8.69303
8.69303
8.69303
8.69303
8.69303
6.56679
8.69303
8.69303
8.69303
6.56679
6.56679
8.69303
8.69303
8.69303
8.69303
6.56679
6.56679
8.69303
8.69303
8.69303
8.69303
8.69303
8.69303
6.56679
8.69303
8.69303
8.69303
8.69303
8.69303
6.56679
8.69303
8.69303
8.69303
8.69303
8.69303
6.56679
8.69303
8.69303
8.69303
8.69303
8.69303
6.56679
8.69303
8.69303
8.69303
8.69303
8.69303
6.56679
8.69303
8.69303
8.69303
8.69303
8.69303
6.56679
8.69303
8.69303
8.69303
8.69303
8.69303
8.69303
6.56679
8.69303
8.69303
8.69303
8.69303
8.69303
6.56679
8.69303
8.69303
8.69303
8.69303
8.69303
6.56679
8.69303
8.69303
8.69303
8.69303
8.69303
6.56679
8.69303
8.69303
8.69303
8.69303
8.69303
8.69303
6.56679
8.69303
8.69303
8.69303
8.69303
8.69303
6.56679
8.69303
8.69303
8.69303
8.69303
6.56679
6.56679
8.69303
8.69303
8.69303
8.69303
8.69303
8.69303
6.56679
8.69303
8.69303
8.69303
8.69303
8.69303
6.56679
8.69303
8.69303
8.69303
8.69303
8.69303
8.69303
6.56679
8.69303
8.69303
8.69303
8.69303
8.69303
6.56679
8.69303
8.69303
8.69303
8.69303
8.69303
6.56679
8.69303
8.69303
8.69303
8.69303
8.69303
8.69303
6.56679
8.69303
8.69303
8.69303
8.69303
8.69303
8.69303
8.69303
8.69303
8.69303
8.69303
8.69303
8.69303
8.69303
8.69303
8.69303
8.69303
8.69303
6.56679
6.56679
8.69303
8.69303
8.69303
8.69303
8.69303
6.56679
8.69303
8.69303
8.69303
8.69303
8.69303
6.56679
8.69303
8.69303
8.69303
8.69303
8.69303
6.56679
8.69303
8.69303
8.69303
8.69303
8.69303
6.56679
8.69303
8.69303
8.69303
8.69303
8.69303
8.69303
8.69303
8.69303
8.69303
8.69303
8.69303
8.69303
6.56679
8.69303
8.69303
8.69303
8.69303
8.69303
6.56679
8.69303
8.69303
8.69303
8.69303
8.69303
8.69303
6.56679
8.69303
8.69303
8.69303
8.69303
8.69303
6.56679
8.69303
8.69303
8.69303
8.69303
8.69303
6.56679
8.69303
8.69303
8.69303
8.69303
8.69303
6.56679
8.69303
8.69303
8.69303
8.69303
8.69303
8.69303
8.69303
8.69303
8.69303
8.69303
8.69303
6.56679
8.69303
8.69303
8.69303
8.69303
8.69303
6.56679
6.56679
8.69303
8.69303
8.69303
8.69303
8.69303
6.56679
8.69303
8.69303
8.69303
8.69303
6.56679
6.56679
8.69303
8.69303
8.69303
8.69303
8.69303
8.69303
6.56679
8.69303
8.69303
8.69303
8.69303
8.69303
6.56679
8.69303
8.69303
8.69303
8.69303
8.69303
8.69303
6.56679
8.69303
8.69303
8.69303
8.69303
8.69303
6.56679
8.69303
8.69303
8.69303
8.69303
8.69303
6.56679
8.69303
8.69303
8.69303
8.69303
8.69303
6.56679
8.69303
8.69303
8.69303
8.69303
8.69303
8.69303
6.56679
8.69303
8.69303
8.69303
8.69303
8.69303
6.56679
8.69303
8.69303
8.69303
8.69303
8.69303
8.69303
8.69303
8.69303
8.69303
8.69303
6.56679
6.56679
8.69303
8.69303
8.69303
8.69303
8.69303
6.56679
8.69303
8.69303
8.69303
8.69303
8.69303
6.56679
8.69303
8.69303
8.69303
8.69303
8.69303
6.56679
8.69303
8.69303
8.69303
8.69303
8.69303
8.69303
8.69303
8.69303
8.69303
8.69303
8.69303
8.69303
6.56679
8.69303
8.69303
8.69303
8.69303
6.56679
8.69303
8.69303
8.69303
8.69303
8.69303
8.69303
8.69303
8.69303
8.69303
8.69303
8.69303
8.69303
6.56679
8.69303
8.69303
8.69303
8.69303
8.69303
6.56679
8.69303
8.69303
8.69303
8.69303
8.69303
8.69303
6.56679
6.56679
8.69303
8.69303
8.69303
6.56679
6.56679
8.69303
8.69303
8.69303
8.69303
8.69303
6.56679
8.69303
8.69303
8.69303
8.69303
8.69303
6.56679
8.69303
8.69303
8.69303
8.69303
8.69303
8.69303
8.69303
8.69303
8.69303
8.69303
8.69303
6.56679
8.69303
8.69303
8.69303
8.69303
8.69303
6.56679
8.69303
8.69303
8.69303
8.69303
8.69303
6.56679
8.69303
8.69303
8.69303
8.69303
8.69303
6.56679
6.56679
8.69303
8.69303
8.69303
8.69303
8.69303
8.69303
6.56679
8.69303
8.69303
8.69303
8.69303
8.69303
6.56679
8.69303
8.69303
8.69303
8.69303
6.56679
6.56679
8.69303
8.69303
8.69303
8.69303
8.69303
8.69303
6.56679
8.69303
8.69303
8.69303
8.69303
8.69303
6.56679
8.69303
8.69303
8.69303
8.69303
6.56679
6.56679
8.69303
8.69303
8.69303
8.69303
8.69303
8.69303
6.56679
8.69303
8.69303
8.69303
8.69303
8.69303
8.69303
8.69303
8.69303
8.69303
8.69303
8.69303
8.69303
6.56679
8.69303
8.69303
8.69303
8.69303
8.69303
8.69303
6.56679
8.69303
8.69303
8.69303
8.69303
8.69303
6.56679
8.69303
8.69303
8.69303
8.69303
8.69303
6.56679
6.56679
8.69303
8.69303
8.69303
8.69303
8.69303
8.69303
8.69303
8.69303
8.69303
8.69303
6.56679
8.69303
8.69303
8.69303
8.69303
8.69303
8.69303
8.69303
6.56679
8.69303
8.69303
8.69303
8.69303
8.69303
6.56679
8.69303
8.69303
8.69303
8.69303
8.69303
6.56679
8.69303
8.69303
8.69303
8.69303
8.69303
8.69303
6.56679
8.69303
8.69303
8.69303
8.69303
8.69303
6.56679
8.69303
8.69303
8.69303
8.69303
8.69303
6.56679
8.69303
8.69303
8.69303
8.69303
8.69303
8.69303
8.69303
8.69303
8.69303
8.69303
8.69303
8.69303
8.69303
8.69303
8.69303
8.69303
8.69303
8.69303
8.69303
8.69303
8.69303
8.69303
8.69303
6.56679
6.56679
8.69303
8.69303
8.69303
8.69303
8.69303
8.69303
6.56679
8.69303
8.69303
8.69303
8.69303
8.69303
6.56679
8.69303
8.69303
8.69303
8.69303
8.69303
6.56679
8.69303
8.69303
8.69303
8.69303
8.69303
6.56679
6.56679
6.56679
8.69303
8.69303
8.69303
6.56679
6.56679
8.69303
8.69303
8.69303
8.69303
8.69303
8.69303
8.69303
8.69303
8.69303
8.69303
6.56679
6.56679
8.69303
8.69303
8.69303
8.69303
8.69303
8.69303
6.56679
8.69303
8.69303
8.69303
8.69303
8.69303
6.56679
8.69303
8.69303
8.69303
8.69303
8.69303
8.69303
6.56679
8.69303
8.69303
8.69303
8.69303
8.69303
6.56679
8.69303
8.69303
8.69303
8.69303
6.56679
8.69303
8.69303
8.69303
8.69303
8.69303
6.56679
8.69303
8.69303
8.69303
8.69303
8.69303
8.69303
6.56679
8.69303
8.69303
8.69303
8.69303
8.69303
8.69303
8.69303
8.69303
8.69303
8.69303
8.69303
8.69303
8.69303
8.69303
8.69303
8.69303
8.69303
8.69303
8.69303
8.69303
8.69303
8.69303
8.69303
8.69303
8.69303
6.56679
8.69303
8.69303
8.69303
8.69303
8.69303
6.56679
8.69303
8.69303
8.69303
8.69303
8.69303
6.56679
8.69303
8.69303
8.69303
8.69303
8.69303
8.69303
8.69303
8.69303
8.69303
8.69303
8.69303
6.56679
6.56679
8.69303
8.69303
8.69303
8.69303
8.69303
8.69303
6.56679
8.69303
8.69303
8.69303
8.69303
8.69303
6.56679
8.69303
8.69303
8.69303
8.69303
8.69303
8.69303
8.69303
8.69303
8.69303
8.69303
8.69303
6.56679
6.56679
8.69303
8.69303
8.69303
8.69303
6.56679
6.56679
8.69303
8.69303
8.69303
8.69303
6.56679
6.56679
8.69303
8.69303
8.69303
8.69303
8.69303
6.56679
8.69303
8.69303
8.69303
8.69303
6.56679
6.56679
8.69303
8.69303
8.69303
8.69303
8.69303
8.69303
6.56679
8.69303
8.69303
8.69303
8.69303
6.56679
8.69303
8.69303
8.69303
8.69303
8.69303
6.56679
8.69303
8.69303
8.69303
8.69303
8.69303
8.69303
6.56679
8.69303
8.69303
8.69303
8.69303
8.69303
6.56679
8.69303
8.69303
8.69303
8.69303
8.69303
8.69303
8.69303
8.69303
8.69303
8.69303
8.69303
6.56679
6.56679
8.69303
8.69303
8.69303
8.69303
8.69303
8.69303
8.69303
8.69303
8.69303
8.69303
6.56679
6.56679
8.69303
8.69303
8.69303
8.69303
8.69303
6.56679
8.69303
8.69303
8.69303
8.69303
6.56679
6.56679
8.69303
8.69303
8.69303
8.69303
8.69303
6.56679
8.69303
8.69303
8.69303
8.69303
8.69303
6.56679
8.69303
8.69303
8.69303
6.56679
8.69303
8.69303
8.69303
8.69303
8.69303
8.69303
8.69303
8.69303
8.69303
8.69303
8.69303
8.69303
8.69303
8.69303
8.69303
8.69303
8.69303
8.69303
8.69303
8.69303
8.69303
8.69303
8.69303
8.69303
8.69303
6.56679
8.69303
8.69303
8.69303
8.69303
8.69303
8.69303
6.56679
8.69303
8.69303
8.69303
8.69303
8.69303
6.56679
8.69303
8.69303
8.69303
8.69303
8.69303
6.56679
8.69303
8.69303
8.69303
8.69303
8.69303
8.69303
6.56679
8.69303
8.69303
8.69303
8.69303
8.69303
6.56679
8.69303
8.69303
8.69303
8.69303
8.69303
6.56679
8.69303
8.69303
8.69303
8.69303
8.69303
6.56679
8.69303
8.69303
8.69303
8.69303
8.69303
8.69303
6.56679
8.69303
8.69303
8.69303
8.69303
8.69303
6.56679
8.69303
8.69303
8.69303
8.69303
8.69303
6.56679
8.69303
8.69303
8.69303
8.69303
8.69303
8.69303
8.69303
8.69303
8.69303
8.69303
8.69303
6.56679
8.69303
8.69303
8.69303
8.69303
8.69303
6.56679
8.69303
8.69303
8.69303
8.69303
8.69303
8.69303
6.56679
8.69303
8.69303
8.69303
8.69303
8.69303
6.56679
8.69303
8.69303
8.69303
8.69303
8.69303
8.69303
6.56679
8.69303
8.69303
8.69303
8.69303
8.69303
6.56679
8.69303
8.69303
8.69303
8.69303
8.69303
8.69303
6.56679
8.69303
8.69303
8.69303
8.69303
8.69303
8.69303
6.56679
8.69303
8.69303
8.69303
8.69303
8.69303
8.69303
6.56679
8.69303
8.69303
8.69303
8.69303
8.69303
6.56679
8.69303
8.69303
8.69303
8.69303
8.69303
8.69303
6.56679
8.69303
8.69303
8.69303
8.69303
6.56679
8.69303
8.69303
8.69303
8.69303
8.69303
8.69303
6.56679
8.69303
8.69303
8.69303
8.69303
8.69303
6.56679
8.69303
8.69303
8.69303
8.69303
8.69303
8.69303
6.56679
8.69303
8.69303
8.69303
8.69303
8.69303
8.69303
6.56679
8.69303
8.69303
8.69303
8.69303
8.69303
6.56679
8.69303
8.69303
8.69303
8.69303
8.69303
6.56679
8.69303
8.69303
8.69303
8.69303
8.69303
6.56679
8.69303
8.69303
8.69303
8.69303
8.69303
8.69303
6.56679
8.69303
8.69303
8.69303
8.69303
8.69303
6.56679
6.56679
8.69303
8.69303
8.69303
8.69303
8.69303
8.69303
8.69303
8.69303
8.69303
8.69303
8.69303
6.56679
6.56679
8.69303
8.69303
8.69303
8.69303
8.69303
6.56679
6.56679
8.69303
8.69303
8.69303
8.69303
6.56679
6.56679
8.69303
8.69303
8.69303
8.69303
8.69303
6.56679
6.56679
8.69303
8.69303
8.69303
8.69303
8.69303
8.69303
8.69303
8.69303
8.69303
8.69303
8.69303
6.56679
6.56679
8.69303
8.69303
8.69303
8.69303
8.69303
8.69303
6.56679
8.69303
8.69303
8.69303
8.69303
8.69303
8.69303
8.69303
8.69303
8.69303
8.69303
8.69303
8.69303
8.69303
8.69303
8.69303
8.69303
8.69303
8.69303
8.69303
8.69303
8.69303
8.69303
8.69303
8.69303
6.56679
8.69303
8.69303
8.69303
8.69303
8.69303
6.56679
8.69303
8.69303
8.69303
8.69303
8.69303
8.69303
8.69303
8.69303
8.69303
8.69303
8.69303
8.69303
8.69303
6.56679
8.69303
8.69303
8.69303
8.69303
8.69303
8.69303
8.69303
8.69303
8.69303
8.69303
8.69303
8.69303
6.56679
8.69303
8.69303
8.69303
8.69303
8.69303
8.69303
6.56679
8.69303
8.69303
8.69303
8.69303
8.69303
6.56679
8.69303
8.69303
8.69303
8.69303
8.69303
6.56679
8.69303
8.69303
8.69303
8.69303
8.69303
6.56679
8.69303
8.69303
8.69303
8.69303
8.69303
8.69303
6.56679
8.69303
8.69303
8.69303
8.69303
8.69303
6.56679
8.69303
8.69303
8.69303
8.69303
8.69303
8.69303
6.56679
8.69303
8.69303
8.69303
8.69303
8.69303
6.56679
8.69303
8.69303
8.69303
8.69303
8.69303
8.69303
6.56679
6.56679
8.69303
8.69303
8.69303
8.69303
6.56679
8.69303
8.69303
8.69303
8.69303
8.69303
6.56679
8.69303
8.69303
8.69303
8.69303
8.69303
6.56679
8.69303
8.69303
8.69303
8.69303
8.69303
8.69303
6.56679
6.56679
8.69303
8.69303
8.69303
8.69303
8.69303
8.69303
8.69303
8.69303
8.69303
8.69303
8.69303
8.69303
8.69303
8.69303
8.69303
8.69303
8.69303
8.69303
6.56679
8.69303
8.69303
8.69303
8.69303
8.69303
8.69303
8.69303
8.69303
8.69303
8.69303
8.69303
8.69303
6.56679
8.69303
8.69303
8.69303
8.69303
8.69303
8.69303
6.56679
8.69303
8.69303
8.69303
8.69303
8.69303
8.69303
8.69303
8.69303
8.69303
8.69303
8.69303
8.69303
6.56679
6.56679
8.69303
8.69303
8.69303
8.69303
8.69303
8.69303
6.56679
8.69303
8.69303
8.69303
8.69303
8.69303
6.56679
6.56679
8.69303
8.69303
8.69303
8.69303
8.69303
8.69303
6.56679
8.69303
8.69303
8.69303
8.69303
8.69303
8.69303
6.56679
8.69303
8.69303
8.69303
8.69303
8.69303
8.69303
6.56679
8.69303
8.69303
8.69303
8.69303
8.69303
8.69303
6.56679
8.69303
8.69303
8.69303
8.69303
8.69303
8.69303
6.56679
8.69303
8.69303
8.69303
8.69303
8.69303
6.56679
8.69303
8.69303
8.69303
8.69303
8.69303
8.69303
6.56679
8.69303
8.69303
8.69303
8.69303
8.69303
8.69303
6.56679
8.69303
8.69303
8.69303
8.69303
8.69303
8.69303
6.56679
8.69303
8.69303
8.69303
8.69303
8.69303
8.69303
6.56679
8.69303
8.69303
8.69303
8.69303
8.69303
6.56679
8.69303
8.69303
8.69303
8.69303
8.69303
8.69303
8.69303
8.69303
8.69303
8.69303
8.69303
8.69303
8.69303
6.56679
8.69303
8.69303
8.69303
8.69303
8.69303
6.56679
8.69303
8.69303
8.69303
8.69303
8.69303
8.69303
8.69303
8.69303
8.69303
8.69303
8.69303
8.69303
6.56679
8.69303
8.69303
8.69303
8.69303
8.69303
8.69303
8.69303
8.69303
8.69303
8.69303
8.69303
8.69303
8.69303
8.69303
8.69303
8.69303
8.69303
8.69303
8.69303
6.56679
8.69303
8.69303
8.69303
8.69303
8.69303
8.69303
8.69303
8.69303
8.69303
8.69303
6.56679
6.56679
8.69303
8.69303
8.69303
8.69303
8.69303
8.69303
6.56679
8.69303
8.69303
8.69303
8.69303
8.69303
8.69303
8.69303
8.69303
8.69303
8.69303
8.69303
8.69303
8.69303
8.69303
8.69303
8.69303
6.56679
6.56679
8.69303
8.69303
8.69303
8.69303
8.69303
8.69303
6.56679
8.69303
8.69303
8.69303
8.69303
8.69303
8.69303
8.69303
8.69303
8.69303
8.69303
6.56679
6.56679
8.69303
8.69303
8.69303
8.69303
8.69303
6.56679
8.69303
8.69303
8.69303
8.69303
8.69303
8.69303
8.69303
8.69303
8.69303
8.69303
8.69303
6.56679
6.56679
8.69303
8.69303
8.69303
8.69303
8.69303
8.69303
6.56679
8.69303
8.69303
8.69303
8.69303
8.69303
8.69303
8.69303
8.69303
8.69303
8.69303
8.69303
8.69303
6.56679
8.69303
8.69303
8.69303
8.69303
8.69303
6.56679
8.69303
8.69303
8.69303
8.69303
8.69303
8.69303
6.56679
8.69303
8.69303
8.69303
8.69303
8.69303
8.69303
6.56679
8.69303
8.69303
8.69303
8.69303
8.69303
6.56679
8.69303
8.69303
8.69303
8.69303
8.69303
6.56679
8.69303
8.69303
8.69303
8.69303
8.69303
6.56679
8.69303
8.69303
8.69303
8.69303
8.69303
6.56679
8.69303
8.69303
8.69303
8.69303
8.69303
6.56679
8.69303
8.69303
8.69303
8.69303
8.69303
8.69303
6.56679
8.69303
8.69303
8.69303
8.69303
6.56679
6.56679
8.69303
8.69303
8.69303
8.69303
6.56679
6.56679
8.69303
8.69303
8.69303
8.69303
8.69303
8.69303
8.69303
8.69303
8.69303
8.69303
8.69303
8.69303
8.69303
8.69303
8.69303
8.69303
8.69303
8.69303
6.56679
6.56679
8.69303
8.69303
8.69303
8.69303
8.69303
8.69303
6.56679
8.69303
8.69303
8.69303
8.69303
8.69303
8.69303
6.56679
8.69303
8.69303
8.69303
8.69303
8.69303
8.69303
6.56679
8.69303
8.69303
8.69303
6.56679
6.56679
8.69303
8.69303
8.69303
8.69303
8.69303
8.69303
6.56679
8.69303
8.69303
8.69303
8.69303
8.69303
6.56679
8.69303
8.69303
8.69303
8.69303
8.69303
8.69303
6.56679
8.69303
8.69303
8.69303
8.69303
8.69303
8.69303
6.56679
8.69303
8.69303
8.69303
8.69303
8.69303
8.69303
6.56679
8.69303
8.69303
8.69303
8.69303
8.69303
6.56679
8.69303
8.69303
8.69303
8.69303
8.69303
8.69303
8.69303
8.69303
8.69303
8.69303
8.69303
8.69303
8.69303
8.69303
8.69303
8.69303
8.69303
6.56679
8.69303
8.69303
8.69303
8.69303
8.69303
8.69303
6.56679
8.69303
8.69303
8.69303
8.69303
8.69303
8.69303
8.69303
8.69303
8.69303
8.69303
8.69303
6.56679
6.56679
8.69303
8.69303
8.69303
8.69303
8.69303
8.69303
6.56679
8.69303
8.69303
8.69303
8.69303
8.69303
8.69303
6.56679
8.69303
8.69303
8.69303
8.69303
8.69303
6.56679
8.69303
8.69303
8.69303
8.69303
8.69303
8.69303
8.69303
8.69303
8.69303
8.69303
8.69303
8.69303
6.56679
8.69303
8.69303
8.69303
8.69303
8.69303
6.56679
8.69303
8.69303
8.69303
8.69303
8.69303
6.56679
8.69303
8.69303
8.69303
8.69303
8.69303
6.56679
8.69303
8.69303
8.69303
8.69303
8.69303
6.56679
6.56679
8.69303
8.69303
8.69303
8.69303
8.69303
8.69303
8.69303
8.69303
8.69303
8.69303
8.69303
8.69303
6.56679
8.69303
8.69303
8.69303
8.69303
8.69303
6.56679
8.69303
8.69303
8.69303
8.69303
8.69303
8.69303
6.56679
8.69303
8.69303
8.69303
8.69303
8.69303
6.56679
8.69303
8.69303
8.69303
8.69303
8.69303
8.69303
6.56679
8.69303
8.69303
8.69303
8.69303
8.69303
8.69303
8.69303
8.69303
8.69303
8.69303
8.69303
8.69303
6.56679
8.69303
8.69303
8.69303
8.69303
8.69303
8.69303
6.56679
8.69303
8.69303
8.69303
8.69303
8.69303
6.56679
8.69303
8.69303
8.69303
8.69303
8.69303
8.69303
8.69303
8.69303
8.69303
8.69303
8.69303
8.69303
8.69303
8.69303
8.69303
8.69303
8.69303
6.56679
6.56679
8.69303
8.69303
8.69303
8.69303
8.69303
8.69303
6.56679
8.69303
8.69303
8.69303
8.69303
8.69303
8.69303
6.56679
8.69303
8.69303
8.69303
8.69303
8.69303
6.56679
8.69303
8.69303
8.69303
8.69303
8.69303
8.69303
6.56679
8.69303
8.69303
8.69303
8.69303
8.69303
8.69303
8.69303
8.69303
8.69303
8.69303
8.69303
8.69303
6.56679
8.69303
8.69303
8.69303
8.69303
8.69303
6.56679
8.69303
8.69303
12.9455
12.9455
12.9455
12.9455
6.56679
8.69303
8.69303
8.69303
8.69303
8.69303
8.69303
6.56679
8.69303
8.69303
8.69303
8.69303
8.69303
8.69303
8.69303
8.69303
8.69303
8.69303
8.69303
8.69303
8.69303
8.69303
8.69303
8.69303
8.69303
8.69303
6.56679
8.69303
8.69303
8.69303
8.69303
8.69303
8.69303
6.56679
8.69303
8.69303
8.69303
8.69303
8.69303
6.56679
8.69303
8.69303
8.69303
8.69303
8.69303
8.69303
6.56679
8.69303
8.69303
8.69303
8.69303
8.69303
8.69303
6.56679
8.69303
8.69303
8.69303
8.69303
8.69303
8.69303
8.69303
6.56679
8.69303
8.69303
8.69303
6.56679
8.69303
8.69303
8.69303
8.69303
6.56679
6.56679
8.69303
8.69303
8.69303
8.69303
8.69303
6.56679
6.56679
8.69303
8.69303
8.69303
8.69303
8.69303
6.56679
6.56679
8.69303
8.69303
8.69303
8.69303
8.69303
8.69303
8.69303
8.69303
8.69303
8.69303
8.69303
8.69303
8.69303
8.69303
8.69303
8.69303
8.69303
6.56679
8.69303
8.69303
8.69303
8.69303
8.69303
8.69303
8.69303
8.69303
8.69303
8.69303
8.69303
8.69303
6.56679
8.69303
8.69303
8.69303
8.69303
8.69303
8.69303
6.56679
8.69303
8.69303
8.69303
8.69303
8.69303
6.56679
8.69303
8.69303
8.69303
8.69303
8.69303
6.56679
6.56679
8.69303
8.69303
8.69303
8.69303
8.69303
6.56679
8.69303
8.69303
8.69303
8.69303
8.69303
8.69303
6.56679
8.69303
8.69303
8.69303
8.69303
8.69303
8.69303
6.56679
8.69303
8.69303
8.69303
8.69303
8.69303
8.69303
6.56679
8.69303
8.69303
8.69303
8.69303
8.69303
8.69303
6.56679
8.69303
8.69303
8.69303
8.69303
8.69303
6.56679
8.69303
8.69303
8.69303
8.69303
8.69303
8.69303
6.56679
8.69303
8.69303
8.69303
8.69303
8.69303
8.69303
8.69303
8.69303
8.69303
8.69303
8.69303
8.69303
6.56679
8.69303
8.69303
8.69303
8.69303
8.69303
8.69303
6.56679
8.69303
8.69303
8.69303
8.69303
8.69303
8.69303
6.56679
8.69303
8.69303
8.69303
8.69303
8.69303
6.56679
8.69303
8.69303
8.69303
8.69303
8.69303
6.56679
8.69303
8.69303
8.69303
8.69303
8.69303
6.56679
8.69303
8.69303
8.69303
8.69303
8.69303
6.56679
8.69303
8.69303
8.69303
8.69303
8.69303
8.69303
8.69303
8.69303
8.69303
8.69303
8.69303
8.69303
8.69303
8.69303
8.69303
8.69303
8.69303
8.69303
6.56679
8.69303
8.69303
8.69303
8.69303
8.69303
6.56679
8.69303
8.69303
8.69303
8.69303
8.69303
6.56679
8.69303
8.69303
8.69303
8.69303
8.69303
8.69303
6.56679
8.69303
8.69303
8.69303
8.69303
8.69303
6.56679
8.69303
8.69303
8.69303
8.69303
8.69303
6.56679
8.69303
8.69303
8.69303
8.69303
8.69303
6.56679
8.69303
8.69303
8.69303
8.69303
8.69303
8.69303
6.56679
8.69303
8.69303
8.69303
8.69303
8.69303
6.56679
8.69303
8.69303
8.69303
8.69303
6.56679
6.56679
8.69303
8.69303
8.69303
8.69303
8.69303
8.69303
6.56679
8.69303
8.69303
8.69303
8.69303
8.69303
8.69303
6.56679
8.69303
8.69303
8.69303
8.69303
8.69303
8.69303
6.56679
8.69303
8.69303
8.69303
8.69303
8.69303
6.56679
6.56679
8.69303
8.69303
8.69303
8.69303
8.69303
8.69303
6.56679
8.69303
8.69303
8.69303
8.69303
8.69303
8.69303
6.56679
8.69303
8.69303
8.69303
8.69303
8.69303
8.69303
6.56679
6.56679
8.69303
8.69303
8.69303
6.56679
6.56679
8.69303
8.69303
8.69303
8.69303
8.69303
8.69303
6.56679
8.69303
8.69303
8.69303
8.69303
8.69303
8.69303
8.69303
8.69303
8.69303
8.69303
8.69303
8.69303
8.69303
8.69303
8.69303
8.69303
8.69303
8.69303
6.56679
6.56679
8.69303
8.69303
8.69303
8.69303
8.69303
6.56679
6.56679
6.56679
6.56679
6.56679
6.56679
6.56679
6.56679
6.56679
6.56679
6.56679
6.56679
6.56679
8.69303
6.56679
8.69303
8.69303
8.69303
8.69303
8.69303
8.69303
8.69303
8.69303
8.69303
8.69303
8.69303
8.69303
8.69303
8.69303
8.69303
8.69303
8.69303
8.69303
8.69303
6.56679
8.69303
8.69303
8.69303
8.69303
8.69303
6.56679
8.69303
8.69303
8.69303
8.69303
8.69303
6.56679
6.56679
8.69303
8.69303
8.69303
8.69303
6.56679
8.69303
8.69303
8.69303
8.69303
8.69303
8.69303
8.69303
6.56679
8.69303
8.69303
8.69303
8.69303
8.69303
6.56679
8.69303
8.69303
8.69303
8.69303
8.69303
6.56679
8.69303
8.69303
8.69303
8.69303
8.69303
6.56679
6.56679
8.69303
8.69303
8.69303
8.69303
8.69303
8.69303
6.56679
8.69303
8.69303
8.69303
8.69303
8.69303
6.56679
6.56679
8.69303
8.69303
8.69303
8.69303
6.56679
6.56679
8.69303
8.69303
8.69303
8.69303
8.69303
8.69303
6.56679
8.69303
8.69303
8.69303
8.69303
8.69303
6.56679
6.56679
8.69303
8.69303
8.69303
8.69303
6.56679
6.56679
8.69303
8.69303
8.69303
8.69303
8.69303
6.56679
8.69303
8.69303
8.69303
8.69303
8.69303
8.69303
8.69303
8.69303
8.69303
8.69303
8.69303
8.69303
6.56679
8.69303
8.69303
8.69303
8.69303
8.69303
6.56679
8.69303
8.69303
8.69303
8.69303
8.69303
8.69303
6.56679
8.69303
8.69303
8.69303
8.69303
6.56679
6.56679
8.69303
8.69303
8.69303
8.69303
6.56679
6.56679
8.69303
8.69303
8.69303
8.69303
8.69303
8.69303
6.56679
8.69303
8.69303
8.69303
8.69303
8.69303
8.69303
8.69303
8.69303
8.69303
8.69303
8.69303
8.69303
6.56679
8.69303
8.69303
8.69303
8.69303
8.69303
6.56679
8.69303
8.69303
8.69303
8.69303
8.69303
6.56679
6.56679
8.69303
8.69303
8.69303
8.69303
8.69303
6.56679
8.69303
8.69303
8.69303
8.69303
8.69303
8.69303
6.56679
8.69303
8.69303
8.69303
8.69303
8.69303
8.69303
8.69303
8.69303
8.69303
8.69303
6.56679
6.56679
8.69303
8.69303
8.69303
8.69303
8.69303
8.69303
6.56679
8.69303
8.69303
8.69303
8.69303
8.69303
6.56679
6.56679
8.69303
8.69303
8.69303
8.69303
6.56679
8.69303
8.69303
8.69303
8.69303
8.69303
8.69303
8.69303
8.69303
8.69303
8.69303
8.69303
6.56679
6.56679
8.69303
8.69303
8.69303
8.69303
8.69303
8.69303
6.56679
8.69303
8.69303
8.69303
8.69303
8.69303
6.56679
8.69303
8.69303
8.69303
8.69303
8.69303
6.56679
6.56679
8.69303
8.69303
8.69303
8.69303
8.69303
6.56679
8.69303
8.69303
8.69303
8.69303
8.69303
8.69303
6.56679
8.69303
8.69303
8.69303
8.69303
8.69303
8.69303
8.69303
8.69303
8.69303
8.69303
6.56679
6.56679
8.69303
8.69303
8.69303
8.69303
8.69303
8.69303
8.69303
8.69303
8.69303
8.69303
8.69303
8.69303
8.69303
8.69303
8.69303
8.69303
8.69303
8.69303
8.69303
6.56679
8.69303
8.69303
8.69303
8.69303
8.69303
8.69303
8.69303
8.69303
8.69303
8.69303
8.69303
8.69303
6.56679
8.69303
8.69303
8.69303
8.69303
8.69303
8.69303
8.69303
8.69303
8.69303
8.69303
8.69303
6.56679
8.69303
8.69303
8.69303
8.69303
8.69303
8.69303
8.69303
6.56679
8.69303
8.69303
8.69303
8.69303
8.69303
6.56679
6.56679
8.69303
8.69303
8.69303
8.69303
8.69303
8.69303
6.56679
8.69303
8.69303
8.69303
8.69303
8.69303
8.69303
6.56679
6.56679
8.69303
8.69303
8.69303
8.69303
6.56679
6.56679
8.69303
8.69303
8.69303
8.69303
8.69303
8.69303
8.69303
6.56679
8.69303
8.69303
8.69303
8.69303
8.69303
8.69303
8.69303
8.69303
8.69303
8.69303
8.69303
8.69303
6.56679
8.69303
8.69303
8.69303
8.69303
8.69303
8.69303
8.69303
8.69303
8.69303
8.69303
8.69303
8.69303
6.56679
6.56679
8.69303
8.69303
8.69303
8.69303
8.69303
8.69303
6.56679
8.69303
8.69303
8.69303
8.69303
8.69303
6.56679
6.56679
8.69303
8.69303
8.69303
8.69303
8.69303
8.69303
6.56679
8.69303
8.69303
8.69303
8.69303
8.69303
8.69303
8.69303
8.69303
8.69303
8.69303
8.69303
8.69303
8.69303
6.56679
8.69303
8.69303
8.69303
8.69303
8.69303
6.56679
8.69303
8.69303
8.69303
8.69303
8.69303
8.69303
8.69303
6.56679
8.69303
8.69303
8.69303
8.69303
8.69303
6.56679
8.69303
8.69303
8.69303
8.69303
8.69303
8.69303
6.56679
8.69303
8.69303
8.69303
8.69303
8.69303
8.69303
8.69303
6.56679
8.69303
8.69303
8.69303
8.69303
8.69303
6.56679
6.56679
8.69303
8.69303
8.69303
8.69303
8.69303
6.56679
8.69303
8.69303
8.69303
8.69303
8.69303
8.69303
8.69303
8.69303
8.69303
8.69303
8.69303
8.69303
6.56679
8.69303
8.69303
8.69303
8.69303
8.69303
6.56679
8.69303
8.69303
8.69303
8.69303
8.69303
6.56679
6.56679
6.56679
6.56679
8.69303
8.69303
8.69303
6.56679
8.69303
8.69303
8.69303
8.69303
8.69303
6.56679
6.56679
8.69303
8.69303
8.69303
8.69303
8.69303
8.69303
6.56679
8.69303
8.69303
8.69303
8.69303
8.69303
8.69303
8.69303
8.69303
8.69303
8.69303
8.69303
8.69303
6.56679
8.69303
8.69303
8.69303
8.69303
8.69303
6.56679
8.69303
8.69303
8.69303
8.69303
8.69303
6.56679
6.56679
8.69303
8.69303
8.69303
8.69303
8.69303
6.56679
8.69303
8.69303
8.69303
8.69303
8.69303
6.56679
6.56679
8.69303
8.69303
8.69303
8.69303
8.69303
6.56679
8.69303
8.69303
8.69303
8.69303
8.69303
8.69303
8.69303
8.69303
8.69303
8.69303
8.69303
8.69303
8.69303
6.56679
8.69303
8.69303
8.69303
8.69303
8.69303
6.56679
8.69303
8.69303
8.69303
8.69303
8.69303
6.56679
8.69303
8.69303
8.69303
8.69303
8.69303
8.69303
6.56679
8.69303
8.69303
8.69303
8.69303
8.69303
6.56679
8.69303
8.69303
8.69303
8.69303
8.69303
6.56679
8.69303
8.69303
8.69303
8.69303
6.56679
6.56679
8.69303
8.69303
8.69303
8.69303
8.69303
8.69303
6.56679
8.69303
8.69303
8.69303
8.69303
8.69303
6.56679
8.69303
8.69303
8.69303
8.69303
6.56679
6.56679
8.69303
8.69303
8.69303
8.69303
6.56679
6.56679
8.69303
8.69303
8.69303
8.69303
8.69303
8.69303
6.56679
8.69303
8.69303
8.69303
8.69303
8.69303
6.56679
8.69303
8.69303
8.69303
8.69303
6.56679
6.56679
8.69303
8.69303
8.69303
8.69303
8.69303
6.56679
6.56679
8.69303
8.69303
8.69303
8.69303
8.69303
8.69303
6.56679
8.69303
8.69303
8.69303
8.69303
8.69303
8.69303
8.69303
8.69303
8.69303
8.69303
8.69303
8.69303
6.56679
8.69303
8.69303
8.69303
8.69303
8.69303
6.56679
8.69303
8.69303
8.69303
8.69303
8.69303
8.69303
6.56679
8.69303
8.69303
8.69303
8.69303
8.69303
6.56679
8.69303
8.69303
8.69303
8.69303
8.69303
6.56679
8.69303
8.69303
8.69303
8.69303
8.69303
8.69303
6.56679
8.69303
8.69303
8.69303
8.69303
8.69303
8.69303
8.69303
8.69303
8.69303
8.69303
8.69303
8.69303
8.69303
8.69303
8.69303
8.69303
8.69303
8.69303
8.69303
6.56679
8.69303
8.69303
8.69303
8.69303
8.69303
8.69303
8.69303
6.56679
8.69303
8.69303
8.69303
8.69303
8.69303
8.69303
6.56679
8.69303
8.69303
8.69303
8.69303
8.69303
8.69303
8.69303
6.56679
6.56679
8.69303
8.69303
8.69303
8.69303
6.56679
6.56679
8.69303
8.69303
8.69303
8.69303
8.69303
6.56679
8.69303
8.69303
8.69303
8.69303
8.69303
8.69303
8.69303
6.56679
8.69303
8.69303
8.69303
8.69303
8.69303
8.69303
6.56679
8.69303
8.69303
8.69303
8.69303
8.69303
8.69303
6.56679
8.69303
8.69303
8.69303
8.69303
8.69303
8.69303
6.56679
8.69303
8.69303
8.69303
8.69303
8.69303
8.69303
6.56679
8.69303
8.69303
8.69303
8.69303
8.69303
8.69303
8.69303
8.69303
8.69303
8.69303
8.69303
8.69303
8.69303
6.56679
8.69303
8.69303
8.69303
8.69303
8.69303
8.69303
8.69303
6.56679
8.69303
8.69303
8.69303
8.69303
8.69303
8.69303
6.56679
8.69303
8.69303
8.69303
8.69303
8.69303
8.69303
8.69303
6.56679
8.69303
8.69303
8.69303
8.69303
8.69303
8.69303
8.69303
8.69303
8.69303
8.69303
8.69303
8.69303
8.69303
8.69303
6.56679
8.69303
8.69303
8.69303
8.69303
8.69303
8.69303
6.56679
8.69303
8.69303
8.69303
8.69303
8.69303
8.69303
6.56679
8.69303
8.69303
8.69303
8.69303
8.69303
6.56679
6.56679
8.69303
8.69303
8.69303
8.69303
8.69303
8.69303
6.56679
6.56679
8.69303
8.69303
8.69303
8.69303
8.69303
8.69303
6.56679
8.69303
8.69303
8.69303
8.69303
8.69303
8.69303
8.69303
8.69303
8.69303
8.69303
8.69303
8.69303
8.69303
6.56679
8.69303
8.69303
8.69303
8.69303
8.69303
8.69303
8.69303
6.56679
8.69303
8.69303
8.69303
8.69303
8.69303
8.69303
8.69303
8.69303
8.69303
8.69303
8.69303
8.69303
8.69303
8.69303
6.56679
8.69303
8.69303
8.69303
8.69303
8.69303
8.69303
6.56679
6.56679
8.69303
8.69303
8.69303
8.69303
8.69303
6.56679
8.69303
8.69303
8.69303
8.69303
8.69303
8.69303
6.56679
8.69303
8.69303
8.69303
8.69303
8.69303
8.69303
6.56679
8.69303
8.69303
8.69303
8.69303
8.69303
8.69303
6.56679
8.69303
8.69303
8.69303
8.69303
8.69303
8.69303
6.56679
6.56679
8.69303
8.69303
8.69303
8.69303
8.69303
8.69303
6.56679
8.69303
8.69303
8.69303
8.69303
8.69303
6.56679
6.56679
8.69303
8.69303
8.69303
8.69303
8.69303
6.56679
6.56679
8.69303
8.69303
8.69303
8.69303
8.69303
6.56679
6.56679
8.69303
8.69303
8.69303
8.69303
8.69303
8.69303
8.69303
8.69303
8.69303
8.69303
8.69303
6.56679
8.69303
8.69303
8.69303
8.69303
8.69303
8.69303
6.56679
6.56679
8.69303
8.69303
8.69303
8.69303
8.69303
8.69303
6.56679
8.69303
8.69303
8.69303
8.69303
8.69303
8.69303
6.56679
8.69303
8.69303
8.69303
8.69303
8.69303
8.69303
8.69303
6.56679
6.56679
8.69303
8.69303
8.69303
8.69303
8.69303
8.69303
8.69303
8.69303
8.69303
8.69303
8.69303
8.69303
8.69303
6.56679
8.69303
8.69303
8.69303
8.69303
8.69303
8.69303
8.69303
6.56679
8.69303
8.69303
8.69303
8.69303
8.69303
8.69303
6.56679
8.69303
8.69303
8.69303
8.69303
8.69303
8.69303
6.56679
6.56679
8.69303
8.69303
8.69303
8.69303
8.69303
8.69303
8.69303
6.56679
8.69303
8.69303
8.69303
8.69303
8.69303
8.69303
8.69303
8.69303
8.69303
8.69303
8.69303
8.69303
8.69303
8.69303
8.69303
6.56679
8.69303
8.69303
8.69303
8.69303
8.69303
6.56679
6.56679
8.69303
8.69303
8.69303
8.69303
8.69303
8.69303
8.69303
6.56679
8.69303
8.69303
8.69303
8.69303
8.69303
8.69303
8.69303
6.56679
6.56679
8.69303
8.69303
8.69303
8.69303
8.69303
6.56679
8.69303
8.69303
8.69303
8.69303
8.69303
8.69303
8.69303
6.56679
8.69303
8.69303
8.69303
8.69303
6.56679
8.69303
8.69303
8.69303
8.69303
8.69303
8.69303
8.69303
8.69303
8.69303
8.69303
8.69303
6.56679
8.69303
8.69303
8.69303
8.69303
8.69303
6.56679
6.56679
8.69303
8.69303
8.69303
8.69303
8.69303
6.56679
8.69303
8.69303
8.69303
8.69303
8.69303
8.69303
6.56679
6.56679
8.69303
8.69303
8.69303
6.56679
6.56679
8.69303
8.69303
8.69303
8.69303
8.69303
6.56679
8.69303
8.69303
8.69303
8.69303
8.69303
6.56679
8.69303
8.69303
8.69303
8.69303
6.56679
6.56679
8.69303
8.69303
8.69303
8.69303
8.69303
8.69303
6.56679
8.69303
8.69303
8.69303
8.69303
8.69303
6.56679
8.69303
8.69303
8.69303
8.69303
8.69303
8.69303
8.69303
8.69303
8.69303
8.69303
6.56679
6.56679
8.69303
8.69303
8.69303
8.69303
8.69303
6.56679
8.69303
8.69303
8.69303
8.69303
8.69303
6.56679
8.69303
8.69303
8.69303
8.69303
8.69303
8.69303
8.69303
8.69303
8.69303
8.69303
8.69303
8.69303
6.56679
8.69303
8.69303
8.69303
8.69303
8.69303
6.56679
8.69303
8.69303
8.69303
8.69303
8.69303
6.56679
6.56679
6.56679
8.69303
8.69303
8.69303
8.69303
6.56679
8.69303
8.69303
8.69303
8.69303
8.69303
6.56679
8.69303
8.69303
8.69303
8.69303
8.69303
6.56679
8.69303
8.69303
8.69303
8.69303
8.69303
8.69303
8.69303
8.69303
8.69303
8.69303
8.69303
8.69303
6.56679
8.69303
8.69303
8.69303
8.69303
8.69303
8.69303
6.56679
8.69303
8.69303
8.69303
8.69303
8.69303
8.69303
8.69303
8.69303
8.69303
8.69303
6.56679
6.56679
8.69303
8.69303
8.69303
8.69303
8.69303
8.69303
6.56679
8.69303
8.69303
8.69303
8.69303
8.69303
8.69303
8.69303
8.69303
8.69303
8.69303
6.56679
6.56679
8.69303
8.69303
8.69303
8.69303
6.56679
6.56679
8.69303
8.69303
8.69303
8.69303
8.69303
8.69303
6.56679
6.56679
8.69303
8.69303
8.69303
8.69303
6.56679
8.69303
8.69303
8.69303
8.69303
8.69303
8.69303
6.56679
8.69303
8.69303
8.69303
8.69303
8.69303
6.56679
8.69303
8.69303
8.69303
8.69303
8.69303
6.56679
8.69303
8.69303
8.69303
8.69303
8.69303
6.56679
8.69303
8.69303
8.69303
8.69303
6.56679
6.56679
8.69303
8.69303
8.69303
8.69303
8.69303
8.69303
6.56679
8.69303
8.69303
8.69303
8.69303
8.69303
6.56679
8.69303
8.69303
8.69303
8.69303
6.56679
6.56679
8.69303
8.69303
8.69303
8.69303
8.69303
6.56679
6.56679
8.69303
8.69303
8.69303
8.69303
6.56679
8.69303
8.69303
8.69303
8.69303
8.69303
8.69303
6.56679
8.69303
8.69303
8.69303
8.69303
6.56679
6.56679
8.69303
8.69303
8.69303
8.69303
6.56679
6.56679
8.69303
8.69303
8.69303
8.69303
6.56679
6.56679
8.69303
8.69303
8.69303
8.69303
6.56679
6.56679
8.69303
8.69303
8.69303
8.69303
8.69303
8.69303
8.69303
8.69303
8.69303
8.69303
8.69303
8.69303
8.69303
8.69303
8.69303
8.69303
8.69303
8.69303
6.56679
8.69303
8.69303
8.69303
8.69303
8.69303
8.69303
8.69303
8.69303
8.69303
8.69303
8.69303
8.69303
6.56679
8.69303
8.69303
8.69303
8.69303
8.69303
6.56679
8.69303
8.69303
8.69303
8.69303
6.56679
6.56679
8.69303
8.69303
8.69303
8.69303
8.69303
6.56679
6.56679
8.69303
8.69303
8.69303
8.69303
6.56679
8.69303
8.69303
8.69303
8.69303
8.69303
6.56679
8.69303
8.69303
8.69303
8.69303
8.69303
8.69303
6.56679
8.69303
8.69303
8.69303
8.69303
8.69303
6.56679
6.56679
6.56679
8.69303
8.69303
8.69303
6.56679
8.69303
8.69303
8.69303
8.69303
8.69303
8.69303
8.69303
8.69303
8.69303
8.69303
8.69303
8.69303
6.56679
8.69303
8.69303
8.69303
8.69303
8.69303
6.56679
8.69303
8.69303
8.69303
8.69303
8.69303
6.56679
8.69303
8.69303
8.69303
8.69303
8.69303
6.56679
8.69303
8.69303
8.69303
8.69303
8.69303
8.69303
6.56679
8.69303
8.69303
8.69303
8.69303
8.69303
6.56679
8.69303
8.69303
8.69303
8.69303
8.69303
6.56679
8.69303
8.69303
8.69303
8.69303
8.69303
6.56679
8.69303
8.69303
8.69303
8.69303
8.69303
6.56679
8.69303
8.69303
8.69303
8.69303
8.69303
8.69303
6.56679
8.69303
8.69303
8.69303
8.69303
8.69303
8.69303
8.69303
8.69303
8.69303
8.69303
8.69303
8.69303
8.69303
8.69303
8.69303
8.69303
8.69303
6.56679
8.69303
8.69303
8.69303
8.69303
8.69303
6.56679
6.56679
8.69303
8.69303
8.69303
8.69303
6.56679
8.69303
8.69303
8.69303
8.69303
8.69303
6.56679
8.69303
8.69303
8.69303
8.69303
8.69303
6.56679
6.56679
8.69303
8.69303
8.69303
8.69303
8.69303
8.69303
8.69303
8.69303
8.69303
8.69303
6.56679
8.69303
8.69303
8.69303
8.69303
8.69303
6.56679
8.69303
8.69303
8.69303
8.69303
8.69303
6.56679
8.69303
8.69303
8.69303
8.69303
8.69303
6.56679
8.69303
8.69303
8.69303
8.69303
8.69303
6.56679
6.56679
8.69303
8.69303
8.69303
6.56679
6.56679
8.69303
8.69303
8.69303
8.69303
8.69303
8.69303
6.56679
8.69303
8.69303
8.69303
8.69303
8.69303
8.69303
8.69303
8.69303
8.69303
8.69303
8.69303
8.69303
8.69303
8.69303
8.69303
8.69303
8.69303
6.56679
8.69303
8.69303
8.69303
8.69303
8.69303
6.56679
8.69303
8.69303
8.69303
8.69303
8.69303
6.56679
8.69303
8.69303
8.69303
8.69303
8.69303
6.56679
6.56679
8.69303
8.69303
8.69303
8.69303
8.69303
8.69303
8.69303
8.69303
8.69303
8.69303
8.69303
6.56679
8.69303
8.69303
8.69303
8.69303
6.56679
8.69303
8.69303
8.69303
8.69303
8.69303
8.69303
8.69303
8.69303
8.69303
8.69303
8.69303
8.69303
8.69303
8.69303
8.69303
8.69303
8.69303
8.69303
6.56679
8.69303
8.69303
8.69303
8.69303
8.69303
6.56679
6.56679
8.69303
8.69303
8.69303
8.69303
8.69303
8.69303
8.69303
8.69303
8.69303
8.69303
6.56679
8.69303
8.69303
8.69303
8.69303
8.69303
6.56679
8.69303
8.69303
8.69303
8.69303
8.69303
8.69303
6.56679
8.69303
8.69303
8.69303
8.69303
6.56679
8.69303
8.69303
8.69303
8.69303
8.69303
8.69303
6.56679
8.69303
8.69303
8.69303
8.69303
8.69303
6.56679
8.69303
8.69303
8.69303
8.69303
8.69303
6.56679
8.69303
8.69303
8.69303
8.69303
8.69303
6.56679
8.69303
8.69303
8.69303
8.69303
8.69303
6.56679
8.69303
8.69303
8.69303
8.69303
6.56679
8.69303
8.69303
8.69303
8.69303
8.69303
8.69303
8.69303
8.69303
8.69303
8.69303
8.69303
8.69303
8.69303
8.69303
8.69303
8.69303
8.69303
8.69303
6.56679
8.69303
8.69303
8.69303
8.69303
8.69303
6.56679
8.69303
8.69303
8.69303
8.69303
8.69303
6.56679
8.69303
8.69303
8.69303
8.69303
8.69303
6.56679
8.69303
8.69303
8.69303
8.69303
8.69303
6.56679
8.69303
8.69303
8.69303
8.69303
8.69303
6.56679
8.69303
8.69303
8.69303
8.69303
8.69303
6.56679
8.69303
8.69303
8.69303
8.69303
8.69303
8.69303
6.56679
8.69303
8.69303
8.69303
8.69303
8.69303
6.56679
8.69303
8.69303
8.69303
8.69303
8.69303
8.69303
6.56679
8.69303
8.69303
8.69303
8.69303
8.69303
6.56679
8.69303
8.69303
8.69303
8.69303
8.69303
6.56679
8.69303
8.69303
8.69303
8.69303
8.69303
6.56679
8.69303
8.69303
8.69303
8.69303
8.69303
8.69303
6.56679
8.69303
8.69303
8.69303
8.69303
8.69303
8.69303
8.69303
8.69303
8.69303
8.69303
8.69303
8.69303
8.69303
8.69303
8.69303
8.69303
8.69303
8.69303
8.69303
8.69303
8.69303
8.69303
8.69303
8.69303
8.69303
8.69303
8.69303
8.69303
8.69303
8.69303
8.69303
8.69303
8.69303
8.69303
8.69303
8.69303
6.56679
6.56679
8.69303
8.69303
8.69303
8.69303
8.69303
6.56679
8.69303
8.69303
8.69303
8.69303
6.56679
6.56679
8.69303
8.69303
8.69303
8.69303
8.69303
8.69303
8.69303
8.69303
8.69303
8.69303
8.69303
6.56679
6.56679
8.69303
8.69303
8.69303
8.69303
8.69303
8.69303
8.69303
8.69303
8.69303
8.69303
6.56679
8.69303
8.69303
8.69303
8.69303
8.69303
8.69303
6.56679
8.69303
8.69303
8.69303
8.69303
8.69303
8.69303
6.56679
8.69303
8.69303
8.69303
8.69303
8.69303
6.56679
8.69303
8.69303
8.69303
8.69303
8.69303
6.56679
8.69303
8.69303
8.69303
8.69303
6.56679
8.69303
8.69303
8.69303
8.69303
8.69303
8.69303
6.56679
8.69303
8.69303
8.69303
8.69303
8.69303
6.56679
8.69303
8.69303
8.69303
8.69303
8.69303
6.56679
8.69303
8.69303
8.69303
8.69303
8.69303
6.56679
8.69303
8.69303
8.69303
8.69303
8.69303
8.69303
8.69303
8.69303
8.69303
8.69303
8.69303
6.56679
8.69303
8.69303
8.69303
8.69303
8.69303
6.56679
8.69303
8.69303
8.69303
8.69303
8.69303
6.56679
8.69303
8.69303
8.69303
8.69303
6.56679
6.56679
8.69303
8.69303
8.69303
8.69303
8.69303
8.69303
6.56679
8.69303
8.69303
8.69303
8.69303
6.56679
6.56679
8.69303
8.69303
8.69303
8.69303
8.69303
6.56679
6.56679
8.69303
8.69303
8.69303
8.69303
6.56679
8.69303
8.69303
8.69303
8.69303
8.69303
8.69303
6.56679
8.69303
8.69303
8.69303
8.69303
8.69303
6.56679
8.69303
8.69303
8.69303
8.69303
8.69303
8.69303
8.69303
8.69303
8.69303
8.69303
8.69303
8.69303
8.69303
6.56679
8.69303
8.69303
8.69303
8.69303
8.69303
6.56679
6.56679
8.69303
8.69303
8.69303
6.56679
6.56679
8.69303
8.69303
8.69303
8.69303
8.69303
8.69303
6.56679
8.69303
8.69303
8.69303
8.69303
8.69303
6.56679
8.69303
8.69303
8.69303
8.69303
8.69303
8.69303
8.69303
8.69303
8.69303
8.69303
8.69303
6.56679
6.56679
8.69303
8.69303
8.69303
8.69303
8.69303
6.56679
8.69303
8.69303
8.69303
8.69303
8.69303
6.56679
8.69303
8.69303
8.69303
8.69303
8.69303
6.56679
8.69303
8.69303
8.69303
8.69303
8.69303
6.56679
8.69303
8.69303
8.69303
8.69303
8.69303
8.69303
8.69303
8.69303
8.69303
8.69303
8.69303
8.69303
8.69303
8.69303
8.69303
8.69303
6.56679
8.69303
8.69303
8.69303
8.69303
8.69303
6.56679
8.69303
8.69303
8.69303
8.69303
8.69303
6.56679
8.69303
8.69303
8.69303
8.69303
8.69303
6.56679
6.56679
8.69303
8.69303
8.69303
8.69303
8.69303
8.69303
8.69303
8.69303
8.69303
8.69303
6.56679
8.69303
8.69303
8.69303
8.69303
8.69303
6.56679
8.69303
8.69303
8.69303
8.69303
8.69303
8.69303
8.69303
8.69303
8.69303
8.69303
6.56679
6.56679
8.69303
8.69303
8.69303
8.69303
8.69303
8.69303
6.56679
8.69303
8.69303
8.69303
8.69303
8.69303
6.56679
8.69303
8.69303
8.69303
8.69303
8.69303
6.56679
6.56679
8.69303
8.69303
8.69303
6.56679
6.56679
8.69303
8.69303
8.69303
8.69303
8.69303
8.69303
6.56679
8.69303
8.69303
8.69303
8.69303
8.69303
6.56679
6.56679
8.69303
8.69303
8.69303
8.69303
8.69303
8.69303
8.69303
8.69303
8.69303
6.56679
8.69303
8.69303
8.69303
8.69303
8.69303
6.56679
8.69303
8.69303
8.69303
8.69303
8.69303
6.56679
8.69303
8.69303
8.69303
8.69303
8.69303
6.56679
6.56679
8.69303
8.69303
8.69303
8.69303
6.56679
6.56679
8.69303
8.69303
8.69303
6.56679
6.56679
8.69303
8.69303
8.69303
8.69303
8.69303
6.56679
8.69303
8.69303
8.69303
8.69303
8.69303
6.56679
8.69303
8.69303
8.69303
8.69303
8.69303
8.69303
8.69303
8.69303
8.69303
8.69303
8.69303
8.69303
8.69303
8.69303
8.69303
8.69303
8.69303
6.56679
8.69303
8.69303
8.69303
8.69303
8.69303
6.56679
8.69303
8.69303
8.69303
8.69303
8.69303
8.69303
6.56679
6.56679
8.69303
8.69303
8.69303
8.69303
8.69303
8.69303
8.69303
8.69303
8.69303
8.69303
8.69303
8.69303
8.69303
8.69303
8.69303
8.69303
6.56679
8.69303
8.69303
8.69303
8.69303
8.69303
6.56679
6.56679
8.69303
8.69303
8.69303
8.69303
6.56679
6.56679
8.69303
8.69303
8.69303
8.69303
6.56679
8.69303
8.69303
8.69303
8.69303
8.69303
8.69303
8.69303
8.69303
8.69303
8.69303
8.69303
8.69303
8.69303
8.69303
8.69303
8.69303
8.69303
6.56679
8.69303
8.69303
8.69303
8.69303
8.69303
6.56679
6.56679
8.69303
8.69303
8.69303
8.69303
8.69303
8.69303
8.69303
8.69303
8.69303
8.69303
8.69303
8.69303
8.69303
8.69303
8.69303
8.69303
8.69303
8.69303
8.69303
8.69303
8.69303
8.69303
8.69303
8.69303
8.69303
8.69303
8.69303
8.69303
8.69303
8.69303
6.56679
6.56679
8.69303
8.69303
8.69303
8.69303
8.69303
6.56679
8.69303
8.69303
8.69303
8.69303
8.69303
6.56679
8.69303
8.69303
8.69303
8.69303
8.69303
8.69303
6.56679
8.69303
8.69303
8.69303
8.69303
8.69303
6.56679
8.69303
8.69303
8.69303
8.69303
8.69303
8.69303
8.69303
8.69303
8.69303
8.69303
8.69303
8.69303
8.69303
8.69303
8.69303
8.69303
6.56679
8.69303
8.69303
8.69303
8.69303
8.69303
6.56679
8.69303
8.69303
8.69303
8.69303
8.69303
6.56679
8.69303
8.69303
8.69303
8.69303
8.69303
6.56679
8.69303
8.69303
8.69303
8.69303
8.69303
6.56679
8.69303
8.69303
8.69303
8.69303
8.69303
8.69303
8.69303
8.69303
8.69303
8.69303
8.69303
8.69303
8.69303
8.69303
8.69303
8.69303
8.69303
8.69303
8.69303
8.69303
8.69303
8.69303
8.69303
6.56679
8.69303
8.69303
8.69303
8.69303
8.69303
8.69303
8.69303
8.69303
8.69303
8.69303
8.69303
6.56679
6.56679
8.69303
8.69303
8.69303
6.56679
6.56679
8.69303
8.69303
8.69303
8.69303
8.69303
6.56679
8.69303
8.69303
8.69303
8.69303
8.69303
8.69303
6.56679
6.56679
8.69303
8.69303
8.69303
8.69303
6.56679
8.69303
8.69303
8.69303
8.69303
8.69303
8.69303
8.69303
8.69303
8.69303
8.69303
8.69303
8.69303
8.69303
8.69303
8.69303
8.69303
8.69303
8.69303
8.69303
8.69303
6.56679
8.69303
8.69303
8.69303
8.69303
6.56679
8.69303
8.69303
8.69303
8.69303
8.69303
6.56679
8.69303
8.69303
8.69303
8.69303
8.69303
6.56679
8.69303
8.69303
8.69303
8.69303
8.69303
6.56679
8.69303
8.69303
8.69303
8.69303
8.69303
8.69303
8.69303
8.69303
8.69303
8.69303
8.69303
8.69303
6.56679
8.69303
8.69303
8.69303
8.69303
6.56679
8.69303
8.69303
8.69303
8.69303
8.69303
6.56679
6.56679
8.69303
8.69303
8.69303
8.69303
6.56679
6.56679
8.69303
8.69303
8.69303
8.69303
8.69303
8.69303
8.69303
8.69303
8.69303
8.69303
8.69303
6.56679
8.69303
8.69303
8.69303
8.69303
8.69303
8.69303
8.69303
8.69303
8.69303
8.69303
8.69303
6.56679
8.69303
8.69303
8.69303
8.69303
8.69303
6.56679
8.69303
8.69303
8.69303
8.69303
8.69303
8.69303
8.69303
8.69303
8.69303
8.69303
8.69303
8.69303
8.69303
8.69303
8.69303
8.69303
8.69303
8.69303
6.56679
8.69303
8.69303
8.69303
8.69303
8.69303
8.69303
8.69303
8.69303
8.69303
8.69303
8.69303
6.56679
6.56679
6.56679
6.56679
8.69303
8.69303
8.69303
8.69303
8.69303
8.69303
8.69303
8.69303
8.69303
8.69303
8.69303
8.69303
8.69303
8.69303
8.69303
8.69303
8.69303
8.69303
8.69303
8.69303
8.69303
8.69303
8.69303
8.69303
8.69303
8.69303
8.69303
8.69303
8.69303
8.69303
8.69303
8.69303
8.69303
6.56679
6.56679
8.69303
8.69303
8.69303
8.69303
8.69303
8.69303
8.69303
8.69303
8.69303
8.69303
8.69303
8.69303
8.69303
8.69303
8.69303
8.69303
8.69303
8.69303
8.69303
8.69303
8.69303
8.69303
8.69303
8.69303
8.69303
8.69303
8.69303
8.69303
8.69303
6.56679
8.69303
8.69303
8.69303
8.69303
8.69303
8.69303
6.56679
6.56679
8.69303
8.69303
8.69303
6.56679
6.56679
6.56679
8.69303
8.69303
8.69303
6.56679
6.56679
8.69303
8.69303
8.69303
8.69303
8.69303
8.69303
8.69303
8.69303
8.69303
8.69303
6.56679
8.69303
8.69303
8.69303
8.69303
8.69303
8.69303
8.69303
8.69303
8.69303
8.69303
8.69303
8.69303
6.56679
8.69303
8.69303
8.69303
8.69303
8.69303
8.69303
8.69303
8.69303
8.69303
8.69303
8.69303
6.56679
6.56679
8.69303
8.69303
8.69303
8.69303
8.69303
8.69303
8.69303
8.69303
8.69303
8.69303
6.56679
6.56679
8.69303
8.69303
8.69303
8.69303
8.69303
6.56679
8.69303
8.69303
8.69303
8.69303
8.69303
6.56679
8.69303
8.69303
8.69303
8.69303
8.69303
6.56679
8.69303
8.69303
8.69303
8.69303
8.69303
6.56679
8.69303
8.69303
8.69303
8.69303
8.69303
6.56679
6.56679
8.69303
8.69303
8.69303
8.69303
6.56679
8.69303
8.69303
8.69303
8.69303
8.69303
6.56679
8.69303
8.69303
8.69303
8.69303
8.69303
8.69303
8.69303
8.69303
8.69303
8.69303
8.69303
6.56679
6.56679
8.69303
8.69303
8.69303
8.69303
8.69303
6.56679
6.56679
8.69303
8.69303
8.69303
8.69303
8.69303
8.69303
8.69303
8.69303
8.69303
8.69303
8.69303
8.69303
8.69303
8.69303
8.69303
8.69303
6.56679
8.69303
8.69303
8.69303
8.69303
8.69303
6.56679
6.56679
8.69303
8.69303
8.69303
8.69303
6.56679
6.56679
8.69303
8.69303
8.69303
8.69303
6.56679
8.69303
8.69303
8.69303
6.56679
6.56679
8.69303
8.69303
8.69303
8.69303
6.56679
6.56679
8.69303
8.69303
8.69303
8.69303
8.69303
6.56679
8.69303
8.69303
8.69303
8.69303
8.69303
6.56679
8.69303
8.69303
8.69303
8.69303
8.69303
8.69303
6.56679
8.69303
8.69303
8.69303
8.69303
8.69303
8.69303
8.69303
8.69303
8.69303
8.69303
6.56679
8.69303
8.69303
8.69303
8.69303
8.69303
8.69303
8.69303
8.69303
8.69303
8.69303
8.69303
8.69303
8.69303
8.69303
8.69303
8.69303
8.69303
8.69303
8.69303
8.69303
8.69303
8.69303
8.69303
6.56679
6.56679
8.69303
8.69303
8.69303
8.69303
8.69303
6.56679
6.56679
8.69303
8.69303
8.69303
8.69303
6.56679
6.56679
8.69303
8.69303
8.69303
8.69303
6.56679
8.69303
8.69303
8.69303
8.69303
8.69303
6.56679
6.56679
8.69303
8.69303
8.69303
8.69303
8.69303
8.69303
8.69303
8.69303
8.69303
8.69303
6.56679
8.69303
8.69303
8.69303
8.69303
8.69303
8.69303
8.69303
8.69303
8.69303
8.69303
8.69303
8.69303
6.56679
6.56679
6.56679
8.69303
8.69303
8.69303
8.69303
8.69303
8.69303
8.69303
8.69303
6.56679
6.56679
8.69303
8.69303
8.69303
8.69303
8.69303
6.56679
6.56679
8.69303
8.69303
8.69303
8.69303
8.69303
6.56679
8.69303
8.69303
8.69303
8.69303
8.69303
8.69303
8.69303
8.69303
8.69303
8.69303
8.69303
8.69303
6.56679
6.56679
8.69303
8.69303
8.69303
8.69303
8.69303
8.69303
8.69303
8.69303
8.69303
8.69303
6.56679
8.69303
8.69303
8.69303
8.69303
8.69303
6.56679
6.56679
8.69303
8.69303
8.69303
8.69303
6.56679
6.56679
8.69303
8.69303
8.69303
8.69303
6.56679
8.69303
8.69303
8.69303
8.69303
8.69303
6.56679
6.56679
8.69303
8.69303
8.69303
8.69303
8.69303
8.69303
8.69303
8.69303
8.69303
8.69303
8.69303
8.69303
8.69303
8.69303
8.69303
8.69303
8.69303
6.56679
8.69303
8.69303
8.69303
8.69303
8.69303
6.56679
8.69303
8.69303
8.69303
8.69303
8.69303
6.56679
8.69303
8.69303
8.69303
8.69303
8.69303
8.69303
8.69303
8.69303
8.69303
8.69303
8.69303
8.69303
8.69303
8.69303
8.69303
8.69303
8.69303
8.69303
6.56679
8.69303
8.69303
8.69303
8.69303
8.69303
8.69303
6.56679
8.69303
8.69303
8.69303
6.56679
8.69303
8.69303
8.69303
8.69303
8.69303
6.56679
8.69303
8.69303
8.69303
8.69303
8.69303
6.56679
8.69303
8.69303
8.69303
8.69303
6.56679
6.56679
8.69303
8.69303
8.69303
8.69303
8.69303
8.69303
6.56679
8.69303
8.69303
8.69303
8.69303
8.69303
6.56679
6.56679
8.69303
8.69303
8.69303
8.69303
6.56679
8.69303
8.69303
8.69303
8.69303
8.69303
6.56679
8.69303
8.69303
8.69303
8.69303
8.69303
8.69303
8.69303
8.69303
8.69303
8.69303
8.69303
8.69303
8.69303
8.69303
8.69303
8.69303
8.69303
6.56679
8.69303
8.69303
8.69303
8.69303
8.69303
6.56679
6.56679
8.69303
8.69303
8.69303
8.69303
8.69303
8.69303
8.69303
8.69303
8.69303
8.69303
8.69303
6.56679
8.69303
8.69303
8.69303
8.69303
8.69303
8.69303
8.69303
8.69303
8.69303
8.69303
8.69303
8.69303
6.56679
8.69303
8.69303
8.69303
8.69303
8.69303
8.69303
8.69303
8.69303
8.69303
8.69303
8.69303
6.56679
8.69303
8.69303
8.69303
8.69303
8.69303
6.56679
8.69303
8.69303
8.69303
8.69303
6.56679
6.56679
8.69303
8.69303
8.69303
8.69303
8.69303
6.56679
8.69303
8.69303
8.69303
8.69303
8.69303
8.69303
8.69303
8.69303
8.69303
8.69303
8.69303
8.69303
8.69303
8.69303
8.69303
8.69303
8.69303
6.56679
8.69303
8.69303
8.69303
8.69303
8.69303
8.69303
6.56679
6.56679
8.69303
8.69303
8.69303
8.69303
6.56679
6.56679
8.69303
8.69303
8.69303
8.69303
6.56679
8.69303
8.69303
8.69303
8.69303
8.69303
6.56679
8.69303
8.69303
8.69303
8.69303
8.69303
8.69303
8.69303
8.69303
8.69303
8.69303
8.69303
6.56679
8.69303
8.69303
8.69303
8.69303
8.69303
6.56679
8.69303
8.69303
8.69303
8.69303
8.69303
8.69303
6.56679
6.56679
8.69303
8.69303
8.69303
8.69303
8.69303
8.69303
6.56679
8.69303
8.69303
8.69303
6.56679
8.69303
8.69303
8.69303
8.69303
8.69303
6.56679
6.56679
6.56679
8.69303
8.69303
8.69303
6.56679
8.69303
8.69303
8.69303
8.69303
6.56679
6.56679
8.69303
8.69303
8.69303
8.69303
8.69303
8.69303
6.56679
8.69303
8.69303
8.69303
8.69303
8.69303
6.56679
6.56679
8.69303
8.69303
8.69303
8.69303
8.69303
6.56679
8.69303
8.69303
8.69303
8.69303
8.69303
6.56679
8.69303
8.69303
8.69303
8.69303
8.69303
6.56679
8.69303
8.69303
8.69303
8.69303
8.69303
6.56679
8.69303
8.69303
8.69303
8.69303
8.69303
8.69303
8.69303
8.69303
8.69303
8.69303
8.69303
8.69303
8.69303
8.69303
8.69303
8.69303
8.69303
8.69303
6.56679
8.69303
8.69303
8.69303
8.69303
6.56679
8.69303
8.69303
8.69303
8.69303
8.69303
6.56679
8.69303
8.69303
8.69303
8.69303
8.69303
6.56679
8.69303
8.69303
8.69303
8.69303
8.69303
8.69303
6.56679
8.69303
8.69303
8.69303
8.69303
8.69303
6.56679
8.69303
8.69303
8.69303
8.69303
8.69303
6.56679
8.69303
8.69303
8.69303
8.69303
8.69303
6.56679
8.69303
8.69303
8.69303
8.69303
8.69303
8.69303
6.56679
8.69303
8.69303
8.69303
8.69303
8.69303
6.56679
8.69303
8.69303
8.69303
8.69303
8.69303
8.69303
6.56679
8.69303
8.69303
8.69303
8.69303
8.69303
6.56679
8.69303
8.69303
8.69303
8.69303
6.56679
6.56679
8.69303
8.69303
8.69303
8.69303
6.56679
6.56679
8.69303
8.69303
8.69303
8.69303
8.69303
6.56679
8.69303
8.69303
8.69303
8.69303
6.56679
6.56679
8.69303
8.69303
8.69303
8.69303
6.56679
6.56679
8.69303
8.69303
8.69303
8.69303
6.56679
8.69303
8.69303
8.69303
8.69303
8.69303
8.69303
8.69303
8.69303
8.69303
8.69303
8.69303
8.69303
6.56679
8.69303
8.69303
8.69303
8.69303
8.69303
6.56679
8.69303
8.69303
8.69303
8.69303
8.69303
6.56679
8.69303
8.69303
8.69303
8.69303
8.69303
6.56679
8.69303
8.69303
8.69303
8.69303
8.69303
6.56679
8.69303
8.69303
8.69303
8.69303
8.69303
8.69303
8.69303
8.69303
8.69303
8.69303
8.69303
8.69303
6.56679
8.69303
8.69303
8.69303
8.69303
8.69303
6.56679
8.69303
8.69303
8.69303
8.69303
8.69303
8.69303
6.56679
8.69303
8.69303
8.69303
8.69303
8.69303
6.56679
8.69303
8.69303
8.69303
8.69303
8.69303
6.56679
8.69303
8.69303
8.69303
8.69303
8.69303
8.69303
6.56679
8.69303
8.69303
8.69303
8.69303
8.69303
6.56679
8.69303
8.69303
8.69303
8.69303
6.56679
8.69303
8.69303
8.69303
8.69303
8.69303
8.69303
6.56679
8.69303
8.69303
8.69303
8.69303
8.69303
6.56679
6.56679
6.56679
8.69303
8.69303
6.56679
6.56679
8.69303
8.69303
8.69303
8.69303
8.69303
8.69303
8.69303
8.69303
8.69303
8.69303
8.69303
6.56679
8.69303
8.69303
8.69303
8.69303
8.69303
6.56679
8.69303
8.69303
8.69303
8.69303
8.69303
8.69303
6.56679
8.69303
8.69303
8.69303
8.69303
8.69303
8.69303
6.56679
8.69303
8.69303
8.69303
8.69303
8.69303
6.56679
8.69303
8.69303
8.69303
8.69303
8.69303
6.56679
8.69303
8.69303
8.69303
8.69303
8.69303
8.69303
8.69303
8.69303
8.69303
8.69303
8.69303
8.69303
8.69303
8.69303
8.69303
8.69303
8.69303
8.69303
6.56679
8.69303
8.69303
8.69303
8.69303
8.69303
6.56679
8.69303
8.69303
8.69303
8.69303
8.69303
8.69303
6.56679
6.56679
8.69303
8.69303
8.69303
8.69303
6.56679
8.69303
8.69303
8.69303
8.69303
8.69303
6.56679
8.69303
8.69303
8.69303
8.69303
8.69303
8.69303
6.56679
8.69303
8.69303
8.69303
8.69303
8.69303
6.56679
8.69303
8.69303
8.69303
8.69303
6.56679
8.69303
8.69303
8.69303
8.69303
8.69303
8.69303
6.56679
8.69303
8.69303
8.69303
8.69303
6.56679
6.56679
8.69303
8.69303
8.69303
8.69303
8.69303
6.56679
8.69303
8.69303
8.69303
8.69303
8.69303
8.69303
6.56679
8.69303
8.69303
8.69303
8.69303
8.69303
6.56679
8.69303
8.69303
8.69303
8.69303
8.69303
6.56679
8.69303
8.69303
8.69303
8.69303
8.69303
8.69303
6.56679
8.69303
8.69303
8.69303
8.69303
8.69303
6.56679
8.69303
8.69303
8.69303
8.69303
8.69303
6.56679
8.69303
8.69303
8.69303
8.69303
8.69303
8.69303
8.69303
8.69303
8.69303
8.69303
8.69303
8.69303
8.69303
8.69303
8.69303
8.69303
8.69303
8.69303
8.69303
8.69303
8.69303
8.69303
8.69303
8.69303
8.69303
8.69303
8.69303
8.69303
8.69303
8.69303
6.56679
8.69303
8.69303
8.69303
8.69303
8.69303
6.56679
8.69303
8.69303
8.69303
8.69303
8.69303
8.69303
6.56679
8.69303
8.69303
8.69303
8.69303
8.69303
6.56679
8.69303
8.69303
8.69303
8.69303
8.69303
6.56679
8.69303
8.69303
8.69303
8.69303
8.69303
8.69303
8.69303
8.69303
8.69303
8.69303
8.69303
8.69303
8.69303
8.69303
8.69303
8.69303
8.69303
8.69303
6.56679
8.69303
8.69303
8.69303
8.69303
8.69303
8.69303
6.56679
8.69303
8.69303
8.69303
8.69303
8.69303
6.56679
8.69303
8.69303
8.69303
8.69303
8.69303
6.56679
8.69303
8.69303
8.69303
8.69303
8.69303
6.56679
8.69303
8.69303
8.69303
8.69303
8.69303
6.56679
8.69303
8.69303
8.69303
8.69303
8.69303
6.56679
8.69303
8.69303
8.69303
8.69303
8.69303
6.56679
8.69303
8.69303
8.69303
8.69303
8.69303
6.56679
8.69303
8.69303
8.69303
8.69303
8.69303
6.56679
8.69303
8.69303
8.69303
8.69303
6.56679
6.56679
8.69303
8.69303
8.69303
8.69303
8.69303
8.69303
8.69303
8.69303
8.69303
8.69303
8.69303
8.69303
8.69303
8.69303
8.69303
8.69303
8.69303
8.69303
8.69303
8.69303
8.69303
8.69303
8.69303
8.69303
8.69303
6.56679
8.69303
8.69303
8.69303
8.69303
8.69303
6.56679
8.69303
8.69303
8.69303
8.69303
8.69303
8.69303
6.56679
8.69303
8.69303
8.69303
8.69303
8.69303
6.56679
8.69303
8.69303
8.69303
8.69303
8.69303
6.56679
8.69303
8.69303
8.69303
8.69303
6.56679
6.56679
8.69303
8.69303
8.69303
8.69303
6.56679
6.56679
8.69303
8.69303
8.69303
8.69303
8.69303
8.69303
6.56679
8.69303
8.69303
8.69303
8.69303
6.56679
6.56679
8.69303
8.69303
8.69303
8.69303
8.69303
8.69303
6.56679
8.69303
8.69303
8.69303
8.69303
8.69303
8.69303
8.69303
8.69303
8.69303
8.69303
8.69303
6.56679
8.69303
8.69303
8.69303
8.69303
8.69303
6.56679
8.69303
8.69303
8.69303
8.69303
8.69303
6.56679
8.69303
8.69303
8.69303
8.69303
8.69303
6.56679
8.69303
8.69303
8.69303
8.69303
8.69303
8.69303
6.56679
8.69303
8.69303
8.69303
8.69303
8.69303
6.56679
8.69303
8.69303
8.69303
8.69303
8.69303
6.56679
8.69303
8.69303
8.69303
8.69303
8.69303
6.56679
8.69303
8.69303
8.69303
8.69303
8.69303
8.69303
6.56679
8.69303
8.69303
8.69303
8.69303
8.69303
6.56679
8.69303
8.69303
8.69303
8.69303
6.56679
6.56679
8.69303
8.69303
8.69303
8.69303
6.56679
6.56679
8.69303
8.69303
8.69303
8.69303
8.69303
8.69303
8.69303
8.69303
8.69303
8.69303
8.69303
8.69303
8.69303
8.69303
8.69303
8.69303
8.69303
6.56679
8.69303
8.69303
8.69303
8.69303
8.69303
6.56679
8.69303
8.69303
8.69303
8.69303
8.69303
8.69303
6.56679
8.69303
8.69303
8.69303
8.69303
8.69303
6.56679
8.69303
8.69303
8.69303
8.69303
8.69303
6.56679
8.69303
8.69303
8.69303
8.69303
8.69303
6.56679
8.69303
8.69303
8.69303
8.69303
8.69303
8.69303
6.56679
8.69303
8.69303
8.69303
8.69303
8.69303
6.56679
8.69303
8.69303
8.69303
8.69303
8.69303
6.56679
8.69303
8.69303
8.69303
8.69303
8.69303
6.56679
8.69303
8.69303
8.69303
8.69303
8.69303
8.69303
6.56679
8.69303
8.69303
8.69303
8.69303
6.56679
6.56679
8.69303
8.69303
8.69303
8.69303
8.69303
8.69303
8.69303
8.69303
8.69303
8.69303
8.69303
8.69303
8.69303
8.69303
8.69303
8.69303
8.69303
8.69303
8.69303
8.69303
8.69303
8.69303
8.69303
8.69303
8.69303
8.69303
8.69303
8.69303
8.69303
8.69303
8.69303
8.69303
8.69303
8.69303
8.69303
8.69303
8.69303
8.69303
8.69303
8.69303
8.69303
8.69303
8.69303
8.69303
8.69303
8.69303
8.69303
8.69303
8.69303
8.69303
8.69303
8.69303
8.69303
8.69303
8.69303
8.69303
6.56679
8.69303
8.69303
8.69303
8.69303
8.69303
6.56679
8.69303
8.69303
8.69303
8.69303
8.69303
8.69303
6.56679
8.69303
8.69303
8.69303
8.69303
8.69303
6.56679
8.69303
8.69303
8.69303
8.69303
8.69303
6.56679
8.69303
8.69303
8.69303
8.69303
8.69303
8.69303
6.56679
8.69303
8.69303
8.69303
8.69303
8.69303
8.69303
8.69303
6.56679
8.69303
8.69303
8.69303
6.56679
8.69303
8.69303
8.69303
8.69303
8.69303
8.69303
6.56679
8.69303
8.69303
8.69303
8.69303
8.69303
6.56679
8.69303
8.69303
8.69303
8.69303
8.69303
8.69303
8.69303
8.69303
8.69303
8.69303
8.69303
6.56679
8.69303
8.69303
8.69303
8.69303
8.69303
8.69303
8.69303
8.69303
8.69303
8.69303
8.69303
8.69303
6.56679
8.69303
8.69303
8.69303
8.69303
8.69303
8.69303
8.69303
8.69303
8.69303
8.69303
8.69303
6.56679
8.69303
8.69303
8.69303
8.69303
8.69303
6.56679
8.69303
8.69303
8.69303
8.69303
8.69303
6.56679
8.69303
8.69303
8.69303
8.69303
8.69303
6.56679
8.69303
8.69303
8.69303
8.69303
8.69303
8.69303
6.56679
8.69303
8.69303
8.69303
8.69303
8.69303
6.56679
8.69303
8.69303
8.69303
8.69303
8.69303
8.69303
8.69303
8.69303
8.69303
8.69303
8.69303
8.69303
8.69303
8.69303
8.69303
8.69303
6.56679
8.69303
8.69303
8.69303
8.69303
8.69303
6.56679
8.69303
8.69303
8.69303
8.69303
8.69303
6.56679
8.69303
8.69303
8.69303
8.69303
8.69303
8.69303
6.56679
8.69303
8.69303
8.69303
8.69303
8.69303
6.56679
8.69303
8.69303
8.69303
8.69303
8.69303
6.56679
8.69303
8.69303
8.69303
8.69303
8.69303
6.56679
8.69303
8.69303
8.69303
8.69303
8.69303
8.69303
6.56679
8.69303
8.69303
8.69303
8.69303
8.69303
6.56679
8.69303
8.69303
8.69303
8.69303
8.69303
8.69303
6.56679
8.69303
8.69303
8.69303
8.69303
8.69303
6.56679
8.69303
8.69303
8.69303
8.69303
8.69303
6.56679
8.69303
8.69303
8.69303
8.69303
8.69303
6.56679
8.69303
8.69303
8.69303
8.69303
8.69303
6.56679
8.69303
8.69303
8.69303
8.69303
8.69303
8.69303
6.56679
6.56679
6.56679
8.69303
8.69303
8.69303
6.56679
8.69303
8.69303
8.69303
8.69303
8.69303
6.56679
8.69303
8.69303
8.69303
8.69303
8.69303
6.56679
8.69303
8.69303
8.69303
8.69303
8.69303
6.56679
8.69303
8.69303
8.69303
8.69303
8.69303
6.56679
8.69303
8.69303
8.69303
8.69303
8.69303
8.69303
6.56679
8.69303
8.69303
8.69303
8.69303
8.69303
6.56679
8.69303
8.69303
8.69303
8.69303
8.69303
8.69303
8.69303
8.69303
8.69303
8.69303
8.69303
8.69303
8.69303
8.69303
8.69303
8.69303
8.69303
8.69303
6.56679
8.69303
8.69303
8.69303
8.69303
8.69303
6.56679
8.69303
8.69303
8.69303
8.69303
8.69303
6.56679
8.69303
8.69303
8.69303
8.69303
8.69303
6.56679
8.69303
8.69303
8.69303
8.69303
8.69303
8.69303
6.56679
8.69303
8.69303
8.69303
8.69303
8.69303
6.56679
8.69303
8.69303
8.69303
8.69303
8.69303
8.69303
6.56679
8.69303
8.69303
8.69303
8.69303
8.69303
6.56679
8.69303
8.69303
8.69303
8.69303
8.69303
8.69303
6.56679
8.69303
8.69303
8.69303
8.69303
8.69303
6.56679
8.69303
8.69303
8.69303
8.69303
8.69303
8.69303
6.56679
8.69303
8.69303
8.69303
8.69303
8.69303
6.56679
8.69303
8.69303
8.69303
8.69303
8.69303
8.69303
8.69303
8.69303
8.69303
8.69303
8.69303
8.69303
8.69303
8.69303
8.69303
8.69303
8.69303
6.56679
8.69303
8.69303
8.69303
8.69303
8.69303
8.69303
8.69303
8.69303
8.69303
8.69303
8.69303
6.56679
8.69303
8.69303
8.69303
8.69303
8.69303
6.56679
8.69303
8.69303
8.69303
8.69303
8.69303
6.56679
8.69303
8.69303
8.69303
8.69303
8.69303
8.69303
6.56679
8.69303
8.69303
8.69303
8.69303
8.69303
6.56679
8.69303
8.69303
8.69303
8.69303
8.69303
6.56679
8.69303
8.69303
8.69303
8.69303
8.69303
6.56679
8.69303
8.69303
8.69303
8.69303
8.69303
6.56679
8.69303
8.69303
8.69303
8.69303
6.56679
6.56679
8.69303
8.69303
8.69303
8.69303
8.69303
8.69303
6.56679
8.69303
8.69303
8.69303
8.69303
6.56679
6.56679
8.69303
8.69303
8.69303
8.69303
6.56679
6.56679
8.69303
8.69303
8.69303
8.69303
8.69303
8.69303
8.69303
8.69303
8.69303
8.69303
8.69303
8.69303
8.69303
8.69303
8.69303
8.69303
8.69303
6.56679
8.69303
8.69303
8.69303
8.69303
6.56679
6.56679
8.69303
8.69303
8.69303
8.69303
8.69303
8.69303
6.56679
8.69303
8.69303
8.69303
8.69303
6.56679
6.56679
8.69303
8.69303
8.69303
8.69303
6.56679
6.56679
8.69303
8.69303
8.69303
8.69303
8.69303
8.69303
8.69303
8.69303
8.69303
8.69303
8.69303
6.56679
8.69303
8.69303
8.69303
8.69303
8.69303
8.69303
8.69303
8.69303
8.69303
8.69303
8.69303
6.56679
8.69303
8.69303
8.69303
8.69303
8.69303
8.69303
6.56679
6.56679
8.69303
8.69303
8.69303
6.56679
8.69303
8.69303
8.69303
8.69303
8.69303
8.69303
6.56679
6.56679
8.69303
8.69303
8.69303
6.56679
8.69303
8.69303
8.69303
8.69303
8.69303
8.69303
6.56679
8.69303
8.69303
8.69303
8.69303
8.69303
6.56679
8.69303
8.69303
8.69303
8.69303
8.69303
8.69303
8.69303
8.69303
8.69303
8.69303
8.69303
6.56679
6.56679
8.69303
8.69303
8.69303
8.69303
6.56679
8.69303
8.69303
8.69303
8.69303
8.69303
8.69303
8.69303
8.69303
8.69303
8.69303
8.69303
8.69303
8.69303
8.69303
8.69303
8.69303
8.69303
6.56679
6.56679
8.69303
8.69303
8.69303
8.69303
6.56679
6.56679
8.69303
8.69303
8.69303
8.69303
6.56679
6.56679
8.69303
8.69303
8.69303
8.69303
8.69303
8.69303
8.69303
8.69303
8.69303
8.69303
8.69303
8.69303
8.69303
8.69303
8.69303
8.69303
8.69303
8.69303
8.69303
8.69303
8.69303
8.69303
8.69303
8.69303
6.56679
6.56679
8.69303
8.69303
8.69303
8.69303
8.69303
8.69303
8.69303
8.69303
8.69303
8.69303
8.69303
6.56679
8.69303
8.69303
8.69303
8.69303
8.69303
6.56679
8.69303
8.69303
8.69303
8.69303
6.56679
6.56679
8.69303
8.69303
8.69303
8.69303
8.69303
8.69303
6.56679
8.69303
8.69303
8.69303
8.69303
6.56679
6.56679
8.69303
8.69303
8.69303
8.69303
6.56679
6.56679
8.69303
8.69303
8.69303
8.69303
8.69303
8.69303
6.56679
8.69303
8.69303
8.69303
8.69303
8.69303
8.69303
8.69303
8.69303
8.69303
8.69303
6.56679
8.69303
8.69303
8.69303
8.69303
8.69303
8.69303
8.69303
8.69303
8.69303
8.69303
8.69303
8.69303
6.56679
8.69303
8.69303
8.69303
8.69303
6.56679
6.56679
6.56679
8.69303
8.69303
8.69303
6.56679
6.56679
8.69303
8.69303
8.69303
8.69303
6.56679
6.56679
8.69303
8.69303
8.69303
8.69303
8.69303
8.69303
8.69303
8.69303
8.69303
8.69303
8.69303
8.69303
8.69303
8.69303
8.69303
8.69303
6.56679
8.69303
8.69303
8.69303
8.69303
8.69303
8.69303
6.56679
8.69303
8.69303
8.69303
8.69303
6.56679
8.69303
8.69303
8.69303
8.69303
8.69303
8.69303
6.56679
6.56679
8.69303
8.69303
8.69303
6.56679
8.69303
8.69303
8.69303
8.69303
8.69303
6.56679
8.69303
8.69303
8.69303
8.69303
8.69303
6.56679
8.69303
8.69303
8.69303
8.69303
8.69303
6.56679
8.69303
8.69303
8.69303
8.69303
8.69303
6.56679
8.69303
8.69303
8.69303
8.69303
8.69303
6.56679
8.69303
8.69303
8.69303
8.69303
8.69303
8.69303
8.69303
8.69303
8.69303
8.69303
8.69303
8.69303
8.69303
8.69303
8.69303
8.69303
8.69303
8.69303
8.69303
8.69303
8.69303
8.69303
8.69303
8.69303
8.69303
8.69303
8.69303
8.69303
8.69303
8.69303
8.69303
8.69303
8.69303
6.56679
8.69303
8.69303
8.69303
6.56679
8.69303
8.69303
8.69303
8.69303
8.69303
6.56679
8.69303
8.69303
8.69303
8.69303
8.69303
8.69303
8.69303
8.69303
8.69303
8.69303
8.69303
8.69303
8.69303
8.69303
8.69303
8.69303
8.69303
8.69303
8.69303
8.69303
8.69303
8.69303
8.69303
8.69303
8.69303
8.69303
8.69303
8.69303
8.69303
6.56679
8.69303
8.69303
8.69303
8.69303
8.69303
6.56679
8.69303
8.69303
8.69303
8.69303
6.56679
8.69303
8.69303
8.69303
8.69303
8.69303
8.69303
6.56679
8.69303
8.69303
8.69303
8.69303
8.69303
6.56679
8.69303
8.69303
8.69303
8.69303
8.69303
6.56679
8.69303
8.69303
8.69303
8.69303
8.69303
6.56679
8.69303
8.69303
8.69303
8.69303
8.69303
6.56679
8.69303
8.69303
8.69303
8.69303
8.69303
6.56679
8.69303
8.69303
8.69303
8.69303
8.69303
6.56679
8.69303
8.69303
8.69303
8.69303
6.56679
6.56679
8.69303
8.69303
8.69303
8.69303
8.69303
8.69303
8.69303
8.69303
8.69303
8.69303
8.69303
6.56679
6.56679
8.69303
8.69303
8.69303
8.69303
8.69303
8.69303
8.69303
8.69303
8.69303
8.69303
8.69303
6.56679
8.69303
8.69303
8.69303
8.69303
8.69303
6.56679
8.69303
8.69303
8.69303
8.69303
6.56679
8.69303
8.69303
8.69303
8.69303
8.69303
8.69303
6.56679
8.69303
8.69303
8.69303
8.69303
8.69303
6.56679
8.69303
8.69303
8.69303
8.69303
8.69303
8.69303
8.69303
8.69303
8.69303
8.69303
8.69303
8.69303
6.56679
8.69303
8.69303
8.69303
8.69303
8.69303
6.56679
6.56679
8.69303
8.69303
8.69303
8.69303
8.69303
8.69303
8.69303
8.69303
8.69303
8.69303
6.56679
8.69303
8.69303
8.69303
8.69303
8.69303
8.69303
6.56679
6.56679
8.69303
8.69303
8.69303
8.69303
8.69303
8.69303
8.69303
8.69303
6.56679
6.56679
8.69303
8.69303
8.69303
8.69303
8.69303
6.56679
8.69303
8.69303
8.69303
8.69303
8.69303
6.56679
8.69303
8.69303
8.69303
8.69303
8.69303
6.56679
6.56679
8.69303
8.69303
8.69303
8.69303
8.69303
6.56679
8.69303
8.69303
8.69303
8.69303
8.69303
6.56679
8.69303
8.69303
8.69303
8.69303
8.69303
6.56679
6.56679
8.69303
8.69303
8.69303
8.69303
8.69303
8.69303
8.69303
8.69303
8.69303
8.69303
6.56679
8.69303
8.69303
8.69303
8.69303
8.69303
8.69303
6.56679
8.69303
8.69303
8.69303
8.69303
8.69303
8.69303
8.69303
8.69303
8.69303
8.69303
6.56679
6.56679
8.69303
8.69303
8.69303
8.69303
8.69303
6.56679
8.69303
8.69303
8.69303
8.69303
8.69303
6.56679
8.69303
8.69303
8.69303
8.69303
8.69303
6.56679
8.69303
8.69303
8.69303
8.69303
8.69303
8.69303
8.69303
8.69303
8.69303
8.69303
8.69303
6.56679
8.69303
8.69303
8.69303
8.69303
8.69303
6.56679
8.69303
8.69303
8.69303
8.69303
6.56679
8.69303
8.69303
8.69303
8.69303
8.69303
8.69303
8.69303
8.69303
8.69303
8.69303
8.69303
8.69303
8.69303
8.69303
8.69303
8.69303
8.69303
8.69303
6.56679
8.69303
8.69303
8.69303
8.69303
8.69303
8.69303
6.56679
8.69303
8.69303
8.69303
8.69303
8.69303
6.56679
8.69303
8.69303
8.69303
8.69303
8.69303
8.69303
8.69303
8.69303
8.69303
8.69303
8.69303
8.69303
8.69303
8.69303
8.69303
8.69303
8.69303
8.69303
6.56679
6.56679
8.69303
8.69303
8.69303
6.56679
6.56679
8.69303
8.69303
8.69303
8.69303
8.69303
6.56679
8.69303
8.69303
8.69303
8.69303
8.69303
8.69303
6.56679
8.69303
8.69303
8.69303
8.69303
8.69303
8.69303
8.69303
8.69303
8.69303
8.69303
8.69303
6.56679
8.69303
8.69303
8.69303
8.69303
6.56679
8.69303
8.69303
8.69303
8.69303
8.69303
6.56679
8.69303
8.69303
8.69303
8.69303
8.69303
8.69303
8.69303
8.69303
8.69303
8.69303
8.69303
8.69303
6.56679
8.69303
8.69303
8.69303
8.69303
8.69303
6.56679
6.56679
8.69303
8.69303
8.69303
8.69303
8.69303
8.69303
8.69303
8.69303
8.69303
8.69303
6.56679
8.69303
8.69303
8.69303
8.69303
8.69303
8.69303
6.56679
8.69303
8.69303
8.69303
8.69303
8.69303
8.69303
8.69303
8.69303
8.69303
8.69303
8.69303
6.56679
8.69303
8.69303
8.69303
8.69303
8.69303
6.56679
8.69303
8.69303
8.69303
8.69303
8.69303
6.56679
8.69303
8.69303
8.69303
8.69303
8.69303
6.56679
6.56679
8.69303
8.69303
8.69303
8.69303
8.69303
8.69303
8.69303
8.69303
8.69303
8.69303
6.56679
8.69303
8.69303
8.69303
8.69303
8.69303
6.56679
8.69303
8.69303
8.69303
8.69303
8.69303
8.69303
8.69303
8.69303
8.69303
8.69303
6.56679
6.56679
8.69303
8.69303
8.69303
8.69303
8.69303
6.56679
8.69303
8.69303
8.69303
8.69303
8.69303
6.56679
6.56679
8.69303
8.69303
8.69303
8.69303
8.69303
8.69303
8.69303
8.69303
8.69303
8.69303
6.56679
8.69303
8.69303
8.69303
8.69303
8.69303
6.56679
8.69303
8.69303
8.69303
8.69303
8.69303
6.56679
8.69303
8.69303
8.69303
8.69303
8.69303
6.56679
8.69303
8.69303
8.69303
8.69303
8.69303
6.56679
8.69303
8.69303
8.69303
8.69303
8.69303
6.56679
8.69303
8.69303
8.69303
8.69303
8.69303
6.56679
8.69303
8.69303
8.69303
8.69303
6.56679
8.69303
8.69303
8.69303
8.69303
8.69303
6.56679
8.69303
8.69303
8.69303
8.69303
8.69303
8.69303
8.69303
8.69303
8.69303
8.69303
8.69303
6.56679
8.69303
8.69303
8.69303
8.69303
8.69303
6.56679
8.69303
8.69303
8.69303
8.69303
8.69303
6.56679
8.69303
8.69303
8.69303
8.69303
8.69303
6.56679
8.69303
8.69303
8.69303
8.69303
8.69303
6.56679
8.69303
8.69303
8.69303
8.69303
8.69303
6.56679
8.69303
8.69303
8.69303
8.69303
8.69303
6.56679
8.69303
8.69303
8.69303
8.69303
8.69303
6.56679
8.69303
8.69303
8.69303
8.69303
8.69303
6.56679
8.69303
8.69303
8.69303
8.69303
8.69303
6.56679
8.69303
8.69303
8.69303
8.69303
8.69303
6.56679
8.69303
8.69303
8.69303
8.69303
8.69303
6.56679
8.69303
8.69303
8.69303
8.69303
8.69303
6.56679
8.69303
8.69303
8.69303
8.69303
6.56679
6.56679
8.69303
8.69303
8.69303
8.69303
8.69303
6.56679
8.69303
8.69303
8.69303
8.69303
6.56679
6.56679
8.69303
8.69303
8.69303
8.69303
8.69303
8.69303
8.69303
8.69303
8.69303
8.69303
6.56679
6.56679
8.69303
8.69303
8.69303
8.69303
6.56679
6.56679
8.69303
8.69303
8.69303
8.69303
8.69303
6.56679
6.56679
8.69303
8.69303
8.69303
8.69303
6.56679
8.69303
8.69303
8.69303
8.69303
8.69303
6.56679
8.69303
8.69303
8.69303
8.69303
8.69303
6.56679
8.69303
8.69303
8.69303
8.69303
8.69303
6.56679
8.69303
8.69303
8.69303
8.69303
8.69303
8.69303
6.56679
8.69303
8.69303
8.69303
8.69303
8.69303
6.56679
6.56679
8.69303
8.69303
8.69303
8.69303
8.69303
8.69303
8.69303
8.69303
8.69303
8.69303
6.56679
8.69303
8.69303
8.69303
8.69303
8.69303
6.56679
8.69303
8.69303
8.69303
8.69303
8.69303
6.56679
8.69303
8.69303
8.69303
8.69303
8.69303
6.56679
6.56679
8.69303
8.69303
8.69303
8.69303
8.69303
6.56679
8.69303
8.69303
8.69303
8.69303
6.56679
8.69303
8.69303
8.69303
8.69303
8.69303
8.69303
6.56679
8.69303
8.69303
8.69303
8.69303
6.56679
6.56679
8.69303
8.69303
8.69303
8.69303
6.56679
6.56679
8.69303
8.69303
8.69303
8.69303
8.69303
6.56679
8.69303
8.69303
8.69303
8.69303
8.69303
6.56679
8.69303
8.69303
8.69303
8.69303
8.69303
6.56679
6.56679
8.69303
8.69303
8.69303
6.56679
6.56679
8.69303
8.69303
8.69303
8.69303
8.69303
6.56679
8.69303
8.69303
8.69303
8.69303
8.69303
6.56679
8.69303
8.69303
8.69303
8.69303
8.69303
6.56679
8.69303
8.69303
8.69303
8.69303
8.69303
6.56679
6.56679
8.69303
8.69303
8.69303
8.69303
8.69303
8.69303
8.69303
8.69303
8.69303
8.69303
6.56679
8.69303
8.69303
8.69303
8.69303
8.69303
6.56679
8.69303
8.69303
8.69303
8.69303
8.69303
6.56679
6.56679
8.69303
8.69303
8.69303
8.69303
8.69303
8.69303
8.69303
8.69303
8.69303
8.69303
6.56679
8.69303
8.69303
8.69303
8.69303
8.69303
6.56679
8.69303
8.69303
8.69303
8.69303
8.69303
6.56679
8.69303
8.69303
8.69303
8.69303
8.69303
8.69303
8.69303
8.69303
8.69303
8.69303
6.56679
6.56679
8.69303
8.69303
8.69303
8.69303
8.69303
8.69303
8.69303
6.56679
8.69303
8.69303
8.69303
8.69303
8.69303
8.69303
8.69303
8.69303
8.69303
6.56679
8.69303
8.69303
8.69303
8.69303
8.69303
6.56679
8.69303
8.69303
8.69303
8.69303
8.69303
6.56679
6.56679
8.69303
8.69303
8.69303
8.69303
8.69303
8.69303
8.69303
8.69303
8.69303
8.69303
6.56679
8.69303
8.69303
8.69303
8.69303
8.69303
6.56679
8.69303
8.69303
8.69303
8.69303
6.56679
8.69303
8.69303
8.69303
8.69303
8.69303
8.69303
6.56679
8.69303
8.69303
8.69303
8.69303
8.69303
6.56679
8.69303
8.69303
8.69303
8.69303
8.69303
6.56679
8.69303
8.69303
8.69303
8.69303
8.69303
8.69303
8.69303
8.69303
8.69303
8.69303
8.69303
8.69303
6.56679
8.69303
8.69303
8.69303
8.69303
8.69303
6.56679
8.69303
8.69303
8.69303
8.69303
8.69303
8.69303
6.56679
6.56679
8.69303
8.69303
8.69303
8.69303
6.56679
8.69303
8.69303
8.69303
8.69303
8.69303
6.56679
8.69303
8.69303
8.69303
8.69303
8.69303
8.69303
6.56679
8.69303
8.69303
8.69303
8.69303
8.69303
8.69303
8.69303
8.69303
8.69303
8.69303
8.69303
6.56679
8.69303
8.69303
8.69303
8.69303
8.69303
6.56679
8.69303
8.69303
8.69303
8.69303
8.69303
6.56679
8.69303
8.69303
8.69303
8.69303
8.69303
8.69303
8.69303
8.69303
8.69303
8.69303
8.69303
8.69303
8.69303
8.69303
8.69303
8.69303
8.69303
8.69303
6.56679
8.69303
8.69303
8.69303
8.69303
6.56679
6.56679
8.69303
8.69303
8.69303
8.69303
6.56679
6.56679
8.69303
8.69303
8.69303
8.69303
6.56679
8.69303
8.69303
8.69303
8.69303
8.69303
6.56679
8.69303
8.69303
8.69303
8.69303
8.69303
6.56679
8.69303
8.69303
8.69303
8.69303
8.69303
8.69303
6.56679
8.69303
8.69303
8.69303
8.69303
8.69303
6.56679
8.69303
8.69303
8.69303
8.69303
8.69303
6.56679
8.69303
8.69303
8.69303
8.69303
8.69303
6.56679
8.69303
8.69303
8.69303
8.69303
8.69303
6.56679
8.69303
8.69303
8.69303
8.69303
8.69303
8.69303
8.69303
8.69303
8.69303
8.69303
8.69303
8.69303
6.56679
8.69303
8.69303
8.69303
8.69303
8.69303
6.56679
8.69303
8.69303
8.69303
8.69303
8.69303
6.56679
8.69303
8.69303
8.69303
8.69303
6.56679
8.69303
8.69303
8.69303
8.69303
8.69303
8.69303
6.56679
8.69303
8.69303
8.69303
8.69303
8.69303
6.56679
8.69303
8.69303
8.69303
8.69303
8.69303
8.69303
6.56679
8.69303
8.69303
8.69303
8.69303
8.69303
6.56679
8.69303
8.69303
8.69303
8.69303
8.69303
6.56679
8.69303
8.69303
8.69303
8.69303
8.69303
6.56679
8.69303
8.69303
8.69303
8.69303
8.69303
6.56679
8.69303
8.69303
8.69303
8.69303
8.69303
8.69303
6.56679
8.69303
8.69303
8.69303
8.69303
8.69303
6.56679
8.69303
8.69303
8.69303
8.69303
8.69303
6.56679
8.69303
8.69303
8.69303
8.69303
8.69303
8.69303
6.56679
8.69303
8.69303
8.69303
8.69303
8.69303
8.69303
6.56679
6.56679
8.69303
8.69303
8.69303
6.56679
8.69303
8.69303
8.69303
8.69303
8.69303
8.69303
6.56679
8.69303
8.69303
8.69303
8.69303
8.69303
6.56679
8.69303
8.69303
8.69303
8.69303
8.69303
8.69303
6.56679
8.69303
8.69303
8.69303
8.69303
8.69303
6.56679
8.69303
8.69303
8.69303
8.69303
8.69303
6.56679
8.69303
8.69303
8.69303
8.69303
8.69303
8.69303
8.69303
8.69303
8.69303
8.69303
8.69303
8.69303
8.69303
8.69303
8.69303
8.69303
8.69303
6.56679
6.56679
8.69303
8.69303
8.69303
8.69303
8.69303
8.69303
8.69303
8.69303
8.69303
8.69303
8.69303
8.69303
8.69303
8.69303
8.69303
8.69303
8.69303
8.69303
6.56679
8.69303
8.69303
8.69303
8.69303
6.56679
6.56679
8.69303
8.69303
8.69303
8.69303
8.69303
8.69303
8.69303
8.69303
8.69303
8.69303
8.69303
8.69303
6.56679
8.69303
8.69303
8.69303
8.69303
6.56679
6.56679
8.69303
8.69303
8.69303
8.69303
8.69303
6.56679
8.69303
8.69303
8.69303
8.69303
8.69303
8.69303
6.56679
6.56679
8.69303
8.69303
8.69303
8.69303
6.56679
8.69303
8.69303
8.69303
8.69303
8.69303
8.69303
8.69303
8.69303
8.69303
8.69303
8.69303
8.69303
6.56679
6.56679
8.69303
8.69303
8.69303
8.69303
6.56679
8.69303
8.69303
8.69303
8.69303
8.69303
6.56679
6.56679
8.69303
8.69303
8.69303
8.69303
8.69303
8.69303
8.69303
8.69303
8.69303
8.69303
6.56679
8.69303
8.69303
8.69303
8.69303
8.69303
8.69303
6.56679
8.69303
8.69303
8.69303
8.69303
8.69303
6.56679
8.69303
8.69303
8.69303
8.69303
6.56679
8.69303
8.69303
8.69303
8.69303
8.69303
8.69303
6.56679
8.69303
8.69303
8.69303
8.69303
8.69303
6.56679
8.69303
8.69303
8.69303
8.69303
8.69303
6.56679
8.69303
8.69303
8.69303
8.69303
8.69303
6.56679
8.69303
8.69303
8.69303
8.69303
8.69303
6.56679
8.69303
8.69303
8.69303
8.69303
8.69303
6.56679
8.69303
8.69303
8.69303
8.69303
8.69303
8.69303
8.69303
8.69303
8.69303
8.69303
8.69303
8.69303
8.69303
8.69303
8.69303
8.69303
8.69303
8.69303
8.69303
8.69303
8.69303
8.69303
8.69303
8.69303
6.56679
6.56679
8.69303
8.69303
8.69303
8.69303
8.69303
8.69303
8.69303
8.69303
8.69303
8.69303
8.69303
8.69303
8.69303
8.69303
8.69303
8.69303
8.69303
6.56679
8.69303
8.69303
8.69303
8.69303
8.69303
6.56679
8.69303
8.69303
8.69303
8.69303
8.69303
8.69303
6.56679
8.69303
8.69303
8.69303
8.69303
8.69303
6.56679
8.69303
8.69303
8.69303
8.69303
8.69303
8.69303
6.56679
6.56679
8.69303
8.69303
8.69303
8.69303
8.69303
8.69303
8.69303
8.69303
8.69303
6.56679
8.69303
8.69303
8.69303
8.69303
8.69303
6.56679
8.69303
8.69303
8.69303
8.69303
8.69303
8.69303
8.69303
8.69303
8.69303
8.69303
8.69303
6.56679
6.56679
6.56679
8.69303
8.69303
8.69303
6.56679
8.69303
8.69303
8.69303
8.69303
8.69303
6.56679
8.69303
8.69303
8.69303
8.69303
8.69303
8.69303
6.56679
8.69303
8.69303
8.69303
8.69303
6.56679
8.69303
8.69303
8.69303
8.69303
8.69303
8.69303
8.69303
8.69303
8.69303
8.69303
8.69303
8.69303
8.69303
8.69303
8.69303
8.69303
8.69303
8.69303
6.56679
8.69303
8.69303
8.69303
8.69303
8.69303
6.56679
8.69303
8.69303
8.69303
8.69303
8.69303
6.56679
8.69303
8.69303
8.69303
8.69303
8.69303
8.69303
6.56679
6.56679
8.69303
8.69303
8.69303
6.56679
8.69303
8.69303
8.69303
8.69303
8.69303
8.69303
8.69303
8.69303
8.69303
8.69303
8.69303
8.69303
8.69303
8.69303
8.69303
8.69303
8.69303
8.69303
6.56679
8.69303
8.69303
8.69303
8.69303
8.69303
6.56679
8.69303
8.69303
8.69303
8.69303
8.69303
8.69303
6.56679
8.69303
8.69303
8.69303
8.69303
8.69303
6.56679
8.69303
8.69303
8.69303
8.69303
8.69303
6.56679
6.56679
8.69303
8.69303
8.69303
8.69303
8.69303
8.69303
8.69303
8.69303
8.69303
8.69303
6.56679
8.69303
8.69303
8.69303
8.69303
8.69303
6.56679
8.69303
8.69303
8.69303
8.69303
8.69303
8.69303
8.69303
8.69303
8.69303
8.69303
8.69303
6.56679
6.56679
8.69303
8.69303
8.69303
8.69303
8.69303
6.56679
8.69303
8.69303
8.69303
8.69303
6.56679
8.69303
8.69303
8.69303
8.69303
8.69303
8.69303
6.56679
8.69303
8.69303
8.69303
8.69303
8.69303
6.56679
6.56679
8.69303
8.69303
8.69303
8.69303
8.69303
6.56679
8.69303
8.69303
8.69303
8.69303
8.69303
6.56679
8.69303
8.69303
8.69303
8.69303
8.69303
8.69303
6.56679
8.69303
8.69303
8.69303
8.69303
8.69303
8.69303
8.69303
8.69303
8.69303
8.69303
6.56679
6.56679
8.69303
8.69303
8.69303
8.69303
8.69303
6.56679
8.69303
8.69303
8.69303
8.69303
8.69303
6.56679
8.69303
8.69303
8.69303
8.69303
8.69303
8.69303
8.69303
8.69303
8.69303
8.69303
8.69303
6.56679
6.56679
6.56679
6.56679
6.56679
6.56679
6.56679
6.56679
6.56679
8.69303
8.69303
8.69303
8.69303
8.69303
8.69303
8.69303
8.69303
8.69303
6.56679
8.69303
8.69303
8.69303
8.69303
8.69303
6.56679
8.69303
8.69303
8.69303
8.69303
8.69303
8.69303
8.69303
8.69303
8.69303
8.69303
6.56679
6.56679
8.69303
8.69303
8.69303
8.69303
8.69303
8.69303
6.56679
8.69303
8.69303
8.69303
8.69303
6.56679
8.69303
8.69303
8.69303
8.69303
8.69303
6.56679
6.56679
8.69303
8.69303
8.69303
8.69303
8.69303
6.56679
8.69303
8.69303
8.69303
8.69303
8.69303
6.56679
8.69303
8.69303
8.69303
8.69303
8.69303
6.56679
8.69303
8.69303
8.69303
8.69303
8.69303
8.69303
6.56679
8.69303
8.69303
8.69303
8.69303
8.69303
6.56679
8.69303
8.69303
8.69303
8.69303
8.69303
6.56679
8.69303
8.69303
8.69303
8.69303
8.69303
6.56679
8.69303
8.69303
8.69303
8.69303
8.69303
6.56679
8.69303
8.69303
8.69303
8.69303
6.56679
6.56679
8.69303
8.69303
8.69303
8.69303
8.69303
6.56679
6.56679
8.69303
8.69303
8.69303
8.69303
6.56679
6.56679
8.69303
8.69303
8.69303
8.69303
8.69303
6.56679
8.69303
8.69303
8.69303
8.69303
6.56679
6.56679
8.69303
8.69303
8.69303
8.69303
8.69303
6.56679
8.69303
8.69303
8.69303
8.69303
8.69303
6.56679
8.69303
8.69303
8.69303
8.69303
8.69303
8.69303
6.56679
6.56679
8.69303
8.69303
8.69303
8.69303
6.56679
6.56679
8.69303
8.69303
8.69303
8.69303
6.56679
8.69303
8.69303
8.69303
8.69303
8.69303
6.56679
8.69303
8.69303
8.69303
8.69303
8.69303
6.56679
8.69303
8.69303
8.69303
8.69303
8.69303
6.56679
8.69303
8.69303
8.69303
8.69303
8.69303
6.56679
8.69303
8.69303
8.69303
8.69303
8.69303
8.69303
6.56679
8.69303
8.69303
8.69303
8.69303
8.69303
6.56679
8.69303
8.69303
8.69303
8.69303
8.69303
6.56679
8.69303
8.69303
8.69303
8.69303
8.69303
8.69303
6.56679
8.69303
8.69303
8.69303
8.69303
8.69303
6.56679
8.69303
8.69303
8.69303
8.69303
8.69303
8.69303
6.56679
8.69303
8.69303
8.69303
8.69303
8.69303
6.56679
8.69303
8.69303
8.69303
8.69303
8.69303
6.56679
8.69303
8.69303
8.69303
8.69303
8.69303
6.56679
8.69303
8.69303
8.69303
8.69303
8.69303
6.56679
8.69303
8.69303
8.69303
8.69303
8.69303
8.69303
6.56679
8.69303
8.69303
8.69303
8.69303
8.69303
6.56679
8.69303
8.69303
8.69303
8.69303
8.69303
8.69303
6.56679
8.69303
8.69303
8.69303
6.56679
6.56679
8.69303
8.69303
8.69303
8.69303
8.69303
8.69303
8.69303
8.69303
8.69303
8.69303
8.69303
8.69303
8.69303
8.69303
8.69303
8.69303
8.69303
6.56679
8.69303
8.69303
8.69303
8.69303
8.69303
6.56679
6.56679
8.69303
8.69303
8.69303
8.69303
8.69303
6.56679
8.69303
8.69303
8.69303
8.69303
8.69303
6.56679
8.69303
8.69303
8.69303
8.69303
8.69303
6.56679
8.69303
8.69303
8.69303
8.69303
8.69303
6.56679
8.69303
8.69303
8.69303
8.69303
8.69303
6.56679
8.69303
8.69303
8.69303
8.69303
8.69303
6.56679
8.69303
8.69303
8.69303
8.69303
6.56679
6.56679
8.69303
8.69303
8.69303
8.69303
8.69303
8.69303
8.69303
8.69303
8.69303
8.69303
8.69303
8.69303
8.69303
8.69303
8.69303
8.69303
8.69303
8.69303
8.69303
8.69303
8.69303
8.69303
8.69303
8.69303
6.56679
6.56679
8.69303
8.69303
8.69303
8.69303
6.56679
8.69303
8.69303
8.69303
8.69303
8.69303
8.69303
6.56679
8.69303
8.69303
8.69303
8.69303
8.69303
6.56679
8.69303
8.69303
8.69303
8.69303
8.69303
6.56679
8.69303
8.69303
8.69303
8.69303
8.69303
8.69303
6.56679
8.69303
8.69303
8.69303
8.69303
6.56679
8.69303
8.69303
8.69303
8.69303
8.69303
8.69303
6.56679
8.69303
8.69303
8.69303
8.69303
6.56679
8.69303
8.69303
8.69303
8.69303
8.69303
8.69303
6.56679
8.69303
8.69303
8.69303
8.69303
8.69303
6.56679
8.69303
8.69303
8.69303
8.69303
8.69303
6.56679
8.69303
8.69303
8.69303
8.69303
8.69303
6.56679
8.69303
8.69303
8.69303
8.69303
8.69303
8.69303
6.56679
8.69303
8.69303
8.69303
8.69303
8.69303
6.56679
8.69303
8.69303
8.69303
8.69303
8.69303
8.69303
8.69303
8.69303
8.69303
8.69303
8.69303
8.69303
8.69303
8.69303
8.69303
8.69303
8.69303
8.69303
8.69303
8.69303
8.69303
8.69303
8.69303
8.69303
8.69303
8.69303
8.69303
8.69303
8.69303
6.56679
8.69303
8.69303
8.69303
8.69303
8.69303
8.69303
6.56679
8.69303
8.69303
8.69303
8.69303
8.69303
6.56679
8.69303
8.69303
8.69303
8.69303
8.69303
6.56679
8.69303
8.69303
8.69303
8.69303
8.69303
8.69303
6.56679
8.69303
8.69303
8.69303
8.69303
8.69303
6.56679
8.69303
8.69303
8.69303
8.69303
8.69303
6.56679
8.69303
8.69303
8.69303
8.69303
8.69303
6.56679
8.69303
8.69303
8.69303
8.69303
8.69303
8.69303
6.56679
8.69303
8.69303
8.69303
8.69303
8.69303
6.56679
8.69303
8.69303
8.69303
8.69303
8.69303
8.69303
8.69303
8.69303
8.69303
8.69303
8.69303
6.56679
6.56679
8.69303
8.69303
8.69303
8.69303
6.56679
8.69303
8.69303
8.69303
8.69303
8.69303
6.56679
8.69303
8.69303
8.69303
8.69303
8.69303
6.56679
6.56679
8.69303
8.69303
8.69303
8.69303
6.56679
8.69303
8.69303
8.69303
8.69303
8.69303
6.56679
8.69303
8.69303
8.69303
8.69303
8.69303
6.56679
8.69303
8.69303
8.69303
8.69303
8.69303
6.56679
8.69303
8.69303
8.69303
8.69303
8.69303
8.69303
6.56679
8.69303
8.69303
8.69303
8.69303
8.69303
6.56679
8.69303
8.69303
8.69303
8.69303
6.56679
6.56679
8.69303
8.69303
8.69303
8.69303
6.56679
6.56679
8.69303
8.69303
8.69303
8.69303
8.69303
8.69303
8.69303
8.69303
8.69303
8.69303
8.69303
8.69303
8.69303
8.69303
8.69303
8.69303
8.69303
6.56679
8.69303
8.69303
8.69303
8.69303
8.69303
6.56679
8.69303
8.69303
8.69303
8.69303
8.69303
8.69303
6.56679
8.69303
8.69303
8.69303
8.69303
8.69303
6.56679
8.69303
8.69303
8.69303
8.69303
8.69303
6.56679
8.69303
8.69303
8.69303
8.69303
8.69303
6.56679
8.69303
8.69303
8.69303
8.69303
8.69303
6.56679
8.69303
8.69303
8.69303
8.69303
8.69303
6.56679
8.69303
8.69303
8.69303
8.69303
8.69303
6.56679
8.69303
8.69303
8.69303
8.69303
8.69303
6.56679
8.69303
8.69303
8.69303
8.69303
8.69303
6.56679
6.56679
6.56679
6.56679
8.69303
8.69303
8.69303
8.69303
8.69303
8.69303
8.69303
8.69303
8.69303
8.69303
8.69303
8.69303
8.69303
8.69303
8.69303
8.69303
8.69303
8.69303
8.69303
8.69303
8.69303
8.69303
8.69303
8.69303
8.69303
8.69303
8.69303
6.56679
6.56679
8.69303
8.69303
8.69303
8.69303
6.56679
6.56679
8.69303
8.69303
8.69303
8.69303
8.69303
8.69303
8.69303
8.69303
8.69303
8.69303
8.69303
6.56679
8.69303
8.69303
8.69303
8.69303
8.69303
8.69303
8.69303
8.69303
8.69303
8.69303
8.69303
8.69303
8.69303
8.69303
8.69303
8.69303
8.69303
8.69303
8.69303
8.69303
8.69303
8.69303
8.69303
6.56679
6.56679
8.69303
8.69303
8.69303
8.69303
6.56679
8.69303
8.69303
8.69303
8.69303
8.69303
8.69303
8.69303
8.69303
8.69303
8.69303
8.69303
8.69303
6.56679
6.56679
8.69303
8.69303
8.69303
8.69303
8.69303
8.69303
8.69303
8.69303
8.69303
8.69303
8.69303
6.56679
8.69303
8.69303
8.69303
8.69303
8.69303
6.56679
8.69303
8.69303
8.69303
8.69303
8.69303
8.69303
8.69303
8.69303
8.69303
8.69303
8.69303
8.69303
8.69303
8.69303
8.69303
8.69303
8.69303
8.69303
6.56679
8.69303
8.69303
8.69303
8.69303
8.69303
8.69303
6.56679
8.69303
8.69303
8.69303
8.69303
8.69303
6.56679
8.69303
8.69303
8.69303
8.69303
8.69303
8.69303
6.56679
8.69303
8.69303
8.69303
8.69303
8.69303
6.56679
8.69303
8.69303
8.69303
8.69303
8.69303
6.56679
8.69303
8.69303
8.69303
8.69303
8.69303
6.56679
8.69303
8.69303
8.69303
8.69303
8.69303
6.56679
8.69303
8.69303
8.69303
8.69303
6.56679
6.56679
8.69303
8.69303
8.69303
8.69303
6.56679
6.56679
8.69303
8.69303
8.69303
8.69303
8.69303
8.69303
8.69303
8.69303
8.69303
8.69303
8.69303
8.69303
8.69303
8.69303
8.69303
8.69303
8.69303
8.69303
6.56679
8.69303
8.69303
8.69303
8.69303
8.69303
6.56679
8.69303
8.69303
8.69303
8.69303
8.69303
8.69303
6.56679
8.69303
8.69303
8.69303
8.69303
8.69303
8.69303
8.69303
8.69303
8.69303
8.69303
8.69303
8.69303
8.69303
8.69303
8.69303
8.69303
8.69303
6.56679
6.56679
8.69303
8.69303
8.69303
8.69303
8.69303
8.69303
8.69303
8.69303
8.69303
8.69303
8.69303
8.69303
8.69303
8.69303
8.69303
8.69303
8.69303
8.69303
6.56679
6.56679
8.69303
8.69303
8.69303
8.69303
6.56679
6.56679
8.69303
8.69303
8.69303
8.69303
8.69303
8.69303
8.69303
8.69303
8.69303
8.69303
6.56679
8.69303
8.69303
8.69303
8.69303
8.69303
8.69303
6.56679
8.69303
8.69303
8.69303
8.69303
8.69303
6.56679
6.56679
8.69303
8.69303
8.69303
8.69303
6.56679
8.69303
8.69303
8.69303
8.69303
8.69303
8.69303
6.56679
6.56679
8.69303
8.69303
8.69303
8.69303
6.56679
8.69303
8.69303
8.69303
8.69303
8.69303
6.56679
6.56679
8.69303
8.69303
8.69303
8.69303
8.69303
8.69303
8.69303
8.69303
8.69303
8.69303
8.69303
8.69303
8.69303
8.69303
8.69303
8.69303
8.69303
6.56679
6.56679
8.69303
8.69303
8.69303
6.56679
6.56679
8.69303
8.69303
8.69303
8.69303
8.69303
8.69303
8.69303
8.69303
8.69303
8.69303
8.69303
6.56679
6.56679
8.69303
8.69303
8.69303
8.69303
8.69303
8.69303
8.69303
8.69303
8.69303
8.69303
8.69303
6.56679
8.69303
8.69303
8.69303
8.69303
8.69303
6.56679
8.69303
8.69303
8.69303
8.69303
8.69303
6.56679
8.69303
8.69303
8.69303
8.69303
8.69303
6.56679
8.69303
8.69303
8.69303
8.69303
8.69303
8.69303
6.56679
6.56679
6.56679
8.69303
8.69303
8.69303
6.56679
8.69303
8.69303
8.69303
8.69303
8.69303
6.56679
6.56679
8.69303
8.69303
8.69303
8.69303
6.56679
8.69303
8.69303
8.69303
8.69303
8.69303
8.69303
6.56679
6.56679
8.69303
8.69303
8.69303
6.56679
6.56679
8.69303
8.69303
8.69303
8.69303
8.69303
6.56679
6.56679
8.69303
8.69303
8.69303
8.69303
8.69303
6.56679
8.69303
8.69303
8.69303
8.69303
8.69303
6.56679
8.69303
8.69303
8.69303
8.69303
8.69303
6.56679
8.69303
8.69303
8.69303
8.69303
8.69303
6.56679
8.69303
8.69303
8.69303
8.69303
8.69303
8.69303
6.56679
8.69303
8.69303
8.69303
8.69303
8.69303
8.69303
8.69303
8.69303
8.69303
8.69303
8.69303
8.69303
8.69303
8.69303
8.69303
8.69303
8.69303
8.69303
6.56679
8.69303
8.69303
8.69303
8.69303
8.69303
8.69303
8.69303
8.69303
8.69303
8.69303
8.69303
8.69303
8.69303
8.69303
8.69303
8.69303
6.56679
6.56679
8.69303
8.69303
8.69303
8.69303
8.69303
8.69303
6.56679
8.69303
8.69303
8.69303
8.69303
8.69303
6.56679
8.69303
8.69303
8.69303
8.69303
8.69303
6.56679
8.69303
8.69303
8.69303
8.69303
8.69303
6.56679
8.69303
8.69303
8.69303
8.69303
8.69303
8.69303
8.69303
8.69303
8.69303
8.69303
8.69303
8.69303
6.56679
8.69303
8.69303
8.69303
8.69303
8.69303
6.56679
8.69303
8.69303
8.69303
8.69303
8.69303
8.69303
8.69303
8.69303
8.69303
8.69303
8.69303
8.69303
8.69303
8.69303
8.69303
8.69303
8.69303
8.69303
6.56679
8.69303
8.69303
8.69303
8.69303
8.69303
6.56679
8.69303
8.69303
8.69303
8.69303
8.69303
8.69303
6.56679
8.69303
8.69303
8.69303
8.69303
8.69303
6.56679
8.69303
8.69303
8.69303
8.69303
8.69303
6.56679
8.69303
8.69303
8.69303
8.69303
8.69303
6.56679
8.69303
8.69303
8.69303
8.69303
8.69303
6.56679
8.69303
8.69303
8.69303
8.69303
8.69303
6.56679
6.56679
8.69303
8.69303
8.69303
8.69303
8.69303
8.69303
8.69303
8.69303
8.69303
8.69303
6.56679
6.56679
8.69303
8.69303
8.69303
8.69303
8.69303
8.69303
6.56679
8.69303
8.69303
8.69303
8.69303
8.69303
6.56679
6.56679
8.69303
8.69303
8.69303
8.69303
8.69303
8.69303
8.69303
8.69303
8.69303
8.69303
8.69303
8.69303
8.69303
8.69303
8.69303
6.56679
6.56679
8.69303
8.69303
8.69303
8.69303
8.69303
6.56679
8.69303
8.69303
8.69303
8.69303
8.69303
6.56679
8.69303
8.69303
8.69303
8.69303
8.69303
8.69303
6.56679
8.69303
8.69303
8.69303
8.69303
8.69303
6.56679
8.69303
8.69303
8.69303
8.69303
8.69303
6.56679
8.69303
8.69303
8.69303
8.69303
8.69303
6.56679
8.69303
8.69303
8.69303
8.69303
8.69303
6.56679
8.69303
8.69303
8.69303
8.69303
8.69303
53.3428
53.3428
59.7212
59.7212
63.9734
63.9734
63.9734
63.9734
57.5951
55.469
172.397
219.164
125.628
125.628
125.628
125.628
127.754
123.502
125.628
125.628
125.628
127.754
136.258
151.139
151.139
176.649
176.649
178.775
176.649
178.775
178.775
178.775
178.775
178.775
180.901
180.901
185.152
185.152
185.152
183.026
183.026
183.026
185.152
185.152
187.278
185.152
187.278
185.152
185.152
185.152
187.278
183.026
183.026
183.026
183.026
183.026
183.026
185.152
183.026
183.026
183.026
183.026
183.026
183.026
178.775
178.775
178.775
178.775
187.278
187.278
189.404
189.404
189.404
189.404
189.404
189.404
191.529
191.529
191.529
191.529
191.529
185.152
178.775
180.901
185.152
185.152
187.278
185.152
185.152
185.152
185.152
187.278
187.278
187.278
187.278
185.152
187.278
187.278
183.026
183.026
183.026
185.152
187.278
185.152
185.152
183.026
183.026
185.152
183.026
185.152
185.152
183.026
185.152
185.152
185.152
185.152
185.152
185.152
187.278
187.278
187.278
187.278
187.278
187.278
187.278
187.278
185.152
185.152
185.152
185.152
185.152
185.152
185.152
185.152
185.152
185.152
187.278
187.278
187.278
187.278
187.278
187.278
185.152
185.152
185.152
185.152
185.152
185.152
185.152
185.152
185.152
187.278
185.152
185.152
187.278
187.278
187.278
187.278
187.278
187.278
187.278
187.278
187.278
187.278
187.278
187.278
187.278
185.152
185.152
185.152
187.278
187.278
187.278
187.278
189.404
189.404
187.278
189.404
189.404
189.404
189.404
187.278
189.404
189.404
189.404
189.404
189.404
187.278
187.278
185.152
185.152
185.152
185.152
187.278
187.278
187.278
189.404
189.404
189.404
189.404
191.529
189.404
191.529
191.529
191.529
185.152
187.278
189.404
187.278
187.278
187.278
185.152
187.278
187.278
187.278
189.404
189.404
189.404
187.278
189.404
189.404
189.404
189.404
189.404
189.404
189.404
189.404
189.404
189.404
187.278
189.404
189.404
189.404
189.404
189.404
189.404
189.404
189.404
189.404
189.404
187.278
191.529
189.404
189.404
189.404
189.404
189.404
189.404
187.278
189.404
191.529
189.404
189.404
189.404
189.404
189.404
189.404
189.404
191.529
189.404
189.404
191.529
189.404
191.529
191.529
187.278
189.404
187.278
189.404
189.404
189.404
189.404
189.404
189.404
187.278
189.404
187.278
187.278
189.404
187.278
187.278
187.278
187.278
187.278
189.404
187.278
189.404
189.404
189.404
189.404
189.404
191.529
189.404
189.404
189.404
189.404
189.404
189.404
191.529
189.404
189.404
187.278
187.278
187.278
189.404
189.404
189.404
189.404
189.404
189.404
191.529
189.404
191.529
191.529
191.529
191.529
193.655
191.529
191.529
191.529
189.404
191.529
191.529
191.529
191.529
191.529
189.404
191.529
191.529
191.529
191.529
191.529
191.529
191.529
191.529
191.529
191.529
191.529
191.529
191.529
191.529
191.529
191.529
191.529
189.404
189.404
187.278
189.404
189.404
191.529
191.529
191.529
189.404
189.404
191.529
191.529
191.529
191.529
191.529
191.529
193.655
193.655
193.655
191.529
193.655
191.529
193.655
193.655
193.655
193.655
191.529
191.529
191.529
193.655
193.655
193.655
193.655
193.655
193.655
193.655
191.529
193.655
191.529
191.529
193.655
193.655
191.529
189.404
189.404
189.404
189.404
191.529
191.529
189.404
187.278
189.404
191.529
191.529
191.529
189.404
189.404
191.529
187.278
191.529
191.529
189.404
189.404
189.404
191.529
191.529
189.404
191.529
185.152
193.655
193.655
193.655
193.655
193.655
193.655
191.529
191.529
193.655
191.529
191.529
191.529
191.529
191.529
189.404
191.529
191.529
189.404
191.529
191.529
191.529
191.529
191.529
191.529
191.529
191.529
193.655
193.655
191.529
191.529
193.655
191.529
191.529
193.655
191.529
191.529
193.655
191.529
193.655
191.529
191.529
193.655
191.529
193.655
193.655
193.655
193.655
195.781
193.655
193.655
187.278
187.278
193.655
193.655
193.655
191.529
191.529
193.655
193.655
193.655
193.655
193.655
193.655
193.655
193.655
189.404
191.529
191.529
191.529
189.404
191.529
189.404
189.404
168.146
178.775
191.529
193.655
193.655
191.529
191.529
191.529
191.529
187.278
187.278
157.516
174.523
174.523
174.523
193.655
193.655
191.529
193.655
195.781
195.781
193.655
191.529
191.529
191.529
191.529
191.529
191.529
191.529
191.529
191.529
191.529
187.278
187.278
187.278
189.404
189.404
189.404
189.404
187.278
187.278
187.278
187.278
187.278
183.026
183.026
183.026
183.026
191.529
191.529
193.655
193.655
193.655
193.655
195.781
195.781
195.781
195.781
193.655
193.655
195.781
193.655
193.655
193.655
193.655
195.781
195.781
195.781
195.781
195.781
195.781
197.907
195.781
193.655
193.655
195.781
189.404
191.529
189.404
191.529
189.404
189.404
191.529
189.404
189.404
191.529
189.404
191.529
189.404
191.529
189.404
189.404
191.529
191.529
189.404
189.404
189.404
189.404
191.529
191.529
189.404
189.404
191.529
189.404
189.404
189.404
191.529
191.529
191.529
189.404
189.404
191.529
191.529
191.529
189.404
191.529
189.404
189.404
189.404
191.529
189.404
191.529
189.404
189.404
191.529
191.529
191.529
191.529
191.529
189.404
189.404
191.529
197.907
197.907
200.033
200.033
206.41
206.41
214.913
214.913
217.038
217.038
223.415
238.295
238.295
246.798
244.672
251.049
257.426
259.551
259.551
261.677
259.551
259.551
261.677
261.677
261.677
261.677
263.803
261.677
263.803
263.803
261.677
263.803
263.803
261.677
263.803
263.803
263.803
261.677
261.677
263.803
259.551
259.551
263.803
259.551
251.049
244.672
244.672
238.295
236.169
231.918
227.667
223.415
221.29
221.29
221.29
221.29
219.164
219.164
219.164
221.29
221.29
221.29
223.415
221.29
221.29
217.038
214.913
217.038
217.038
217.038
217.038
217.038
214.913
212.787
212.787
212.787
212.787
212.787
212.787
210.661
212.787
212.787
210.661
212.787
212.787
212.787
212.787
212.787
210.661
212.787
212.787
212.787
210.661
212.787
212.787
210.661
212.787
214.913
214.913
214.913
212.787
212.787
214.913
210.661
210.661
212.787
210.661
212.787
212.787
210.661
210.661
212.787
212.787
210.661
212.787
212.787
212.787
210.661
212.787
212.787
212.787
212.787
212.787
210.661
214.913
214.913
212.787
210.661
212.787
210.661
210.661
212.787
212.787
210.661
212.787
212.787
210.661
212.787
210.661
212.787
212.787
212.787
219.164
217.038
217.038
214.913
214.913
217.038
217.038
219.164
219.164
219.164
219.164
219.164
219.164
217.038
219.164
219.164
219.164
221.29
219.164
221.29
221.29
221.29
221.29
221.29
221.29
219.164
219.164
219.164
227.667
225.541
227.667
227.667
225.541
223.415
225.541
227.667
227.667
229.792
236.169
236.169
236.169
236.169
236.169
234.044
236.169
234.044
234.044
236.169
240.421
246.798
244.672
242.546
242.546
242.546
240.421
242.546
244.672
248.923
248.923
251.049
253.175
261.677
255.3
255.3
255.3
255.3
259.551
259.551
259.551
259.551
259.551
257.426
261.677
259.551
259.551
259.551
259.551
261.677
259.551
259.551
259.551
259.551
257.426
257.426
259.551
259.551
259.551
261.677
259.551
259.551
259.551
259.551
259.551
259.551
255.3
255.3
255.3
255.3
257.426
257.426
259.551
257.426
257.426
259.551
257.426
259.551
257.426
257.426
257.426
251.049
257.426
259.551
259.551
259.551
257.426
259.551
259.551
259.551
259.551
255.3
251.049
251.049
246.798
246.798
240.421
236.169
229.792
229.792
229.792
229.792
229.792
227.667
225.541
225.541
227.667
227.667
225.541
225.541
225.541
227.667
227.667
225.541
225.541
225.541
225.541
225.541
227.667
221.29
221.29
221.29
221.29
221.29
217.038
217.038
214.913
214.913
217.038
219.164
217.038
217.038
217.038
217.038
217.038
219.164
217.038
219.164
219.164
219.164
219.164
217.038
217.038
217.038
217.038
217.038
217.038
214.913
217.038
217.038
212.787
210.661
210.661
214.913
212.787
212.787
212.787
214.913
212.787
214.913
212.787
212.787
212.787
214.913
212.787
212.787
212.787
212.787
212.787
212.787
212.787
214.913
212.787
214.913
212.787
212.787
212.787
214.913
212.787
214.913
214.913
214.913
212.787
212.787
214.913
214.913
214.913
214.913
214.913
212.787
214.913
212.787
212.787
212.787
212.787
214.913
212.787
212.787
221.29
219.164
219.164
219.164
219.164
225.541
231.918
236.169
234.044
242.546
242.546
248.923
259.551
259.551
259.551
259.551
259.551
259.551
261.677
261.677
259.551
259.551
259.551
261.677
259.551
261.677
261.677
261.677
259.551
259.551
261.677
259.551
259.551
259.551
259.551
259.551
259.551
259.551
259.551
259.551
259.551
257.426
259.551
257.426
257.426
259.551
259.551
251.049
242.546
242.546
236.169
227.667
223.415
221.29
217.038
217.038
212.787
212.787
214.913
212.787
210.661
206.41
208.535
208.535
206.41
206.41
208.535
206.41
208.535
208.535
206.41
204.284
206.41
206.41
208.535
208.535
208.535
206.41
208.535
206.41
208.535
206.41
204.284
204.284
204.284
204.284
210.661
217.038
217.038
217.038
223.415
234.044
240.421
246.798
251.049
255.3
259.551
259.551
257.426
257.426
259.551
257.426
257.426
257.426
257.426
257.426
257.426
257.426
257.426
257.426
257.426
257.426
255.3
255.3
255.3
255.3
255.3
257.426
257.426
257.426
257.426
257.426
255.3
255.3
255.3
255.3
255.3
253.175
255.3
255.3
255.3
257.426
255.3
257.426
255.3
255.3
255.3
257.426
257.426
255.3
257.426
255.3
255.3
255.3
255.3
255.3
257.426
255.3
257.426
257.426
255.3
257.426
255.3
255.3
255.3
255.3
255.3
255.3
255.3
255.3
255.3
253.175
255.3
255.3
255.3
253.175
255.3
255.3
255.3
253.175
253.175
253.175
255.3
253.175
255.3
253.175
253.175
253.175
255.3
253.175
255.3
253.175
253.175
255.3
253.175
253.175
253.175
255.3
253.175
255.3
255.3
253.175
253.175
253.175
253.175
255.3
255.3
255.3
253.175
248.923
244.672
240.421
236.169
229.792
229.792
219.164
217.038
214.913
217.038
212.787
212.787
208.535
204.284
204.284
204.284
202.158
204.284
204.284
204.284
197.907
200.033
200.033
197.907
200.033
197.907
197.907
200.033
200.033
197.907
197.907
197.907
197.907
202.158
200.033
202.158
200.033
193.655
193.655
191.529
185.152
187.278
185.152
187.278
187.278
187.278
189.404
189.404
189.404
187.278
187.278
187.278
187.278
187.278
187.278
191.529
191.529
191.529
191.529
191.529
191.529
191.529
193.655
191.529
191.529
189.404
189.404
189.404
195.781
197.907
200.033
200.033
200.033
200.033
206.41
204.284
206.41
214.913
217.038
217.038
219.164
221.29
221.29
223.415
225.541
227.667
227.667
227.667
223.415
223.415
223.415
223.415
225.541
225.541
223.415
223.415
223.415
225.541
225.541
223.415
223.415
219.164
212.787
210.661
212.787
212.787
212.787
212.787
212.787
212.787
210.661
212.787
212.787
212.787
212.787
212.787
212.787
212.787
212.787
212.787
212.787
217.038
219.164
227.667
231.918
238.295
238.295
238.295
246.798
251.049
255.3
257.426
257.426
257.426
257.426
257.426
257.426
255.3
255.3
255.3
255.3
255.3
255.3
248.923
246.798
240.421
240.421
225.541
219.164
217.038
210.661
206.41
204.284
204.284
197.907
197.907
197.907
200.033
200.033
200.033
200.033
202.158
200.033
200.033
204.284
208.535
208.535
212.787
212.787
212.787
212.787
214.913
214.913
223.415
223.415
225.541
231.918
234.044
234.044
238.295
240.421
242.546
240.421
240.421
240.421
236.169
229.792
227.667
227.667
225.541
225.541
206.41
202.158
204.284
204.284
197.907
195.781
195.781
191.529
191.529
189.404
189.404
189.404
189.404
189.404
189.404
189.404
191.529
189.404
191.529
191.529
191.529
191.529
189.404
191.529
191.529
191.529
191.529
191.529
189.404
191.529
191.529
191.529
191.529
191.529
189.404
191.529
191.529
191.529
191.529
189.404
189.404
189.404
189.404
191.529
189.404
189.404
189.404
189.404
191.529
189.404
189.404
193.655
189.404
191.529
193.655
191.529
191.529
191.529
191.529
191.529
191.529
191.529
193.655
193.655
193.655
191.529
191.529
191.529
191.529
191.529
191.529
189.404
191.529
189.404
191.529
189.404
189.404
189.404
189.404
189.404
189.404
189.404
189.404
191.529
191.529
189.404
189.404
189.404
189.404
189.404
189.404
189.404
187.278
189.404
189.404
189.404
189.404
191.529
187.278
189.404
189.404
189.404
189.404
189.404
189.404
189.404
189.404
189.404
189.404
189.404
189.404
191.529
189.404
189.404
189.404
191.529
187.278
189.404
189.404
189.404
189.404
189.404
187.278
187.278
187.278
189.404
189.404
189.404
189.404
189.404
189.404
189.404
187.278
189.404
189.404
189.404
189.404
189.404
189.404
189.404
189.404
189.404
187.278
189.404
189.404
189.404
189.404
189.404
189.404
191.529
189.404
189.404
189.404
189.404
187.278
189.404
189.404
187.278
189.404
189.404
191.529
202.158
202.158
202.158
204.284
202.158
202.158
202.158
200.033
202.158
200.033
202.158
202.158
202.158
202.158
200.033
202.158
200.033
200.033
202.158
202.158
202.158
200.033
202.158
200.033
202.158
202.158
204.284
202.158
202.158
202.158
200.033
200.033
191.529
191.529
189.404
187.278
191.529
191.529
191.529
189.404
189.404
189.404
189.404
191.529
191.529
193.655
191.529
191.529
191.529
191.529
191.529
191.529
191.529
193.655
191.529
191.529
191.529
193.655
191.529
191.529
191.529
191.529
191.529
191.529
191.529
191.529
191.529
191.529
189.404
189.404
191.529
189.404
191.529
191.529
191.529
191.529
191.529
191.529
189.404
189.404
191.529
191.529
191.529
191.529
191.529
191.529
189.404
191.529
191.529
191.529
191.529
191.529
191.529
191.529
191.529
193.655
191.529
191.529
191.529
191.529
191.529
189.404
189.404
189.404
189.404
189.404
189.404
191.529
189.404
191.529
191.529
189.404
189.404
191.529
191.529
191.529
191.529
191.529
189.404
191.529
189.404
189.404
189.404
191.529
191.529
191.529
189.404
191.529
191.529
189.404
189.404
189.404
189.404
187.278
187.278
189.404
189.404
189.404
189.404
189.404
189.404
189.404
189.404
189.404
189.404
189.404
189.404
189.404
189.404
189.404
191.529
187.278
187.278
189.404
189.404
191.529
189.404
191.529
191.529
191.529
189.404
191.529
189.404
189.404
189.404
187.278
187.278
189.404
189.404
189.404
189.404
189.404
189.404
189.404
189.404
191.529
191.529
191.529
191.529
189.404
191.529
189.404
189.404
189.404
189.404
191.529
191.529
191.529
191.529
191.529
191.529
191.529
191.529
191.529
189.404
191.529
191.529
191.529
189.404
191.529
191.529
191.529
191.529
191.529
191.529
193.655
191.529
191.529
191.529
191.529
191.529
191.529
191.529
191.529
191.529
191.529
189.404
189.404
191.529
189.404
191.529
189.404
189.404
191.529
189.404
189.404
189.404
191.529
189.404
189.404
191.529
189.404
191.529
189.404
191.529
191.529
191.529
191.529
191.529
191.529
191.529
189.404
189.404
191.529
191.529
191.529
191.529
193.655
191.529
193.655
191.529
189.404
189.404
189.404
189.404
191.529
189.404
189.404
191.529
191.529
189.404
191.529
189.404
189.404
189.404
189.404
189.404
189.404
187.278
189.404
189.404
189.404
189.404
191.529
189.404
191.529
187.278
187.278
187.278
187.278
189.404
189.404
191.529
189.404
189.404
191.529
191.529
191.529
191.529
189.404
191.529
191.529
191.529
191.529
191.529
191.529
191.529
191.529
189.404
189.404
191.529
189.404
191.529
189.404
191.529
191.529
191.529
191.529
191.529
191.529
189.404
189.404
189.404
189.404
189.404
189.404
189.404
189.404
191.529
189.404
191.529
189.404
189.404
189.404
189.404
189.404
189.404
189.404
189.404
189.404
189.404
191.529
189.404
191.529
189.404
189.404
189.404
191.529
189.404
191.529
189.404
189.404
189.404
189.404
187.278
189.404
189.404
189.404
189.404
189.404
189.404
189.404
189.404
189.404
189.404
189.404
191.529
189.404
189.404
189.404
189.404
189.404
189.404
189.404
189.404
187.278
187.278
187.278
189.404
187.278
187.278
189.404
189.404
189.404
189.404
189.404
187.278
189.404
189.404
187.278
187.278
187.278
189.404
187.278
189.404
187.278
189.404
189.404
187.278
187.278
189.404
187.278
189.404
189.404
185.152
187.278
187.278
187.278
187.278
187.278
185.152
187.278
185.152
185.152
185.152
187.278
187.278
191.529
191.529
191.529
189.404
187.278
185.152
189.404
189.404
189.404
187.278
187.278
189.404
189.404
189.404
191.529
189.404
191.529
191.529
187.278
189.404
189.404
191.529
189.404
189.404
189.404
189.404
189.404
189.404
189.404
189.404
191.529
189.404
189.404
189.404
191.529
191.529
189.404
189.404
189.404
189.404
191.529
189.404
189.404
189.404
189.404
187.278
189.404
189.404
189.404
191.529
191.529
191.529
189.404
189.404
189.404
189.404
187.278
189.404
191.529
189.404
189.404
189.404
189.404
191.529
189.404
189.404
191.529
189.404
189.404
189.404
189.404
189.404
189.404
189.404
189.404
191.529
191.529
191.529
189.404
189.404
191.529
189.404
189.404
189.404
191.529
189.404
189.404
191.529
191.529
191.529
191.529
191.529
191.529
191.529
191.529
191.529
189.404
189.404
189.404
187.278
189.404
189.404
189.404
187.278
187.278
187.278
187.278
187.278
189.404
187.278
189.404
189.404
191.529
191.529
187.278
189.404
187.278
187.278
189.404
191.529
191.529
187.278
185.152
185.152
187.278
187.278
191.529
191.529
189.404
189.404
191.529
191.529
189.404
187.278
187.278
187.278
191.529
191.529
191.529
189.404
187.278
187.278
187.278
187.278
189.404
187.278
187.278
187.278
187.278
189.404
187.278
189.404
187.278
187.278
187.278
187.278
187.278
187.278
187.278
187.278
189.404
187.278
187.278
189.404
189.404
189.404
187.278
189.404
187.278
187.278
187.278
189.404
187.278
187.278
187.278
187.278
187.278
187.278
189.404
189.404
191.529
189.404
189.404
189.404
189.404
189.404
191.529
191.529
191.529
191.529
191.529
189.404
191.529
191.529
191.529
189.404
189.404
187.278
189.404
187.278
187.278
189.404
191.529
187.278
189.404
187.278
189.404
189.404
189.404
191.529
191.529
191.529
191.529
191.529
191.529
191.529
191.529
191.529
193.655
191.529
191.529
193.655
193.655
191.529
191.529
191.529
191.529
193.655
193.655
193.655
191.529
191.529
191.529
193.655
191.529
191.529
193.655
193.655
191.529
191.529
189.404
191.529
189.404
189.404
189.404
191.529
191.529
193.655
191.529
191.529
191.529
191.529
191.529
191.529
191.529
189.404
191.529
191.529
191.529
195.781
193.655
191.529
189.404
189.404
189.404
187.278
189.404
187.278
189.404
189.404
187.278
189.404
187.278
189.404
187.278
189.404
189.404
189.404
187.278
189.404
189.404
191.529
189.404
189.404
189.404
189.404
189.404
191.529
191.529
191.529
191.529
191.529
189.404
189.404
189.404
189.404
189.404
189.404
189.404
191.529
189.404
189.404
189.404
189.404
189.404
191.529
187.278
189.404
189.404
189.404
189.404
189.404
187.278
189.404
189.404
189.404
189.404
187.278
189.404
189.404
187.278
189.404
189.404
189.404
189.404
189.404
189.404
189.404
189.404
189.404
189.404
189.404
189.404
189.404
189.404
187.278
189.404
187.278
189.404
189.404
189.404
189.404
189.404
189.404
189.404
189.404
189.404
189.404
189.404
189.404
189.404
189.404
189.404
189.404
191.529
191.529
189.404
187.278
187.278
187.278
189.404
191.529
189.404
187.278
187.278
191.529
189.404
193.655
193.655
189.404
189.404
189.404
189.404
189.404
189.404
189.404
187.278
191.529
191.529
191.529
189.404
187.278
187.278
187.278
189.404
187.278
187.278
187.278
187.278
187.278
187.278
189.404
189.404
189.404
189.404
189.404
187.278
187.278
187.278
187.278
189.404
187.278
187.278
189.404
187.278
187.278
187.278
187.278
189.404
189.404
189.404
189.404
189.404
189.404
187.278
187.278
187.278
187.278
187.278
187.278
187.278
187.278
189.404
189.404
187.278
187.278
187.278
187.278
187.278
187.278
189.404
187.278
189.404
187.278
189.404
189.404
187.278
187.278
189.404
189.404
187.278
189.404
187.278
189.404
189.404
187.278
189.404
189.404
189.404
189.404
189.404
189.404
189.404
189.404
187.278
187.278
189.404
187.278
187.278
187.278
187.278
189.404
189.404
189.404
189.404
187.278
189.404
189.404
191.529
189.404
189.404
189.404
189.404
189.404
187.278
187.278
187.278
185.152
187.278
187.278
187.278
185.152
185.152
187.278
187.278
185.152
185.152
189.404
185.152
170.271
172.397
172.397
185.152
189.404
191.529
191.529
193.655
191.529
191.529
191.529
191.529
191.529
191.529
191.529
191.529
191.529
187.278
187.278
185.152
185.152
183.026
183.026
155.391
174.523
185.152
185.152
185.152
187.278
187.278
183.026
146.887
146.887
129.88
125.628
187.278
187.278
189.404
189.404
187.278
189.404
189.404
189.404
189.404
189.404
189.404
189.404
189.404
189.404
191.529
191.529
191.529
189.404
191.529
191.529
191.529
191.529
193.655
191.529
191.529
191.529
187.278
189.404
191.529
189.404
189.404
189.404
189.404
189.404
189.404
189.404
189.404
189.404
189.404
189.404
189.404
189.404
189.404
189.404
189.404
189.404
191.529
189.404
189.404
191.529
191.529
189.404
191.529
189.404
189.404
189.404
191.529
191.529
189.404
191.529
191.529
189.404
189.404
191.529
191.529
189.404
191.529
189.404
189.404
189.404
187.278
191.529
189.404
189.404
189.404
189.404
189.404
189.404
191.529
191.529
191.529
189.404
189.404
189.404
189.404
191.529
189.404
189.404
189.404
189.404
189.404
189.404
189.404
189.404
189.404
189.404
189.404
189.404
189.404
189.404
189.404
187.278
189.404
189.404
189.404
189.404
187.278
187.278
187.278
185.152
189.404
187.278
189.404
189.404
187.278
185.152
189.404
189.404
187.278
185.152
187.278
185.152
187.278
187.278
187.278
189.404
189.404
189.404
189.404
189.404
191.529
189.404
189.404
189.404
189.404
189.404
189.404
189.404
191.529
189.404
189.404
189.404
189.404
191.529
191.529
191.529
189.404
187.278
189.404
191.529
191.529
191.529
187.278
189.404
189.404
189.404
189.404
189.404
189.404
189.404
189.404
189.404
187.278
191.529
191.529
187.278
189.404
189.404
189.404
189.404
189.404
189.404
189.404
191.529
189.404
189.404
189.404
191.529
191.529
189.404
191.529
191.529
189.404
189.404
189.404
193.655
191.529
191.529
191.529
191.529
191.529
189.404
189.404
189.404
189.404
191.529
191.529
191.529
191.529
189.404
189.404
189.404
191.529
189.404
189.404
189.404
189.404
191.529
189.404
189.404
189.404
189.404
189.404
189.404
189.404
187.278
187.278
187.278
187.278
191.529
191.529
191.529
193.655
193.655
191.529
191.529
191.529
191.529
191.529
191.529
193.655
191.529
189.404
193.655
191.529
191.529
191.529
191.529
191.529
191.529
191.529
191.529
191.529
193.655
191.529
191.529
191.529
191.529
191.529
189.404
189.404
189.404
191.529
191.529
191.529
191.529
189.404
191.529
191.529
191.529
191.529
191.529
191.529
189.404
189.404
189.404
191.529
191.529
191.529
189.404
189.404
191.529
191.529
191.529
189.404
191.529
189.404
193.655
191.529
191.529
191.529
189.404
189.404
191.529
191.529
191.529
189.404
191.529
189.404
189.404
187.278
187.278
187.278
189.404
187.278
189.404
191.529
189.404
191.529
191.529
189.404
187.278
189.404
191.529
191.529
191.529
189.404
191.529
191.529
189.404
187.278
187.278
191.529
189.404
191.529
191.529
191.529
191.529
191.529
191.529
189.404
189.404
191.529
189.404
189.404
189.404
191.529
189.404
191.529
191.529
189.404
189.404
189.404
189.404
189.404
189.404
191.529
191.529
189.404
189.404
189.404
189.404
189.404
191.529
191.529
189.404
191.529
191.529
189.404
189.404
189.404
191.529
189.404
191.529
191.529
191.529
191.529
191.529
189.404
191.529
191.529
189.404
191.529
191.529
191.529
191.529
191.529
191.529
191.529
189.404
189.404
191.529
191.529
193.655
191.529
191.529
191.529
191.529
189.404
189.404
189.404
189.404
189.404
189.404
191.529
189.404
189.404
189.404
187.278
189.404
187.278
187.278
187.278
187.278
187.278
189.404
189.404
189.404
189.404
191.529
191.529
193.655
193.655
193.655
193.655
191.529
191.529
189.404
189.404
191.529
189.404
191.529
189.404
189.404
189.404
191.529
189.404
191.529
191.529
191.529
189.404
191.529
191.529
191.529
191.529
189.404
189.404
191.529
189.404
191.529
191.529
189.404
187.278
189.404
189.404
191.529
191.529
191.529
189.404
189.404
189.404
189.404
189.404
189.404
189.404
189.404
189.404
189.404
189.404
189.404
189.404
191.529
191.529
191.529
189.404
189.404
189.404
189.404
189.404
189.404
189.404
189.404
189.404
189.404
189.404
189.404
189.404
189.404
189.404
189.404
191.529
189.404
189.404
189.404
191.529
189.404
191.529
187.278
187.278
189.404
189.404
187.278
189.404
189.404
189.404
189.404
189.404
189.404
189.404
189.404
189.404
189.404
189.404
189.404
189.404
189.404
189.404
189.404
189.404
189.404
189.404
189.404
189.404
189.404
189.404
189.404
189.404
187.278
189.404
189.404
189.404
189.404
189.404
189.404
189.404
189.404
189.404
189.404
189.404
187.278
191.529
187.278
187.278
189.404
189.404
189.404
189.404
189.404
189.404
189.404
187.278
187.278
187.278
187.278
187.278
187.278
189.404
187.278
187.278
187.278
187.278
191.529
189.404
189.404
189.404
189.404
189.404
191.529
189.404
191.529
191.529
189.404
189.404
189.404
189.404
189.404
189.404
187.278
189.404
189.404
189.404
187.278
187.278
187.278
187.278
189.404
187.278
187.278
185.152
185.152
187.278
187.278
187.278
187.278
185.152
185.152
187.278
185.152
185.152
183.026
180.901
183.026
183.026
187.278
191.529
189.404
189.404
191.529
189.404
189.404
189.404
189.404
189.404
187.278
189.404
187.278
189.404
189.404
187.278
193.655
191.529
193.655
193.655
193.655
193.655
193.655
191.529
189.404
189.404
189.404
187.278
189.404
189.404
189.404
189.404
189.404
187.278
189.404
191.529
191.529
189.404
189.404
189.404
189.404
187.278
187.278
187.278
189.404
189.404
191.529
191.529
191.529
189.404
189.404
187.278
187.278
189.404
187.278
187.278
189.404
191.529
189.404
189.404
189.404
146.887
121.376
119.25
119.25
119.25
95.8642
66.0995
63.9734
63.9734
40.586
40.586
40.586
38.4598
40.586
40.586
40.586
40.586
38.4598
40.586
40.586
40.586
40.586
38.4598
38.4598
40.586
38.4598
40.586
40.586
40.586
38.4598
40.586
38.4598
38.4598
38.4598
40.586
38.4598
38.4598
38.4598
40.586
40.586
40.586
40.586
38.4598
40.586
38.4598
38.4598
38.4598
40.586
40.586
40.586
38.4598
40.586
40.586
40.586
40.586
38.4598
38.4598
38.4598
40.586
38.4598
40.586
40.586
40.586
40.586
40.586
40.586
38.4598
40.586
38.4598
38.4598
38.4598
40.586
38.4598
38.4598
40.586
38.4598
40.586
38.4598
40.586
40.586
40.586
38.4598
40.586
40.586
40.586
38.4598
40.586
38.4598
38.4598
40.586
38.4598
40.586
40.586
40.586
38.4598
40.586
38.4598
40.586
40.586
38.4598
40.586
38.4598
38.4598
38.4598
40.586
38.4598
40.586
40.586
40.586
38.4598
40.586
40.586
38.4598
40.586
38.4598
40.586
38.4598
38.4598
38.4598
40.586
40.586
40.586
38.4598
40.586
38.4598
38.4598
38.4598
40.586
38.4598
38.4598
40.586
38.4598
40.586
38.4598
38.4598
38.4598
40.586
38.4598
38.4598
38.4598
40.586
38.4598
40.586
40.586
40.586
38.4598
40.586
38.4598
38.4598
40.586
38.4598
40.586
38.4598
38.4598
38.4598
40.586
38.4598
38.4598
38.4598
40.586
38.4598
40.586
40.586
40.586
40.586
38.4598
38.4598
38.4598
40.586
38.4598
40.586
40.586
40.586
38.4598
40.586
40.586
40.586
40.586
40.586
40.586
40.586
40.586
38.4598
40.586
40.586
40.586
38.4598
40.586
40.586
40.586
38.4598
40.586
38.4598
40.586
40.586
40.586
38.4598
38.4598
38.4598
40.586
38.4598
40.586
40.586
40.586
40.586
38.4598
40.586
40.586
40.586
38.4598
40.586
38.4598
38.4598
38.4598
38.4598
38.4598
38.4598
38.4598
38.4598
38.4598
38.4598
38.4598
38.4598
38.4598
38.4598
40.586
38.4598
40.586
38.4598
40.586
38.4598
40.586
40.586
40.586
38.4598
40.586
40.586
40.586
38.4598
40.586
40.586
40.586
40.586
38.4598
40.586
38.4598
38.4598
38.4598
40.586
38.4598
38.4598
38.4598
40.586
38.4598
40.586
40.586
40.586
38.4598
40.586
40.586
38.4598
40.586
38.4598
40.586
40.586
40.586
38.4598
40.586
40.586
40.586
38.4598
40.586
38.4598
38.4598
38.4598
40.586
38.4598
40.586
40.586
38.4598
40.586
38.4598
38.4598
38.4598
40.586
38.4598
40.586
40.586
40.586
38.4598
40.586
38.4598
38.4598
38.4598
40.586
38.4598
38.4598
38.4598
40.586
38.4598
40.586
40.586
38.4598
40.586
38.4598
38.4598
38.4598
40.586
38.4598
40.586
40.586
40.586
38.4598
40.586
40.586
40.586
40.586
38.4598
38.4598
38.4598
40.586
38.4598
40.586
40.586
40.586
38.4598
38.4598
38.4598
40.586
38.4598
40.586
40.586
40.586
38.4598
38.4598
38.4598
40.586
38.4598
40.586
40.586
38.4598
40.586
38.4598
38.4598
38.4598
40.586
38.4598
38.4598
38.4598
40.586
38.4598
40.586
40.586
40.586
38.4598
40.586
38.4598
38.4598
38.4598
40.586
38.4598
38.4598
38.4598
40.586
38.4598
40.586
40.586
38.4598
40.586
38.4598
38.4598
38.4598
40.586
38.4598
38.4598
38.4598
40.586
40.586
40.586
38.4598
40.586
38.4598
38.4598
38.4598
40.586
38.4598
40.586
38.4598
38.4598
40.586
38.4598
38.4598
38.4598
40.586
38.4598
40.586
38.4598
38.4598
38.4598
40.586
38.4598
38.4598
38.4598
40.586
38.4598
40.586
40.586
40.586
38.4598
40.586
38.4598
38.4598
40.586
38.4598
40.586
38.4598
38.4598
38.4598
40.586
40.586
40.586
40.586
40.586
40.586
40.586
40.586
40.586
40.586
40.586
40.586
40.586
38.4598
40.586
38.4598
40.586
38.4598
40.586
38.4598
38.4598
38.4598
40.586
38.4598
40.586
40.586
40.586
38.4598
40.586
40.586
40.586
40.586
38.4598
40.586
40.586
40.586
38.4598
40.586
38.4598
38.4598
38.4598
40.586
38.4598
40.586
40.586
40.586
38.4598
40.586
40.586
40.586
38.4598
40.586
38.4598
40.586
40.586
38.4598
40.586
38.4598
38.4598
38.4598
40.586
38.4598
40.586
40.586
40.586
38.4598
40.586
40.586
40.586
38.4598
40.586
38.4598
40.586
40.586
40.586
38.4598
40.586
40.586
40.586
38.4598
40.586
38.4598
40.586
40.586
38.4598
38.4598
38.4598
40.586
38.4598
40.586
38.4598
38.4598
38.4598
40.586
38.4598
38.4598
38.4598
40.586
38.4598
40.586
38.4598
38.4598
38.4598
40.586
38.4598
38.4598
38.4598
38.4598
38.4598
38.4598
38.4598
38.4598
38.4598
38.4598
38.4598
38.4598
40.586
38.4598
40.586
40.586
40.586
38.4598
40.586
40.586
40.586
38.4598
40.586
38.4598
38.4598
38.4598
40.586
38.4598
40.586
40.586
40.586
38.4598
40.586
40.586
40.586
38.4598
40.586
40.586
38.4598
40.586
40.586
40.586
38.4598
40.586
38.4598
38.4598
38.4598
40.586
40.586
40.586
38.4598
40.586
40.586
40.586
38.4598
40.586
40.586
40.586
40.586
38.4598
40.586
40.586
40.586
38.4598
40.586
40.586
40.586
38.4598
40.586
40.586
40.586
38.4598
40.586
38.4598
38.4598
38.4598
40.586
40.586
40.586
38.4598
40.586
38.4598
38.4598
38.4598
40.586
40.586
40.586
38.4598
40.586
40.586
40.586
38.4598
40.586
38.4598
38.4598
38.4598
40.586
38.4598
38.4598
38.4598
40.586
38.4598
40.586
40.586
38.4598
40.586
40.586
40.586
38.4598
40.586
40.586
40.586
38.4598
40.586
40.586
40.586
38.4598
40.586
38.4598
38.4598
38.4598
40.586
38.4598
38.4598
38.4598
40.586
40.586
40.586
38.4598
40.586
38.4598
38.4598
38.4598
40.586
38.4598
38.4598
40.586
38.4598
40.586
40.586
40.586
38.4598
40.586
40.586
40.586
38.4598
40.586
40.586
40.586
38.4598
40.586
40.586
40.586
38.4598
40.586
40.586
40.586
38.4598
40.586
40.586
40.586
38.4598
38.4598
40.586
40.586
38.4598
40.586
40.586
40.586
38.4598
40.586
40.586
40.586
38.4598
40.586
40.586
40.586
38.4598
40.586
38.4598
38.4598
38.4598
40.586
38.4598
38.4598
38.4598
40.586
40.586
38.4598
38.4598
38.4598
40.586
38.4598
38.4598
38.4598
40.586
38.4598
40.586
40.586
40.586
38.4598
38.4598
38.4598
40.586
38.4598
40.586
40.586
40.586
38.4598
40.586
40.586
40.586
38.4598
40.586
38.4598
38.4598
38.4598
40.586
40.586
40.586
38.4598
40.586
38.4598
38.4598
38.4598
40.586
38.4598
40.586
40.586
40.586
38.4598
40.586
38.4598
38.4598
38.4598
40.586
38.4598
38.4598
38.4598
40.586
38.4598
40.586
40.586
40.586
38.4598
40.586
40.586
40.586
38.4598
40.586
38.4598
38.4598
38.4598
40.586
38.4598
38.4598
38.4598
40.586
38.4598
40.586
40.586
40.586
40.586
38.4598
38.4598
40.586
40.586
38.4598
40.586
40.586
40.586
38.4598
40.586
38.4598
38.4598
38.4598
40.586
38.4598
40.586
40.586
40.586
38.4598
40.586
40.586
40.586
38.4598
40.586
38.4598
40.586
40.586
40.586
38.4598
40.586
40.586
40.586
38.4598
40.586
38.4598
38.4598
38.4598
40.586
38.4598
38.4598
38.4598
40.586
38.4598
40.586
38.4598
38.4598
40.586
38.4598
40.586
40.586
40.586
38.4598
38.4598
38.4598
40.586
38.4598
40.586
40.586
40.586
38.4598
40.586
38.4598
38.4598
38.4598
40.586
38.4598
38.4598
38.4598
40.586
38.4598
40.586
40.586
40.586
38.4598
40.586
40.586
40.586
40.586
38.4598
38.4598
40.586
40.586
40.586
40.586
38.4598
38.4598
38.4598
40.586
38.4598
40.586
38.4598
40.586
40.586
40.586
38.4598
40.586
38.4598
40.586
40.586
40.586
38.4598
40.586
38.4598
38.4598
38.4598
40.586
38.4598
40.586
38.4598
38.4598
38.4598
40.586
38.4598
40.586
40.586
40.586
38.4598
40.586
40.586
38.4598
38.4598
38.4598
40.586
38.4598
40.586
38.4598
38.4598
38.4598
40.586
38.4598
40.586
40.586
40.586
38.4598
40.586
38.4598
38.4598
38.4598
40.586
38.4598
40.586
38.4598
38.4598
40.586
40.586
38.4598
40.586
38.4598
38.4598
38.4598
38.4598
40.586
40.586
38.4598
40.586
38.4598
40.586
40.586
40.586
38.4598
40.586
38.4598
40.586
40.586
40.586
40.586
38.4598
40.586
38.4598
38.4598
38.4598
40.586
40.586
40.586
38.4598
40.586
38.4598
40.586
40.586
40.586
38.4598
40.586
38.4598
38.4598
38.4598
40.586
38.4598
40.586
40.586
38.4598
38.4598
38.4598
40.586
38.4598
38.4598
40.586
40.586
38.4598
40.586
40.586
38.4598
38.4598
40.586
38.4598
40.586
40.586
38.4598
38.4598
40.586
38.4598
38.4598
40.586
40.586
38.4598
40.586
38.4598
40.586
40.586
40.586
38.4598
40.586
40.586
38.4598
38.4598
40.586
38.4598
38.4598
40.586
40.586
38.4598
40.586
38.4598
38.4598
40.586
40.586
38.4598
40.586
40.586
40.586
38.4598
40.586
38.4598
40.586
40.586
40.586
38.4598
40.586
40.586
40.586
40.586
40.586
38.4598
40.586
40.586
40.586
40.586
32.0813
23.5766
25.7028
23.5766
23.5766
19.3242
6.56679
8.69303
8.69303
8.69303
8.69303
8.69303
8.69303
8.69303
8.69303
8.69303
8.69303
8.69303
8.69303
6.56679
8.69303
8.69303
8.69303
8.69303
8.69303
6.56679
8.69303
8.69303
8.69303
8.69303
6.56679
8.69303
8.69303
8.69303
8.69303
8.69303
6.56679
8.69303
8.69303
8.69303
8.69303
8.69303
6.56679
6.56679
8.69303
8.69303
8.69303
8.69303
8.69303
8.69303
6.56679
8.69303
8.69303
8.69303
8.69303
8.69303
8.69303
8.69303
8.69303
8.69303
6.56679
8.69303
8.69303
8.69303
8.69303
8.69303
8.69303
8.69303
8.69303
8.69303
8.69303
8.69303
6.56679
8.69303
8.69303
8.69303
8.69303
8.69303
6.56679
8.69303
8.69303
8.69303
8.69303
8.69303
8.69303
6.56679
8.69303
8.69303
8.69303
8.69303
8.69303
6.56679
8.69303
8.69303
8.69303
8.69303
8.69303
6.56679
8.69303
8.69303
8.69303
8.69303
8.69303
6.56679
6.56679
8.69303
8.69303
8.69303
8.69303
6.56679
6.56679
8.69303
8.69303
8.69303
8.69303
8.69303
8.69303
8.69303
8.69303
8.69303
8.69303
6.56679
8.69303
8.69303
8.69303
8.69303
8.69303
8.69303
8.69303
8.69303
8.69303
8.69303
8.69303
6.56679
8.69303
8.69303
8.69303
8.69303
8.69303
6.56679
8.69303
8.69303
8.69303
8.69303
8.69303
6.56679
8.69303
8.69303
8.69303
8.69303
6.56679
8.69303
8.69303
8.69303
8.69303
8.69303
6.56679
8.69303
8.69303
8.69303
8.69303
8.69303
6.56679
8.69303
8.69303
8.69303
8.69303
8.69303
8.69303
6.56679
6.56679
8.69303
8.69303
8.69303
8.69303
8.69303
8.69303
8.69303
8.69303
8.69303
8.69303
8.69303
8.69303
8.69303
8.69303
8.69303
8.69303
8.69303
8.69303
8.69303
8.69303
8.69303
8.69303
8.69303
6.56679
8.69303
8.69303
8.69303
8.69303
6.56679
8.69303
8.69303
8.69303
8.69303
8.69303
8.69303
6.56679
8.69303
8.69303
8.69303
8.69303
8.69303
6.56679
8.69303
8.69303
8.69303
8.69303
6.56679
8.69303
8.69303
8.69303
8.69303
8.69303
8.69303
8.69303
8.69303
8.69303
8.69303
8.69303
6.56679
8.69303
8.69303
8.69303
8.69303
8.69303
6.56679
8.69303
8.69303
8.69303
8.69303
6.56679
8.69303
8.69303
8.69303
8.69303
8.69303
6.56679
8.69303
8.69303
8.69303
8.69303
8.69303
8.69303
8.69303
8.69303
8.69303
8.69303
8.69303
6.56679
6.56679
8.69303
8.69303
8.69303
8.69303
6.56679
8.69303
8.69303
8.69303
8.69303
8.69303
6.56679
8.69303
8.69303
8.69303
8.69303
8.69303
6.56679
8.69303
8.69303
8.69303
8.69303
8.69303
6.56679
8.69303
8.69303
8.69303
8.69303
8.69303
6.56679
8.69303
8.69303
8.69303
8.69303
8.69303
8.69303
8.69303
8.69303
8.69303
8.69303
8.69303
8.69303
8.69303
8.69303
8.69303
8.69303
8.69303
6.56679
8.69303
8.69303
8.69303
8.69303
6.56679
8.69303
8.69303
8.69303
8.69303
8.69303
8.69303
8.69303
8.69303
8.69303
8.69303
8.69303
6.56679
8.69303
8.69303
8.69303
8.69303
8.69303
6.56679
8.69303
8.69303
8.69303
8.69303
8.69303
6.56679
8.69303
8.69303
8.69303
8.69303
8.69303
6.56679
8.69303
8.69303
8.69303
8.69303
8.69303
8.69303
8.69303
8.69303
8.69303
8.69303
8.69303
8.69303
8.69303
8.69303
8.69303
8.69303
8.69303
8.69303
8.69303
8.69303
8.69303
6.56679
8.69303
8.69303
8.69303
8.69303
8.69303
6.56679
8.69303
8.69303
8.69303
8.69303
8.69303
6.56679
6.56679
8.69303
8.69303
8.69303
8.69303
6.56679
8.69303
8.69303
8.69303
8.69303
6.56679
8.69303
8.69303
8.69303
8.69303
8.69303
8.69303
6.56679
8.69303
8.69303
8.69303
8.69303
8.69303
6.56679
8.69303
8.69303
8.69303
8.69303
8.69303
6.56679
8.69303
8.69303
8.69303
8.69303
8.69303
8.69303
8.69303
8.69303
8.69303
8.69303
6.56679
8.69303
8.69303
8.69303
8.69303
8.69303
6.56679
8.69303
8.69303
8.69303
8.69303
8.69303
8.69303
6.56679
8.69303
8.69303
8.69303
8.69303
8.69303
6.56679
8.69303
8.69303
8.69303
8.69303
8.69303
6.56679
8.69303
8.69303
8.69303
8.69303
8.69303
6.56679
8.69303
8.69303
8.69303
8.69303
8.69303
6.56679
8.69303
8.69303
8.69303
8.69303
8.69303
6.56679
8.69303
8.69303
8.69303
8.69303
8.69303
6.56679
8.69303
8.69303
8.69303
8.69303
8.69303
8.69303
8.69303
8.69303
8.69303
8.69303
8.69303
8.69303
6.56679
8.69303
8.69303
8.69303
6.56679
6.56679
8.69303
8.69303
8.69303
8.69303
6.56679
8.69303
8.69303
8.69303
8.69303
8.69303
6.56679
6.56679
8.69303
8.69303
8.69303
8.69303
6.56679
8.69303
8.69303
8.69303
8.69303
8.69303
8.69303
6.56679
8.69303
8.69303
8.69303
8.69303
6.56679
8.69303
8.69303
8.69303
8.69303
8.69303
6.56679
8.69303
8.69303
8.69303
8.69303
8.69303
6.56679
8.69303
8.69303
8.69303
8.69303
8.69303
6.56679
8.69303
8.69303
8.69303
8.69303
8.69303
8.69303
6.56679
8.69303
8.69303
8.69303
8.69303
6.56679
6.56679
8.69303
8.69303
8.69303
8.69303
8.69303
8.69303
8.69303
8.69303
8.69303
8.69303
8.69303
8.69303
6.56679
8.69303
8.69303
8.69303
8.69303
6.56679
6.56679
8.69303
8.69303
8.69303
8.69303
6.56679
8.69303
8.69303
8.69303
8.69303
8.69303
6.56679
8.69303
8.69303
8.69303
8.69303
8.69303
6.56679
8.69303
8.69303
8.69303
8.69303
8.69303
6.56679
8.69303
8.69303
8.69303
8.69303
8.69303
8.69303
6.56679
8.69303
8.69303
8.69303
8.69303
8.69303
6.56679
8.69303
8.69303
8.69303
8.69303
8.69303
6.56679
8.69303
8.69303
8.69303
8.69303
8.69303
6.56679
8.69303
8.69303
8.69303
8.69303
8.69303
8.69303
8.69303
8.69303
8.69303
8.69303
8.69303
8.69303
8.69303
8.69303
8.69303
8.69303
8.69303
8.69303
8.69303
8.69303
8.69303
8.69303
8.69303
8.69303
8.69303
8.69303
8.69303
8.69303
8.69303
8.69303
8.69303
8.69303
8.69303
8.69303
8.69303
8.69303
8.69303
8.69303
8.69303
8.69303
8.69303
8.69303
8.69303
8.69303
8.69303
8.69303
8.69303
8.69303
6.56679
6.56679
8.69303
8.69303
8.69303
8.69303
6.56679
8.69303
8.69303
8.69303
8.69303
8.69303
8.69303
8.69303
8.69303
8.69303
8.69303
8.69303
8.69303
6.56679
8.69303
8.69303
8.69303
8.69303
8.69303
6.56679
8.69303
8.69303
8.69303
8.69303
8.69303
6.56679
8.69303
8.69303
8.69303
8.69303
8.69303
8.69303
6.56679
8.69303
8.69303
8.69303
8.69303
8.69303
6.56679
6.56679
6.56679
8.69303
8.69303
8.69303
8.69303
8.69303
8.69303
8.69303
8.69303
8.69303
6.56679
8.69303
8.69303
8.69303
8.69303
8.69303
6.56679
8.69303
8.69303
8.69303
8.69303
8.69303
6.56679
8.69303
8.69303
8.69303
8.69303
8.69303
6.56679
8.69303
8.69303
8.69303
8.69303
8.69303
6.56679
8.69303
8.69303
8.69303
8.69303
8.69303
6.56679
8.69303
8.69303
8.69303
8.69303
8.69303
6.56679
8.69303
8.69303
8.69303
8.69303
6.56679
8.69303
8.69303
8.69303
8.69303
8.69303
6.56679
8.69303
8.69303
8.69303
8.69303
8.69303
8.69303
6.56679
8.69303
8.69303
8.69303
8.69303
8.69303
6.56679
6.56679
8.69303
8.69303
8.69303
8.69303
6.56679
8.69303
8.69303
8.69303
8.69303
6.56679
8.69303
8.69303
8.69303
8.69303
8.69303
6.56679
8.69303
8.69303
8.69303
8.69303
8.69303
6.56679
8.69303
8.69303
8.69303
8.69303
8.69303
6.56679
8.69303
8.69303
8.69303
8.69303
8.69303
6.56679
8.69303
8.69303
8.69303
8.69303
8.69303
8.69303
6.56679
8.69303
8.69303
8.69303
8.69303
8.69303
6.56679
8.69303
8.69303
8.69303
8.69303
8.69303
8.69303
8.69303
8.69303
8.69303
8.69303
8.69303
8.69303
6.56679
8.69303
8.69303
8.69303
8.69303
6.56679
6.56679
8.69303
8.69303
8.69303
6.56679
8.69303
8.69303
8.69303
8.69303
8.69303
6.56679
8.69303
8.69303
8.69303
8.69303
8.69303
6.56679
8.69303
8.69303
8.69303
8.69303
6.56679
6.56679
8.69303
8.69303
8.69303
8.69303
6.56679
8.69303
8.69303
8.69303
8.69303
8.69303
6.56679
8.69303
8.69303
8.69303
8.69303
8.69303
6.56679
8.69303
8.69303
8.69303
8.69303
8.69303
6.56679
8.69303
8.69303
8.69303
8.69303
8.69303
6.56679
8.69303
8.69303
8.69303
8.69303
8.69303
6.56679
8.69303
8.69303
8.69303
8.69303
8.69303
6.56679
8.69303
8.69303
8.69303
8.69303
8.69303
6.56679
8.69303
8.69303
8.69303
8.69303
8.69303
6.56679
8.69303
8.69303
8.69303
8.69303
8.69303
6.56679
8.69303
8.69303
8.69303
8.69303
8.69303
8.69303
6.56679
8.69303
8.69303
8.69303
8.69303
8.69303
6.56679
8.69303
8.69303
8.69303
8.69303
8.69303
8.69303
8.69303
8.69303
8.69303
8.69303
8.69303
8.69303
8.69303
8.69303
8.69303
8.69303
6.56679
8.69303
8.69303
8.69303
8.69303
8.69303
6.56679
8.69303
8.69303
8.69303
8.69303
8.69303
6.56679
8.69303
8.69303
8.69303
8.69303
8.69303
6.56679
8.69303
8.69303
8.69303
8.69303
8.69303
6.56679
8.69303
8.69303
8.69303
8.69303
8.69303
6.56679
8.69303
8.69303
8.69303
8.69303
8.69303
6.56679
8.69303
8.69303
8.69303
8.69303
6.56679
8.69303
8.69303
8.69303
8.69303
8.69303
6.56679
8.69303
8.69303
8.69303
8.69303
8.69303
8.69303
6.56679
6.56679
8.69303
8.69303
8.69303
6.56679
8.69303
8.69303
8.69303
8.69303
8.69303
8.69303
6.56679
6.56679
8.69303
8.69303
8.69303
6.56679
8.69303
8.69303
8.69303
8.69303
8.69303
6.56679
6.56679
8.69303
8.69303
8.69303
8.69303
8.69303
8.69303
8.69303
8.69303
8.69303
8.69303
8.69303
8.69303
8.69303
8.69303
8.69303
8.69303
8.69303
8.69303
8.69303
8.69303
8.69303
8.69303
8.69303
8.69303
8.69303
8.69303
8.69303
8.69303
8.69303
8.69303
8.69303
8.69303
8.69303
8.69303
6.56679
8.69303
8.69303
8.69303
8.69303
8.69303
8.69303
6.56679
8.69303
8.69303
8.69303
8.69303
8.69303
6.56679
8.69303
8.69303
8.69303
8.69303
6.56679
8.69303
8.69303
8.69303
8.69303
8.69303
8.69303
6.56679
8.69303
8.69303
8.69303
8.69303
8.69303
6.56679
6.56679
8.69303
8.69303
8.69303
8.69303
8.69303
6.56679
8.69303
8.69303
8.69303
8.69303
8.69303
8.69303
8.69303
8.69303
8.69303
8.69303
8.69303
8.69303
8.69303
8.69303
8.69303
8.69303
8.69303
6.56679
8.69303
8.69303
8.69303
8.69303
6.56679
8.69303
8.69303
8.69303
8.69303
8.69303
6.56679
8.69303
8.69303
8.69303
8.69303
8.69303
6.56679
8.69303
8.69303
8.69303
8.69303
8.69303
8.69303
6.56679
8.69303
8.69303
8.69303
8.69303
8.69303
8.69303
8.69303
8.69303
8.69303
8.69303
8.69303
8.69303
8.69303
8.69303
8.69303
8.69303
8.69303
6.56679
8.69303
8.69303
8.69303
8.69303
8.69303
8.69303
8.69303
8.69303
8.69303
8.69303
8.69303
8.69303
6.56679
8.69303
8.69303
8.69303
8.69303
8.69303
6.56679
8.69303
8.69303
8.69303
8.69303
6.56679
8.69303
8.69303
8.69303
8.69303
8.69303
6.56679
8.69303
8.69303
8.69303
8.69303
8.69303
6.56679
8.69303
8.69303
8.69303
8.69303
8.69303
8.69303
6.56679
8.69303
8.69303
8.69303
8.69303
8.69303
6.56679
6.56679
8.69303
8.69303
8.69303
8.69303
6.56679
8.69303
8.69303
8.69303
8.69303
8.69303
8.69303
8.69303
8.69303
8.69303
8.69303
8.69303
8.69303
8.69303
8.69303
8.69303
8.69303
8.69303
8.69303
8.69303
8.69303
8.69303
8.69303
8.69303
6.56679
8.69303
8.69303
8.69303
8.69303
8.69303
8.69303
6.56679
8.69303
8.69303
25.7028
53.3428
55.469
59.7212
63.9734
63.9734
63.9734
63.9734
61.8473
53.3428
51.2167
51.2167
53.3428
127.754
223.415
183.026
183.026
125.628
125.628
125.628
125.628
125.628
146.887
146.887
176.649
176.649
178.775
176.649
176.649
178.775
176.649
178.775
178.775
178.775
178.775
185.152
187.278
185.152
185.152
187.278
185.152
185.152
185.152
185.152
185.152
187.278
189.404
187.278
187.278
183.026
183.026
183.026
185.152
185.152
183.026
187.278
187.278
187.278
185.152
187.278
187.278
187.278
187.278
189.404
187.278
189.404
189.404
189.404
187.278
189.404
189.404
189.404
185.152
189.404
189.404
189.404
189.404
187.278
187.278
187.278
187.278
189.404
189.404
187.278
187.278
189.404
189.404
189.404
189.404
189.404
189.404
187.278
189.404
189.404
189.404
189.404
189.404
189.404
189.404
191.529
191.529
189.404
189.404
189.404
189.404
189.404
189.404
189.404
189.404
191.529
191.529
189.404
191.529
189.404
189.404
191.529
191.529
189.404
187.278
189.404
187.278
187.278
189.404
187.278
193.655
193.655
193.655
195.781
193.655
193.655
195.781
195.781
195.781
193.655
191.529
191.529
189.404
187.278
189.404
189.404
187.278
187.278
189.404
187.278
189.404
189.404
189.404
191.529
191.529
191.529
191.529
191.529
191.529
191.529
191.529
191.529
191.529
189.404
189.404
191.529
189.404
189.404
191.529
191.529
191.529
191.529
191.529
193.655
193.655
189.404
189.404
193.655
189.404
187.278
183.026
183.026
185.152
193.655
187.278
189.404
189.404
191.529
189.404
187.278
191.529
191.529
191.529
189.404
189.404
189.404
189.404
187.278
189.404
187.278
172.397
157.516
157.516
191.529
187.278
189.404
191.529
191.529
187.278
187.278
189.404
189.404
189.404
187.278
187.278
189.404
189.404
187.278
189.404
187.278
187.278
187.278
193.655
191.529
191.529
191.529
191.529
189.404
189.404
189.404
189.404
189.404
191.529
189.404
189.404
189.404
189.404
191.529
189.404
189.404
187.278
187.278
185.152
187.278
187.278
187.278
185.152
163.894
142.635
142.635
187.278
193.655
191.529
191.529
193.655
193.655
193.655
193.655
193.655
191.529
189.404
191.529
189.404
193.655
193.655
193.655
193.655
191.529
191.529
193.655
193.655
193.655
191.529
191.529
191.529
193.655
195.781
193.655
193.655
195.781
193.655
193.655
195.781
193.655
193.655
193.655
193.655
193.655
193.655
193.655
193.655
193.655
193.655
191.529
193.655
193.655
193.655
193.655
193.655
193.655
193.655
193.655
193.655
193.655
193.655
193.655
193.655
193.655
193.655
193.655
193.655
193.655
193.655
193.655
193.655
193.655
193.655
193.655
193.655
191.529
191.529
193.655
193.655
191.529
191.529
191.529
191.529
193.655
193.655
191.529
191.529
191.529
191.529
191.529
191.529
191.529
191.529
193.655
193.655
193.655
193.655
191.529
191.529
193.655
191.529
191.529
193.655
191.529
193.655
193.655
193.655
193.655
193.655
191.529
193.655
193.655
191.529
191.529
193.655
191.529
191.529
191.529
193.655
191.529
193.655
193.655
193.655
191.529
191.529
193.655
191.529
193.655
193.655
193.655
193.655
193.655
191.529
191.529
191.529
193.655
193.655
195.781
193.655
193.655
193.655
195.781
197.907
197.907
197.907
197.907
195.781
195.781
197.907
195.781
197.907
195.781
197.907
197.907
197.907
195.781
197.907
195.781
195.781
197.907
195.781
193.655
193.655
191.529
191.529
191.529
193.655
193.655
191.529
193.655
191.529
191.529
191.529
193.655
193.655
191.529
193.655
193.655
193.655
191.529
193.655
193.655
193.655
193.655
193.655
191.529
193.655
193.655
193.655
193.655
191.529
193.655
193.655
193.655
193.655
193.655
195.781
195.781
193.655
193.655
193.655
193.655
193.655
193.655
193.655
193.655
193.655
193.655
193.655
193.655
193.655
193.655
193.655
193.655
193.655
195.781
195.781
193.655
191.529
191.529
193.655
193.655
193.655
191.529
193.655
191.529
191.529
191.529
193.655
191.529
193.655
193.655
193.655
191.529
191.529
191.529
191.529
193.655
191.529
193.655
191.529
191.529
195.781
195.781
195.781
195.781
193.655
195.781
195.781
195.781
195.781
195.781
195.781
195.781
195.781
195.781
195.781
195.781
195.781
195.781
195.781
195.781
193.655
193.655
191.529
191.529
193.655
191.529
193.655
191.529
191.529
191.529
191.529
193.655
191.529
191.529
191.529
195.781
193.655
193.655
191.529
193.655
195.781
195.781
195.781
195.781
195.781
195.781
195.781
195.781
195.781
195.781
195.781
195.781
193.655
193.655
195.781
195.781
195.781
195.781
193.655
195.781
195.781
195.781
195.781
195.781
195.781
195.781
195.781
195.781
193.655
195.781
195.781
197.907
197.907
191.529
191.529
191.529
191.529
191.529
191.529
195.781
193.655
195.781
195.781
195.781
193.655
193.655
193.655
193.655
193.655
193.655
193.655
193.655
193.655
193.655
195.781
193.655
193.655
193.655
193.655
193.655
195.781
195.781
193.655
193.655
193.655
193.655
193.655
193.655
193.655
193.655
193.655
193.655
191.529
193.655
193.655
193.655
193.655
193.655
193.655
193.655
193.655
193.655
195.781
193.655
195.781
193.655
193.655
193.655
193.655
191.529
193.655
193.655
193.655
191.529
191.529
191.529
191.529
193.655
193.655
193.655
193.655
193.655
191.529
193.655
193.655
193.655
191.529
193.655
191.529
193.655
193.655
193.655
191.529
193.655
187.278
187.278
187.278
185.152
185.152
187.278
187.278
185.152
187.278
187.278
187.278
185.152
185.152
187.278
187.278
185.152
187.278
187.278
187.278
185.152
187.278
187.278
185.152
185.152
185.152
187.278
189.404
187.278
189.404
185.152
185.152
187.278
187.278
185.152
187.278
185.152
185.152
185.152
185.152
187.278
185.152
187.278
185.152
185.152
185.152
187.278
185.152
185.152
187.278
187.278
187.278
187.278
185.152
187.278
185.152
185.152
185.152
187.278
187.278
185.152
185.152
185.152
185.152
187.278
185.152
187.278
185.152
187.278
187.278
187.278
187.278
189.404
187.278
189.404
187.278
187.278
187.278
189.404
187.278
189.404
187.278
187.278
187.278
187.278
187.278
189.404
187.278
187.278
189.404
189.404
189.404
189.404
189.404
189.404
189.404
189.404
189.404
189.404
187.278
189.404
189.404
185.152
187.278
187.278
189.404
187.278
189.404
189.404
189.404
189.404
189.404
191.529
189.404
187.278
187.278
187.278
187.278
187.278
189.404
187.278
187.278
187.278
187.278
187.278
187.278
187.278
189.404
189.404
187.278
187.278
189.404
187.278
187.278
189.404
189.404
189.404
187.278
187.278
189.404
187.278
187.278
187.278
187.278
187.278
187.278
189.404
189.404
187.278
187.278
189.404
189.404
189.404
187.278
187.278
187.278
189.404
187.278
187.278
187.278
187.278
185.152
183.026
185.152
185.152
185.152
185.152
187.278
189.404
187.278
189.404
189.404
185.152
185.152
187.278
185.152
187.278
185.152
185.152
185.152
185.152
187.278
185.152
185.152
187.278
185.152
185.152
185.152
185.152
187.278
185.152
187.278
187.278
185.152
185.152
185.152
187.278
185.152
185.152
185.152
187.278
185.152
187.278
185.152
187.278
187.278
187.278
185.152
187.278
185.152
187.278
187.278
185.152
187.278
185.152
185.152
185.152
187.278
185.152
187.278
185.152
185.152
185.152
185.152
185.152
185.152
185.152
185.152
185.152
187.278
187.278
187.278
189.404
189.404
185.152
183.026
187.278
187.278
187.278
187.278
187.278
185.152
187.278
185.152
187.278
185.152
185.152
185.152
185.152
185.152
185.152
187.278
185.152
187.278
187.278
185.152
187.278
185.152
187.278
185.152
185.152
187.278
185.152
185.152
187.278
185.152
185.152
185.152
185.152
185.152
185.152
187.278
185.152
185.152
185.152
185.152
185.152
187.278
185.152
185.152
185.152
185.152
185.152
187.278
185.152
187.278
185.152
185.152
185.152
185.152
187.278
185.152
185.152
187.278
187.278
187.278
187.278
187.278
187.278
187.278
187.278
187.278
187.278
187.278
187.278
187.278
187.278
189.404
187.278
187.278
187.278
189.404
187.278
187.278
187.278
187.278
189.404
187.278
187.278
187.278
187.278
187.278
187.278
187.278
187.278
187.278
185.152
185.152
187.278
187.278
187.278
187.278
187.278
185.152
187.278
187.278
153.265
121.376
134.132
134.132
170.271
185.152
187.278
187.278
187.278
187.278
187.278
187.278
187.278
187.278
187.278
185.152
187.278
187.278
187.278
187.278
189.404
191.529
191.529
191.529
191.529
189.404
191.529
191.529
191.529
189.404
189.404
187.278
187.278
189.404
187.278
189.404
185.152
185.152
185.152
185.152
183.026
183.026
178.775
180.901
187.278
187.278
185.152
185.152
185.152
185.152
187.278
187.278
187.278
189.404
187.278
187.278
187.278
187.278
187.278
187.278
187.278
187.278
187.278
187.278
187.278
187.278
187.278
185.152
185.152
185.152
187.278
185.152
187.278
187.278
187.278
187.278
187.278
187.278
189.404
187.278
187.278
187.278
187.278
189.404
189.404
187.278
189.404
187.278
187.278
187.278
187.278
187.278
187.278
187.278
187.278
187.278
187.278
187.278
187.278
187.278
187.278
187.278
187.278
187.278
187.278
187.278
187.278
187.278
189.404
187.278
189.404
187.278
189.404
189.404
189.404
187.278
187.278
187.278
187.278
187.278
187.278
187.278
189.404
187.278
187.278
187.278
187.278
187.278
187.278
187.278
189.404
189.404
187.278
187.278
189.404
187.278
187.278
187.278
187.278
187.278
187.278
187.278
185.152
185.152
187.278
187.278
187.278
189.404
189.404
189.404
187.278
187.278
187.278
187.278
189.404
189.404
189.404
187.278
187.278
185.152
187.278
187.278
187.278
185.152
185.152
185.152
187.278
187.278
187.278
187.278
187.278
185.152
187.278
187.278
187.278
187.278
187.278
185.152
187.278
187.278
187.278
187.278
187.278
187.278
187.278
187.278
187.278
189.404
187.278
187.278
189.404
187.278
189.404
189.404
187.278
187.278
189.404
187.278
187.278
189.404
189.404
189.404
189.404
189.404
189.404
189.404
189.404
187.278
189.404
189.404
189.404
189.404
189.404
189.404
189.404
189.404
187.278
187.278
187.278
185.152
185.152
187.278
185.152
185.152
185.152
185.152
185.152
185.152
185.152
185.152
185.152
187.278
185.152
185.152
185.152
185.152
185.152
185.152
185.152
185.152
185.152
185.152
185.152
185.152
187.278
187.278
187.278
185.152
185.152
183.026
185.152
183.026
183.026
185.152
185.152
183.026
183.026
183.026
185.152
185.152
185.152
185.152
185.152
187.278
189.404
189.404
187.278
189.404
187.278
189.404
189.404
187.278
187.278
189.404
187.278
187.278
187.278
187.278
185.152
183.026
187.278
185.152
185.152
185.152
183.026
151.139
159.642
185.152
185.152
187.278
185.152
185.152
185.152
187.278
187.278
187.278
185.152
185.152
185.152
185.152
187.278
187.278
180.901
185.152
185.152
187.278
185.152
185.152
187.278
185.152
187.278
185.152
187.278
185.152
187.278
187.278
185.152
185.152
187.278
185.152
187.278
185.152
185.152
187.278
185.152
187.278
185.152
185.152
187.278
187.278
187.278
189.404
187.278
187.278
187.278
187.278
187.278
187.278
187.278
187.278
187.278
187.278
187.278
187.278
187.278
187.278
187.278
187.278
187.278
187.278
185.152
187.278
185.152
187.278
187.278
185.152
187.278
185.152
185.152
185.152
187.278
185.152
185.152
185.152
187.278
185.152
187.278
187.278
185.152
185.152
187.278
187.278
187.278
187.278
187.278
187.278
187.278
185.152
187.278
187.278
189.404
189.404
189.404
189.404
189.404
189.404
185.152
185.152
185.152
187.278
185.152
187.278
187.278
187.278
185.152
187.278
187.278
185.152
185.152
185.152
187.278
185.152
187.278
187.278
187.278
187.278
185.152
187.278
185.152
185.152
185.152
185.152
187.278
187.278
185.152
187.278
187.278
185.152
185.152
187.278
185.152
187.278
185.152
189.404
189.404
189.404
187.278
189.404
189.404
189.404
187.278
189.404
189.404
187.278
187.278
189.404
189.404
187.278
189.404
189.404
187.278
187.278
187.278
189.404
189.404
189.404
189.404
189.404
187.278
189.404
189.404
189.404
187.278
185.152
189.404
187.278
187.278
187.278
185.152
187.278
187.278
185.152
185.152
187.278
185.152
187.278
187.278
187.278
187.278
187.278
187.278
187.278
185.152
185.152
185.152
187.278
187.278
185.152
187.278
187.278
187.278
187.278
187.278
187.278
187.278
187.278
187.278
187.278
187.278
187.278
187.278
189.404
187.278
187.278
187.278
187.278
187.278
183.026
183.026
187.278
185.152
187.278
187.278
185.152
187.278
185.152
185.152
185.152
185.152
187.278
187.278
185.152
189.404
189.404
187.278
185.152
185.152
187.278
187.278
187.278
185.152
187.278
187.278
187.278
187.278
185.152
185.152
187.278
187.278
185.152
187.278
187.278
187.278
185.152
187.278
185.152
185.152
185.152
185.152
185.152
187.278
187.278
187.278
187.278
187.278
185.152
187.278
187.278
187.278
187.278
187.278
187.278
187.278
187.278
187.278
187.278
187.278
187.278
187.278
187.278
187.278
187.278
187.278
187.278
187.278
187.278
185.152
187.278
187.278
187.278
187.278
187.278
185.152
185.152
183.026
185.152
185.152
185.152
185.152
185.152
185.152
185.152
185.152
185.152
185.152
183.026
185.152
185.152
183.026
183.026
183.026
185.152
185.152
183.026
185.152
185.152
185.152
185.152
183.026
185.152
185.152
185.152
183.026
183.026
185.152
183.026
185.152
183.026
185.152
185.152
185.152
185.152
183.026
185.152
189.404
189.404
189.404
191.529
191.529
189.404
187.278
189.404
187.278
189.404
189.404
191.529
191.529
189.404
189.404
191.529
189.404
189.404
187.278
187.278
185.152
183.026
185.152
185.152
185.152
185.152
183.026
191.529
191.529
189.404
189.404
189.404
191.529
189.404
191.529
189.404
189.404
189.404
189.404
185.152
185.152
185.152
187.278
185.152
185.152
187.278
185.152
185.152
185.152
187.278
187.278
187.278
185.152
185.152
187.278
185.152
185.152
185.152
187.278
187.278
187.278
187.278
185.152
185.152
183.026
185.152
185.152
185.152
185.152
185.152
185.152
185.152
185.152
185.152
185.152
185.152
187.278
185.152
185.152
185.152
185.152
187.278
187.278
185.152
185.152
187.278
187.278
185.152
185.152
185.152
185.152
185.152
187.278
187.278
187.278
187.278
187.278
187.278
187.278
187.278
185.152
185.152
183.026
185.152
185.152
183.026
185.152
183.026
183.026
185.152
185.152
185.152
183.026
183.026
183.026
180.901
183.026
183.026
183.026
183.026
183.026
183.026
183.026
183.026
180.901
183.026
183.026
183.026
183.026
183.026
183.026
183.026
183.026
183.026
183.026
183.026
183.026
180.901
180.901
185.152
185.152
183.026
183.026
183.026
185.152
183.026
183.026
183.026
185.152
183.026
183.026
183.026
185.152
183.026
183.026
185.152
183.026
183.026
187.278
187.278
187.278
185.152
187.278
187.278
185.152
187.278
187.278
185.152
183.026
183.026
178.775
185.152
185.152
187.278
185.152
187.278
187.278
185.152
157.516
187.278
189.404
187.278
187.278
185.152
185.152
187.278
187.278
187.278
189.404
187.278
187.278
187.278
189.404
187.278
189.404
189.404
189.404
189.404
189.404
189.404
191.529
176.649
168.146
180.901
180.901
170.271
183.026
180.901
166.02
142.635
142.635
138.383
123.502
127.754
159.642
183.026
183.026
183.026
183.026
183.026
185.152
180.901
178.775
176.649
176.649
153.265
168.146
144.761
119.25
121.376
121.376
119.25
142.635
187.278
187.278
191.529
191.529
191.529
189.404
174.523
178.775
191.529
189.404
189.404
189.404
191.529
189.404
189.404
191.529
191.529
163.894
189.404
191.529
189.404
191.529
191.529
189.404
191.529
189.404
191.529
189.404
191.529
191.529
189.404
191.529
189.404
189.404
191.529
189.404
189.404
191.529
189.404
189.404
189.404
189.404
189.404
189.404
189.404
191.529
189.404
191.529
191.529
189.404
191.529
191.529
191.529
191.529
187.278
185.152
187.278
187.278
187.278
187.278
187.278
185.152
185.152
187.278
185.152
185.152
187.278
187.278
187.278
185.152
187.278
187.278
187.278
187.278
187.278
185.152
187.278
187.278
187.278
187.278
185.152
187.278
187.278
187.278
187.278
187.278
187.278
187.278
185.152
185.152
185.152
187.278
187.278
183.026
183.026
187.278
185.152
183.026
183.026
183.026
180.901
180.901
183.026
180.901
180.901
180.901
180.901
180.901
180.901
180.901
180.901
183.026
183.026
187.278
185.152
187.278
185.152
187.278
187.278
187.278
187.278
185.152
185.152
185.152
187.278
187.278
185.152
185.152
185.152
187.278
185.152
185.152
185.152
187.278
185.152
185.152
187.278
185.152
185.152
185.152
185.152
187.278
185.152
185.152
185.152
185.152
183.026
183.026
180.901
183.026
183.026
185.152
183.026
180.901
183.026
185.152
183.026
183.026
183.026
185.152
183.026
183.026
183.026
183.026
185.152
183.026
187.278
189.404
187.278
187.278
189.404
187.278
187.278
187.278
187.278
187.278
189.404
187.278
187.278
187.278
187.278
187.278
187.278
187.278
187.278
187.278
187.278
187.278
187.278
187.278
187.278
187.278
187.278
185.152
185.152
185.152
185.152
185.152
185.152
185.152
185.152
183.026
183.026
183.026
185.152
185.152
185.152
185.152
185.152
185.152
183.026
185.152
185.152
183.026
185.152
185.152
185.152
185.152
185.152
185.152
185.152
185.152
185.152
185.152
185.152
185.152
185.152
185.152
185.152
185.152
185.152
185.152
183.026
185.152
185.152
185.152
185.152
183.026
185.152
183.026
183.026
183.026
185.152
185.152
183.026
185.152
185.152
185.152
183.026
185.152
183.026
185.152
185.152
185.152
185.152
185.152
183.026
183.026
185.152
185.152
185.152
183.026
185.152
185.152
185.152
185.152
183.026
185.152
185.152
185.152
185.152
185.152
185.152
185.152
185.152
185.152
185.152
185.152
185.152
185.152
185.152
185.152
185.152
185.152
185.152
185.152
185.152
185.152
185.152
185.152
183.026
183.026
185.152
185.152
183.026
185.152
185.152
185.152
185.152
185.152
185.152
185.152
185.152
185.152
187.278
185.152
185.152
185.152
185.152
187.278
183.026
180.901
185.152
185.152
185.152
183.026
183.026
185.152
185.152
183.026
180.901
185.152
187.278
185.152
185.152
183.026
185.152
187.278
185.152
185.152
183.026
183.026
185.152
185.152
183.026
183.026
183.026
183.026
183.026
185.152
185.152
185.152
185.152
183.026
183.026
185.152
185.152
185.152
185.152
189.404
187.278
185.152
185.152
185.152
183.026
178.775
180.901
180.901
183.026
189.404
191.529
189.404
189.404
189.404
189.404
185.152
185.152
185.152
185.152
185.152
185.152
187.278
187.278
189.404
187.278
189.404
187.278
187.278
189.404
189.404
191.529
166.02
180.901
187.278
187.278
183.026
185.152
185.152
183.026
183.026
185.152
185.152
185.152
185.152
185.152
185.152
187.278
157.516
151.139
157.516
161.768
146.887
146.887
151.139
185.152
185.152
183.026
185.152
185.152
185.152
185.152
187.278
170.271
180.901
180.901
185.152
185.152
185.152
185.152
183.026
185.152
185.152
185.152
185.152
185.152
161.768
185.152
185.152
185.152
187.278
185.152
187.278
187.278
185.152
185.152
187.278
183.026
183.026
187.278
187.278
187.278
185.152
185.152
187.278
189.404
189.404
189.404
189.404
191.529
189.404
163.894
183.026
183.026
183.026
183.026
185.152
183.026
183.026
183.026
180.901
189.404
161.768
187.278
185.152
187.278
187.278
185.152
185.152
187.278
185.152
187.278
187.278
189.404
189.404
189.404
189.404
189.404
187.278
187.278
187.278
187.278
187.278
187.278
189.404
189.404
189.404
189.404
189.404
189.404
189.404
189.404
189.404
191.529
191.529
187.278
189.404
189.404
189.404
189.404
189.404
191.529
189.404
189.404
191.529
189.404
189.404
189.404
161.768
187.278
189.404
187.278
187.278
185.152
185.152
187.278
189.404
189.404
161.768
187.278
187.278
187.278
189.404
187.278
187.278
187.278
189.404
189.404
185.152
189.404
189.404
187.278
187.278
187.278
189.404
187.278
185.152
185.152
180.901
189.404
185.152
185.152
180.901
180.901
163.894
189.404
189.404
189.404
189.404
161.768
185.152
183.026
183.026
185.152
185.152
183.026
185.152
185.152
185.152
187.278
185.152
187.278
187.278
185.152
183.026
185.152
183.026
183.026
185.152
183.026
187.278
185.152
185.152
185.152
185.152
185.152
185.152
185.152
185.152
185.152
191.529
189.404
191.529
189.404
189.404
189.404
189.404
189.404
189.404
189.404
189.404
189.404
189.404
191.529
189.404
189.404
189.404
187.278
189.404
191.529
157.516
121.376
121.376
176.649
180.901
180.901
183.026
183.026
183.026
185.152
183.026
183.026
183.026
178.775
172.397
185.152
183.026
187.278
187.278
185.152
185.152
187.278
187.278
187.278
187.278
185.152
163.894
189.404
189.404
189.404
189.404
189.404
189.404
189.404
189.404
189.404
189.404
189.404
189.404
189.404
187.278
187.278
187.278
189.404
189.404
189.404
189.404
189.404
189.404
189.404
187.278
189.404
189.404
189.404
189.404
189.404
191.529
189.404
189.404
191.529
191.529
189.404
163.894
189.404
189.404
189.404
189.404
187.278
189.404
189.404
189.404
189.404
187.278
189.404
189.404
189.404
189.404
189.404
189.404
189.404
187.278
189.404
189.404
189.404
189.404
187.278
187.278
189.404
187.278
189.404
189.404
189.404
189.404
157.516
180.901
180.901
180.901
183.026
183.026
183.026
180.901
183.026
183.026
180.901
180.901
183.026
183.026
183.026
185.152
183.026
183.026
180.901
180.901
183.026
183.026
183.026
180.901
180.901
183.026
183.026
183.026
157.516
119.25
140.509
140.509
174.523
185.152
185.152
185.152
185.152
183.026
185.152
185.152
187.278
187.278
187.278
185.152
187.278
185.152
183.026
183.026
183.026
187.278
185.152
185.152
185.152
185.152
187.278
187.278
187.278
187.278
187.278
183.026
183.026
185.152
183.026
180.901
183.026
183.026
183.026
183.026
180.901
183.026
183.026
180.901
144.761
146.887
178.775
185.152
185.152
185.152
189.404
189.404
189.404
189.404
187.278
187.278
187.278
187.278
187.278
187.278
187.278
185.152
183.026
183.026
187.278
187.278
187.278
185.152
187.278
187.278
185.152
185.152
187.278
187.278
185.152
185.152
185.152
185.152
185.152
183.026
185.152
183.026
183.026
185.152
187.278
185.152
185.152
185.152
185.152
187.278
187.278
187.278
187.278
187.278
187.278
187.278
185.152
185.152
185.152
185.152
185.152
185.152
187.278
185.152
185.152
185.152
185.152
183.026
185.152
185.152
185.152
187.278
187.278
187.278
187.278
187.278
187.278
187.278
185.152
187.278
187.278
187.278
185.152
183.026
185.152
185.152
187.278
187.278
185.152
185.152
185.152
187.278
183.026
183.026
185.152
185.152
185.152
185.152
185.152
185.152
185.152
187.278
185.152
187.278
187.278
185.152
185.152
185.152
185.152
185.152
185.152
185.152
185.152
185.152
185.152
183.026
183.026
185.152
187.278
187.278
185.152
185.152
185.152
185.152
185.152
185.152
185.152
187.278
185.152
185.152
183.026
187.278
187.278
187.278
185.152
185.152
185.152
185.152
183.026
185.152
183.026
185.152
185.152
185.152
183.026
185.152
185.152
183.026
183.026
185.152
185.152
185.152
185.152
185.152
185.152
185.152
185.152
183.026
185.152
185.152
185.152
185.152
185.152
185.152
185.152
185.152
185.152
185.152
185.152
185.152
185.152
187.278
185.152
185.152
183.026
185.152
185.152
185.152
161.768
146.887
146.887
185.152
185.152
185.152
185.152
185.152
185.152
185.152
183.026
185.152
185.152
183.026
185.152
185.152
185.152
185.152
183.026
185.152
185.152
185.152
185.152
185.152
185.152
183.026
183.026
185.152
185.152
185.152
183.026
185.152
187.278
187.278
185.152
187.278
187.278
187.278
187.278
187.278
185.152
183.026
187.278
185.152
185.152
187.278
185.152
187.278
185.152
185.152
185.152
185.152
187.278
185.152
185.152
185.152
185.152
185.152
185.152
185.152
185.152
185.152
185.152
185.152
185.152
187.278
185.152
185.152
185.152
187.278
185.152
185.152
185.152
187.278
185.152
187.278
185.152
187.278
187.278
183.026
185.152
185.152
187.278
185.152
185.152
185.152
185.152
183.026
185.152
185.152
185.152
185.152
185.152
185.152
187.278
187.278
185.152
185.152
187.278
185.152
185.152
187.278
185.152
185.152
187.278
187.278
185.152
183.026
185.152
185.152
185.152
185.152
185.152
183.026
185.152
185.152
185.152
185.152
185.152
185.152
185.152
185.152
187.278
187.278
185.152
185.152
185.152
187.278
187.278
187.278
185.152
185.152
183.026
185.152
185.152
185.152
187.278
185.152
185.152
185.152
185.152
185.152
183.026
185.152
187.278
185.152
185.152
185.152
185.152
187.278
185.152
185.152
185.152
185.152
185.152
185.152
185.152
185.152
185.152
185.152
185.152
185.152
185.152
187.278
187.278
187.278
185.152
187.278
187.278
185.152
187.278
187.278
185.152
185.152
183.026
183.026
185.152
183.026
183.026
185.152
183.026
185.152
185.152
185.152
185.152
185.152
185.152
185.152
183.026
183.026
183.026
187.278
185.152
185.152
185.152
185.152
187.278
185.152
185.152
185.152
185.152
187.278
185.152
187.278
187.278
185.152
185.152
187.278
187.278
187.278
187.278
187.278
187.278
185.152
187.278
187.278
187.278
185.152
187.278
187.278
187.278
187.278
187.278
185.152
187.278
187.278
187.278
185.152
187.278
185.152
187.278
185.152
185.152
185.152
185.152
185.152
185.152
185.152
185.152
183.026
183.026
185.152
187.278
187.278
185.152
187.278
185.152
187.278
187.278
185.152
185.152
185.152
185.152
185.152
185.152
185.152
185.152
185.152
185.152
183.026
183.026
185.152
185.152
185.152
185.152
185.152
183.026
185.152
185.152
183.026
185.152
185.152
185.152
183.026
183.026
185.152
183.026
183.026
183.026
183.026
185.152
183.026
183.026
185.152
185.152
185.152
185.152
185.152
185.152
185.152
185.152
183.026
185.152
183.026
183.026
185.152
185.152
183.026
180.901
180.901
183.026
183.026
183.026
183.026
183.026
183.026
183.026
185.152
183.026
183.026
183.026
185.152
183.026
185.152
185.152
185.152
185.152
183.026
183.026
185.152
183.026
183.026
183.026
185.152
183.026
187.278
185.152
185.152
185.152
187.278
187.278
185.152
185.152
185.152
187.278
185.152
185.152
187.278
187.278
185.152
187.278
185.152
185.152
185.152
187.278
185.152
187.278
185.152
180.901
180.901
185.152
185.152
185.152
187.278
185.152
185.152
185.152
185.152
185.152
185.152
185.152
185.152
185.152
185.152
185.152
187.278
187.278
185.152
185.152
185.152
185.152
185.152
183.026
183.026
185.152
185.152
187.278
187.278
187.278
185.152
185.152
185.152
185.152
185.152
185.152
185.152
183.026
185.152
185.152
185.152
183.026
185.152
183.026
183.026
183.026
185.152
185.152
185.152
185.152
185.152
185.152
187.278
183.026
187.278
187.278
185.152
185.152
183.026
185.152
183.026
183.026
185.152
189.404
187.278
187.278
185.152
185.152
187.278
185.152
187.278
187.278
187.278
187.278
185.152
185.152
185.152
185.152
185.152
187.278
185.152
187.278
187.278
185.152
185.152
185.152
187.278
185.152
185.152
185.152
187.278
187.278
185.152
185.152
185.152
185.152
185.152
185.152
185.152
185.152
185.152
185.152
185.152
185.152
187.278
187.278
187.278
185.152
185.152
185.152
185.152
185.152
185.152
185.152
187.278
185.152
185.152
185.152
185.152
185.152
185.152
185.152
185.152
185.152
185.152
185.152
185.152
185.152
183.026
183.026
183.026
187.278
185.152
185.152
185.152
185.152
185.152
185.152
183.026
185.152
185.152
183.026
183.026
185.152
185.152
183.026
183.026
185.152
185.152
185.152
183.026
183.026
183.026
180.901
183.026
180.901
183.026
183.026
183.026
183.026
185.152
183.026
180.901
183.026
183.026
183.026
183.026
183.026
183.026
183.026
183.026
180.901
185.152
183.026
183.026
180.901
183.026
183.026
183.026
185.152
183.026
183.026
180.901
180.901
183.026
183.026
183.026
183.026
183.026
180.901
183.026
183.026
183.026
183.026
185.152
183.026
183.026
180.901
180.901
178.775
178.775
180.901
178.775
178.775
183.026
183.026
183.026
183.026
183.026
183.026
183.026
183.026
183.026
183.026
183.026
187.278
185.152
187.278
185.152
185.152
187.278
185.152
185.152
183.026
180.901
180.901
183.026
183.026
183.026
180.901
180.901
180.901
183.026
180.901
180.901
180.901
180.901
180.901
178.775
178.775
178.775
178.775
178.775
153.265
174.523
185.152
185.152
185.152
183.026
183.026
180.901
180.901
183.026
180.901
176.649
180.901
180.901
180.901
183.026
183.026
183.026
183.026
183.026
185.152
187.278
187.278
187.278
185.152
185.152
185.152
185.152
185.152
185.152
185.152
187.278
187.278
185.152
185.152
185.152
185.152
185.152
185.152
183.026
185.152
185.152
185.152
183.026
183.026
183.026
183.026
183.026
185.152
183.026
183.026
183.026
185.152
183.026
183.026
185.152
185.152
183.026
183.026
185.152
185.152
183.026
183.026
185.152
185.152
185.152
185.152
185.152
185.152
185.152
185.152
183.026
185.152
185.152
185.152
187.278
187.278
187.278
187.278
191.529
191.529
204.284
208.535
208.535
206.41
206.41
206.41
208.535
208.535
208.535
208.535
206.41
208.535
206.41
208.535
208.535
206.41
208.535
206.41
208.535
208.535
206.41
206.41
206.41
206.41
206.41
206.41
206.41
206.41
206.41
206.41
206.41
208.535
206.41
208.535
208.535
208.535
206.41
208.535
206.41
206.41
204.284
204.284
204.284
204.284
204.284
204.284
204.284
204.284
202.158
204.284
204.284
202.158
204.284
204.284
204.284
206.41
204.284
202.158
204.284
204.284
202.158
204.284
204.284
204.284
202.158
204.284
202.158
204.284
204.284
204.284
204.284
208.535
208.535
206.41
206.41
206.41
206.41
206.41
206.41
206.41
206.41
204.284
204.284
204.284
204.284
206.41
206.41
204.284
204.284
206.41
206.41
204.284
206.41
204.284
204.284
206.41
206.41
208.535
206.41
206.41
206.41
204.284
206.41
204.284
204.284
206.41
206.41
206.41
206.41
204.284
204.284
206.41
204.284
204.284
206.41
204.284
204.284
204.284
204.284
204.284
206.41
204.284
204.284
204.284
204.284
204.284
204.284
204.284
204.284
206.41
204.284
206.41
206.41
204.284
206.41
204.284
204.284
204.284
204.284
206.41
208.535
204.284
204.284
204.284
204.284
204.284
204.284
204.284
206.41
204.284
204.284
202.158
202.158
204.284
204.284
204.284
204.284
204.284
204.284
206.41
206.41
206.41
204.284
206.41
204.284
206.41
206.41
206.41
206.41
204.284
204.284
204.284
204.284
206.41
204.284
206.41
206.41
206.41
204.284
204.284
206.41
206.41
206.41
206.41
206.41
206.41
206.41
206.41
206.41
206.41
206.41
206.41
204.284
206.41
204.284
204.284
204.284
204.284
202.158
204.284
204.284
204.284
204.284
204.284
204.284
204.284
202.158
202.158
204.284
204.284
204.284
206.41
204.284
202.158
202.158
204.284
204.284
204.284
204.284
204.284
204.284
202.158
202.158
204.284
204.284
204.284
206.41
206.41
204.284
204.284
202.158
202.158
204.284
204.284
204.284
204.284
204.284
206.41
206.41
206.41
206.41
202.158
204.284
204.284
204.284
204.284
202.158
202.158
202.158
202.158
204.284
202.158
204.284
204.284
202.158
202.158
204.284
202.158
202.158
202.158
204.284
204.284
204.284
204.284
204.284
204.284
204.284
204.284
204.284
206.41
204.284
204.284
206.41
204.284
204.284
206.41
206.41
204.284
206.41
204.284
204.284
204.284
204.284
206.41
204.284
204.284
204.284
204.284
206.41
204.284
204.284
204.284
204.284
204.284
204.284
202.158
202.158
204.284
204.284
202.158
202.158
204.284
204.284
202.158
202.158
204.284
202.158
204.284
204.284
204.284
200.033
200.033
202.158
202.158
202.158
200.033
204.284
204.284
204.284
202.158
204.284
204.284
204.284
202.158
185.152
197.907
197.907
202.158
204.284
204.284
202.158
202.158
204.284
204.284
204.284
202.158
204.284
204.284
206.41
206.41
204.284
204.284
204.284
204.284
204.284
204.284
204.284
202.158
202.158
204.284
204.284
204.284
204.284
202.158
200.033
200.033
200.033
200.033
204.284
204.284
202.158
204.284
204.284
202.158
204.284
204.284
204.284
204.284
206.41
206.41
206.41
206.41
202.158
202.158
202.158
202.158
202.158
202.158
202.158
202.158
202.158
204.284
204.284
204.284
204.284
204.284
204.284
204.284
204.284
204.284
204.284
204.284
204.284
204.284
204.284
204.284
204.284
204.284
204.284
204.284
204.284
204.284
204.284
204.284
204.284
204.284
204.284
204.284
204.284
202.158
204.284
202.158
202.158
202.158
202.158
202.158
202.158
200.033
200.033
202.158
202.158
202.158
202.158
202.158
202.158
202.158
204.284
204.284
202.158
202.158
202.158
202.158
202.158
202.158
204.284
206.41
206.41
204.284
206.41
204.284
204.284
204.284
202.158
202.158
202.158
202.158
202.158
204.284
204.284
206.41
204.284
204.284
204.284
202.158
202.158
202.158
204.284
206.41
202.158
204.284
202.158
202.158
204.284
202.158
197.907
193.655
193.655
200.033
202.158
204.284
202.158
204.284
204.284
204.284
204.284
206.41
206.41
204.284
204.284
202.158
204.284
202.158
202.158
204.284
206.41
204.284
204.284
204.284
204.284
204.284
204.284
204.284
204.284
202.158
202.158
202.158
202.158
204.284
204.284
204.284
202.158
202.158
204.284
204.284
206.41
204.284
204.284
204.284
204.284
206.41
204.284
204.284
206.41
206.41
206.41
206.41
206.41
206.41
206.41
206.41
204.284
204.284
206.41
204.284
206.41
206.41
206.41
204.284
204.284
206.41
206.41
206.41
204.284
206.41
204.284
206.41
206.41
206.41
206.41
204.284
204.284
204.284
204.284
204.284
204.284
204.284
204.284
202.158
202.158
202.158
204.284
206.41
206.41
204.284
202.158
202.158
202.158
202.158
202.158
202.158
204.284
204.284
202.158
204.284
204.284
204.284
204.284
204.284
204.284
206.41
204.284
204.284
206.41
204.284
204.284
204.284
204.284
204.284
202.158
204.284
202.158
202.158
202.158
202.158
202.158
202.158
202.158
204.284
204.284
204.284
204.284
204.284
204.284
206.41
204.284
204.284
204.284
206.41
204.284
204.284
204.284
200.033
202.158
202.158
204.284
204.284
206.41
206.41
204.284
204.284
204.284
206.41
204.284
206.41
206.41
206.41
206.41
206.41
206.41
206.41
206.41
206.41
204.284
202.158
202.158
202.158
204.284
206.41
204.284
208.535
206.41
206.41
206.41
208.535
206.41
206.41
206.41
204.284
204.284
202.158
202.158
204.284
206.41
204.284
202.158
202.158
200.033
202.158
202.158
202.158
202.158
204.284
204.284
202.158
204.284
204.284
206.41
204.284
204.284
206.41
206.41
204.284
206.41
206.41
206.41
202.158
202.158
204.284
202.158
202.158
202.158
204.284
204.284
206.41
206.41
204.284
206.41
204.284
206.41
206.41
204.284
206.41
206.41
206.41
206.41
206.41
206.41
206.41
206.41
206.41
206.41
202.158
202.158
202.158
204.284
204.284
204.284
204.284
204.284
202.158
204.284
204.284
202.158
202.158
202.158
202.158
202.158
204.284
204.284
204.284
204.284
204.284
204.284
204.284
202.158
202.158
204.284
204.284
206.41
204.284
204.284
204.284
206.41
204.284
206.41
206.41
204.284
206.41
204.284
204.284
204.284
204.284
206.41
204.284
204.284
204.284
204.284
204.284
204.284
204.284
204.284
204.284
204.284
204.284
204.284
204.284
204.284
204.284
204.284
202.158
202.158
204.284
204.284
204.284
204.284
202.158
204.284
204.284
204.284
202.158
202.158
202.158
206.41
202.158
202.158
204.284
206.41
204.284
204.284
204.284
202.158
202.158
202.158
202.158
202.158
202.158
202.158
200.033
200.033
202.158
202.158
202.158
200.033
200.033
202.158
202.158
202.158
200.033
200.033
204.284
204.284
206.41
204.284
204.284
206.41
204.284
204.284
204.284
204.284
206.41
204.284
204.284
204.284
204.284
204.284
202.158
200.033
202.158
202.158
202.158
202.158
202.158
200.033
200.033
197.907
193.655
187.278
180.901
180.901
202.158
200.033
202.158
202.158
202.158
202.158
202.158
202.158
202.158
202.158
200.033
200.033
197.907
197.907
204.284
202.158
202.158
202.158
202.158
202.158
202.158
202.158
204.284
204.284
202.158
202.158
204.284
202.158
202.158
204.284
204.284
204.284
204.284
206.41
204.284
204.284
204.284
204.284
204.284
202.158
200.033
202.158
202.158
202.158
202.158
200.033
200.033
202.158
202.158
204.284
202.158
204.284
204.284
202.158
204.284
204.284
204.284
202.158
202.158
200.033
200.033
202.158
202.158
200.033
202.158
200.033
200.033
200.033
200.033
202.158
202.158
200.033
202.158
202.158
202.158
202.158
202.158
202.158
202.158
200.033
200.033
202.158
200.033
200.033
200.033
191.529
189.404
189.404
187.278
187.278
189.404
193.655
195.781
195.781
193.655
195.781
195.781
195.781
191.529
183.026
176.649
151.139
151.139
142.635
140.509
138.383
138.383
138.383
140.509
142.635
140.509
142.635
142.635
142.635
142.635
142.635
140.509
140.509
191.529
202.158
200.033
202.158
202.158
200.033
202.158
204.284
202.158
202.158
202.158
202.158
200.033
202.158
202.158
202.158
204.284
204.284
204.284
202.158
204.284
202.158
204.284
204.284
202.158
204.284
202.158
204.284
204.284
202.158
204.284
204.284
204.284
200.033
202.158
202.158
202.158
202.158
204.284
200.033
195.781
166.02
166.02
146.887
127.754
125.628
151.139
185.152
185.152
202.158
204.284
204.284
204.284
204.284
204.284
204.284
204.284
204.284
204.284
206.41
204.284
204.284
204.284
204.284
204.284
204.284
204.284
202.158
206.41
206.41
208.535
208.535
206.41
206.41
208.535
208.535
206.41
208.535
206.41
206.41
206.41
208.535
206.41
206.41
206.41
206.41
208.535
206.41
206.41
208.535
202.158
204.284
204.284
204.284
204.284
204.284
204.284
204.284
204.284
202.158
204.284
204.284
204.284
206.41
204.284
204.284
204.284
204.284
204.284
204.284
204.284
204.284
204.284
204.284
204.284
204.284
202.158
202.158
202.158
204.284
204.284
204.284
204.284
204.284
204.284
204.284
204.284
202.158
204.284
204.284
202.158
202.158
204.284
204.284
202.158
202.158
204.284
202.158
204.284
204.284
204.284
204.284
204.284
204.284
204.284
204.284
204.284
204.284
204.284
204.284
204.284
204.284
204.284
204.284
204.284
206.41
204.284
206.41
206.41
206.41
206.41
204.284
206.41
206.41
204.284
206.41
204.284
206.41
206.41
206.41
206.41
206.41
204.284
206.41
206.41
206.41
204.284
206.41
206.41
206.41
206.41
204.284
204.284
206.41
204.284
204.284
204.284
206.41
206.41
204.284
204.284
204.284
206.41
204.284
206.41
206.41
204.284
204.284
206.41
206.41
204.284
204.284
204.284
204.284
206.41
206.41
204.284
204.284
204.284
204.284
204.284
206.41
204.284
204.284
206.41
204.284
206.41
204.284
206.41
202.158
202.158
204.284
202.158
204.284
204.284
204.284
204.284
204.284
206.41
202.158
202.158
202.158
202.158
202.158
200.033
202.158
202.158
202.158
202.158
202.158
202.158
204.284
204.284
202.158
202.158
204.284
202.158
204.284
204.284
204.284
204.284
204.284
204.284
202.158
202.158
206.41
204.284
204.284
204.284
204.284
204.284
204.284
204.284
204.284
204.284
204.284
204.284
204.284
204.284
204.284
204.284
202.158
204.284
204.284
206.41
204.284
206.41
206.41
204.284
206.41
206.41
204.284
204.284
204.284
204.284
206.41
206.41
206.41
206.41
206.41
206.41
206.41
206.41
204.284
204.284
204.284
204.284
204.284
204.284
202.158
204.284
204.284
202.158
204.284
202.158
202.158
204.284
204.284
204.284
204.284
204.284
204.284
206.41
202.158
204.284
204.284
204.284
204.284
204.284
204.284
204.284
204.284
204.284
204.284
204.284
200.033
197.907
197.907
200.033
204.284
204.284
204.284
204.284
204.284
204.284
202.158
204.284
202.158
202.158
202.158
204.284
202.158
202.158
202.158
202.158
202.158
204.284
202.158
202.158
204.284
202.158
204.284
202.158
204.284
202.158
202.158
200.033
200.033
202.158
204.284
204.284
204.284
204.284
202.158
202.158
202.158
204.284
204.284
204.284
204.284
204.284
202.158
204.284
204.284
200.033
200.033
202.158
204.284
204.284
202.158
204.284
204.284
204.284
204.284
202.158
204.284
202.158
202.158
204.284
204.284
202.158
204.284
202.158
202.158
204.284
204.284
204.284
202.158
204.284
202.158
202.158
204.284
204.284
204.284
206.41
204.284
204.284
204.284
204.284
204.284
202.158
204.284
206.41
206.41
202.158
204.284
204.284
202.158
204.284
204.284
202.158
202.158
204.284
202.158
204.284
204.284
204.284
204.284
204.284
204.284
200.033
204.284
204.284
204.284
204.284
204.284
204.284
204.284
202.158
204.284
204.284
204.284
202.158
204.284
202.158
202.158
202.158
204.284
202.158
204.284
204.284
204.284
204.284
204.284
204.284
204.284
204.284
202.158
204.284
204.284
204.284
204.284
204.284
202.158
204.284
204.284
204.284
204.284
206.41
204.284
202.158
202.158
206.41
206.41
204.284
206.41
204.284
204.284
202.158
200.033
202.158
202.158
202.158
204.284
206.41
204.284
204.284
204.284
204.284
204.284
204.284
204.284
204.284
204.284
204.284
204.284
206.41
204.284
204.284
204.284
204.284
206.41
204.284
204.284
204.284
204.284
202.158
204.284
204.284
204.284
204.284
204.284
206.41
204.284
202.158
202.158
202.158
204.284
204.284
204.284
204.284
204.284
204.284
202.158
202.158
202.158
204.284
202.158
202.158
202.158
204.284
204.284
204.284
204.284
204.284
204.284
204.284
204.284
204.284
206.41
206.41
204.284
204.284
204.284
204.284
204.284
204.284
204.284
204.284
204.284
204.284
206.41
204.284
204.284
204.284
204.284
204.284
204.284
204.284
204.284
204.284
204.284
204.284
202.158
204.284
204.284
202.158
204.284
204.284
206.41
206.41
206.41
206.41
206.41
208.535
204.284
204.284
202.158
202.158
204.284
204.284
204.284
206.41
206.41
204.284
204.284
204.284
206.41
206.41
204.284
204.284
204.284
202.158
204.284
202.158
202.158
202.158
204.284
202.158
204.284
204.284
204.284
204.284
206.41
204.284
202.158
206.41
206.41
204.284
204.284
204.284
206.41
206.41
204.284
204.284
206.41
202.158
204.284
204.284
204.284
200.033
200.033
200.033
200.033
200.033
200.033
200.033
200.033
200.033
200.033
200.033
202.158
204.284
202.158
202.158
202.158
202.158
204.284
204.284
204.284
204.284
204.284
202.158
202.158
202.158
204.284
204.284
204.284
204.284
204.284
204.284
204.284
204.284
202.158
204.284
204.284
204.284
204.284
202.158
204.284
202.158
202.158
204.284
204.284
204.284
204.284
204.284
204.284
204.284
204.284
204.284
204.284
204.284
204.284
206.41
206.41
204.284
202.158
204.284
204.284
204.284
204.284
202.158
202.158
202.158
202.158
204.284
204.284
204.284
206.41
206.41
206.41
202.158
204.284
204.284
204.284
204.284
202.158
204.284
202.158
202.158
202.158
204.284
202.158
202.158
202.158
202.158
202.158
200.033
200.033
202.158
204.284
204.284
204.284
204.284
204.284
204.284
202.158
202.158
204.284
204.284
206.41
206.41
204.284
204.284
206.41
206.41
206.41
206.41
204.284
204.284
202.158
204.284
204.284
204.284
204.284
204.284
204.284
204.284
204.284
204.284
202.158
204.284
204.284
202.158
202.158
202.158
202.158
202.158
204.284
206.41
204.284
204.284
204.284
204.284
202.158
202.158
202.158
204.284
204.284
202.158
202.158
200.033
200.033
202.158
202.158
204.284
204.284
202.158
200.033
202.158
202.158
202.158
204.284
204.284
204.284
204.284
204.284
206.41
204.284
206.41
206.41
204.284
204.284
204.284
204.284
204.284
204.284
202.158
202.158
202.158
202.158
204.284
206.41
202.158
204.284
204.284
202.158
202.158
204.284
202.158
202.158
200.033
202.158
204.284
202.158
202.158
202.158
204.284
204.284
204.284
204.284
204.284
204.284
204.284
204.284
204.284
206.41
204.284
204.284
204.284
204.284
204.284
202.158
204.284
204.284
204.284
204.284
202.158
204.284
204.284
204.284
204.284
204.284
204.284
204.284
204.284
204.284
202.158
202.158
202.158
204.284
206.41
206.41
206.41
204.284
204.284
204.284
206.41
206.41
202.158
204.284
204.284
204.284
204.284
202.158
202.158
204.284
202.158
202.158
200.033
202.158
202.158
202.158
200.033
204.284
206.41
204.284
204.284
206.41
204.284
204.284
202.158
202.158
204.284
206.41
204.284
204.284
204.284
202.158
204.284
202.158
204.284
204.284
202.158
204.284
202.158
204.284
204.284
204.284
204.284
204.284
204.284
204.284
204.284
206.41
206.41
206.41
206.41
206.41
206.41
206.41
206.41
206.41
206.41
204.284
208.535
208.535
206.41
170.271
202.158
200.033
200.033
202.158
200.033
202.158
202.158
202.158
202.158
204.284
202.158
202.158
202.158
202.158
202.158
202.158
202.158
202.158
204.284
195.781
172.397
172.397
197.907
202.158
202.158
202.158
197.907
197.907
200.033
200.033
200.033
202.158
206.41
202.158
202.158
202.158
204.284
200.033
197.907
202.158
202.158
200.033
202.158
200.033
200.033
200.033
204.284
204.284
202.158
204.284
204.284
204.284
202.158
202.158
202.158
202.158
202.158
204.284
202.158
202.158
202.158
200.033
202.158
202.158
202.158
202.158
202.158
193.655
180.901
204.284
204.284
204.284
204.284
204.284
206.41
204.284
204.284
204.284
204.284
206.41
204.284
204.284
204.284
170.271
204.284
204.284
204.284
204.284
202.158
202.158
202.158
204.284
204.284
200.033
204.284
206.41
204.284
204.284
204.284
204.284
204.284
204.284
204.284
204.284
204.284
206.41
206.41
208.535
195.781
195.781
180.901
204.284
204.284
204.284
204.284
206.41
204.284
202.158
206.41
204.284
149.013
149.013
153.265
176.649
200.033
200.033
200.033
200.033
202.158
202.158
202.158
202.158
197.907
197.907
178.775
178.775
200.033
204.284
204.284
204.284
206.41
206.41
206.41
204.284
204.284
191.529
183.026
204.284
204.284
204.284
204.284
204.284
204.284
204.284
204.284
204.284
204.284
202.158
202.158
204.284
206.41
202.158
204.284
202.158
202.158
202.158
204.284
204.284
202.158
202.158
202.158
168.146
204.284
204.284
202.158
202.158
204.284
206.41
204.284
204.284
206.41
206.41
185.152
204.284
202.158
204.284
204.284
202.158
206.41
204.284
204.284
204.284
204.284
206.41
204.284
204.284
204.284
204.284
206.41
204.284
206.41
202.158
202.158
202.158
202.158
204.284
202.158
204.284
204.284
208.535
208.535
206.41
170.271
202.158
202.158
202.158
204.284
206.41
204.284
204.284
202.158
204.284
202.158
204.284
204.284
204.284
202.158
202.158
202.158
202.158
204.284
206.41
202.158
202.158
202.158
202.158
204.284
204.284
204.284
204.284
204.284
204.284
204.284
204.284
204.284
204.284
204.284
202.158
202.158
202.158
180.901
180.901
191.529
204.284
204.284
204.284
204.284
206.41
204.284
204.284
206.41
206.41
204.284
204.284
204.284
204.284
204.284
204.284
204.284
204.284
204.284
204.284
204.284
204.284
204.284
204.284
204.284
204.284
204.284
204.284
206.41
208.535
206.41
206.41
208.535
206.41
206.41
206.41
200.033
200.033
202.158
200.033
200.033
202.158
202.158
132.006
168.146
197.907
204.284
204.284
204.284
202.158
202.158
204.284
206.41
204.284
204.284
202.158
204.284
204.284
204.284
204.284
204.284
204.284
202.158
204.284
204.284
206.41
204.284
204.284
204.284
204.284
204.284
204.284
204.284
204.284
206.41
206.41
202.158
204.284
202.158
204.284
204.284
204.284
204.284
202.158
204.284
204.284
204.284
204.284
204.284
204.284
204.284
204.284
204.284
204.284
206.41
206.41
206.41
204.284
208.535
208.535
208.535
206.41
208.535
202.158
204.284
202.158
202.158
202.158
202.158
202.158
204.284
204.284
204.284
204.284
204.284
204.284
204.284
204.284
202.158
204.284
204.284
206.41
206.41
206.41
202.158
202.158
204.284
206.41
206.41
206.41
204.284
197.907
197.907
195.781
195.781
195.781
200.033
200.033
200.033
200.033
195.781
197.907
195.781
195.781
195.781
195.781
197.907
195.781
195.781
197.907
197.907
197.907
200.033
200.033
200.033
200.033
200.033
200.033
197.907
200.033
200.033
200.033
197.907
197.907
197.907
197.907
197.907
200.033
197.907
200.033
197.907
197.907
195.781
197.907
195.781
195.781
197.907
197.907
197.907
197.907
197.907
197.907
197.907
197.907
200.033
200.033
200.033
200.033
200.033
200.033
200.033
197.907
200.033
200.033
200.033
197.907
195.781
197.907
197.907
197.907
197.907
200.033
200.033
200.033
200.033
197.907
197.907
200.033
197.907
197.907
197.907
197.907
200.033
197.907
197.907
197.907
197.907
197.907
197.907
197.907
200.033
200.033
197.907
200.033
197.907
197.907
197.907
200.033
197.907
200.033
200.033
200.033
200.033
200.033
200.033
197.907
200.033
197.907
197.907
197.907
197.907
197.907
200.033
197.907
197.907
197.907
197.907
200.033
197.907
197.907
197.907
197.907
200.033
197.907
200.033
197.907
200.033
200.033
197.907
200.033
200.033
200.033
200.033
200.033
197.907
197.907
195.781
197.907
197.907
197.907
197.907
197.907
195.781
197.907
197.907
197.907
195.781
197.907
200.033
197.907
197.907
197.907
197.907
197.907
197.907
197.907
197.907
197.907
197.907
197.907
197.907
197.907
197.907
197.907
200.033
200.033
200.033
200.033
197.907
200.033
200.033
197.907
197.907
200.033
200.033
200.033
200.033
200.033
195.781
195.781
195.781
197.907
197.907
197.907
197.907
200.033
197.907
197.907
197.907
197.907
197.907
197.907
200.033
195.781
197.907
200.033
200.033
195.781
197.907
200.033
197.907
197.907
197.907
185.152
193.655
202.158
204.284
204.284
206.41
204.284
206.41
204.284
206.41
206.41
206.41
204.284
206.41
206.41
204.284
204.284
206.41
206.41
206.41
206.41
206.41
206.41
206.41
206.41
206.41
204.284
204.284
206.41
206.41
206.41
204.284
206.41
204.284
204.284
204.284
204.284
206.41
206.41
206.41
204.284
204.284
204.284
206.41
206.41
206.41
206.41
206.41
206.41
206.41
206.41
206.41
206.41
206.41
206.41
204.284
204.284
206.41
206.41
206.41
206.41
206.41
206.41
204.284
204.284
206.41
206.41
204.284
204.284
206.41
206.41
204.284
206.41
204.284
204.284
206.41
204.284
206.41
206.41
206.41
206.41
206.41
204.284
204.284
202.158
204.284
202.158
202.158
204.284
202.158
206.41
204.284
204.284
204.284
206.41
204.284
206.41
206.41
206.41
204.284
206.41
204.284
204.284
204.284
206.41
206.41
206.41
206.41
206.41
204.284
204.284
204.284
204.284
206.41
204.284
204.284
206.41
204.284
204.284
206.41
204.284
204.284
206.41
202.158
204.284
204.284
204.284
204.284
204.284
204.284
204.284
204.284
206.41
204.284
206.41
204.284
204.284
206.41
204.284
204.284
204.284
204.284
204.284
204.284
204.284
204.284
204.284
204.284
204.284
202.158
204.284
204.284
204.284
204.284
202.158
204.284
206.41
206.41
206.41
206.41
206.41
204.284
204.284
206.41
204.284
204.284
204.284
202.158
204.284
204.284
204.284
202.158
204.284
202.158
204.284
202.158
204.284
204.284
204.284
202.158
204.284
202.158
202.158
202.158
202.158
202.158
206.41
204.284
202.158
202.158
204.284
204.284
206.41
204.284
206.41
206.41
204.284
204.284
204.284
202.158
204.284
204.284
206.41
206.41
206.41
204.284
204.284
204.284
204.284
204.284
204.284
204.284
206.41
206.41
204.284
206.41
204.284
204.284
204.284
204.284
204.284
206.41
206.41
204.284
206.41
204.284
204.284
204.284
204.284
204.284
204.284
202.158
202.158
202.158
204.284
204.284
204.284
204.284
204.284
206.41
204.284
206.41
204.284
204.284
204.284
204.284
206.41
204.284
204.284
206.41
204.284
202.158
204.284
202.158
204.284
204.284
204.284
206.41
206.41
204.284
206.41
204.284
206.41
206.41
204.284
206.41
204.284
204.284
204.284
202.158
204.284
204.284
202.158
204.284
202.158
204.284
204.284
204.284
204.284
202.158
204.284
204.284
202.158
204.284
204.284
204.284
202.158
202.158
204.284
202.158
204.284
202.158
204.284
204.284
202.158
204.284
202.158
202.158
204.284
204.284
204.284
202.158
204.284
204.284
202.158
202.158
204.284
204.284
204.284
204.284
204.284
204.284
204.284
204.284
204.284
204.284
204.284
202.158
204.284
204.284
204.284
204.284
204.284
204.284
204.284
204.284
206.41
202.158
202.158
204.284
204.284
204.284
204.284
202.158
204.284
204.284
204.284
204.284
204.284
204.284
204.284
202.158
204.284
204.284
206.41
202.158
204.284
204.284
204.284
204.284
204.284
204.284
204.284
204.284
204.284
204.284
204.284
204.284
204.284
204.284
204.284
204.284
204.284
206.41
204.284
206.41
206.41
204.284
204.284
204.284
204.284
206.41
204.284
204.284
204.284
206.41
204.284
204.284
204.284
206.41
204.284
206.41
204.284
206.41
206.41
204.284
204.284
206.41
204.284
204.284
206.41
202.158
202.158
200.033
200.033
200.033
200.033
202.158
204.284
204.284
206.41
204.284
204.284
204.284
204.284
206.41
204.284
206.41
204.284
204.284
206.41
204.284
204.284
204.284
204.284
204.284
204.284
204.284
204.284
204.284
204.284
204.284
204.284
206.41
204.284
204.284
204.284
204.284
206.41
204.284
204.284
206.41
204.284
204.284
204.284
202.158
202.158
204.284
204.284
204.284
204.284
204.284
202.158
202.158
204.284
204.284
202.158
204.284
204.284
204.284
204.284
204.284
202.158
204.284
204.284
204.284
204.284
202.158
204.284
204.284
204.284
204.284
204.284
204.284
204.284
204.284
204.284
204.284
204.284
204.284
204.284
204.284
204.284
204.284
204.284
204.284
204.284
204.284
202.158
204.284
204.284
204.284
204.284
202.158
204.284
204.284
204.284
204.284
204.284
204.284
204.284
204.284
202.158
202.158
204.284
202.158
202.158
202.158
204.284
204.284
202.158
202.158
202.158
204.284
202.158
202.158
204.284
202.158
202.158
204.284
202.158
204.284
202.158
202.158
202.158
204.284
202.158
204.284
206.41
204.284
202.158
204.284
204.284
206.41
206.41
204.284
204.284
202.158
204.284
200.033
202.158
200.033
200.033
204.284
204.284
202.158
204.284
206.41
204.284
204.284
204.284
204.284
204.284
204.284
204.284
204.284
206.41
204.284
204.284
202.158
204.284
202.158
204.284
202.158
204.284
202.158
204.284
204.284
204.284
202.158
204.284
204.284
202.158
204.284
202.158
204.284
202.158
204.284
204.284
202.158
202.158
202.158
204.284
202.158
202.158
204.284
202.158
202.158
202.158
204.284
202.158
204.284
204.284
204.284
204.284
204.284
206.41
202.158
202.158
204.284
204.284
204.284
204.284
204.284
206.41
204.284
204.284
204.284
206.41
204.284
204.284
204.284
202.158
204.284
202.158
202.158
202.158
204.284
204.284
202.158
204.284
204.284
204.284
204.284
193.655
187.278
191.529
195.781
200.033
204.284
204.284
204.284
206.41
204.284
204.284
204.284
204.284
204.284
204.284
204.284
202.158
202.158
204.284
202.158
204.284
202.158
202.158
202.158
204.284
202.158
204.284
202.158
204.284
202.158
204.284
204.284
204.284
204.284
204.284
204.284
206.41
206.41
204.284
202.158
202.158
204.284
204.284
202.158
204.284
204.284
204.284
204.284
202.158
204.284
202.158
206.41
204.284
206.41
204.284
202.158
202.158
204.284
204.284
204.284
204.284
206.41
204.284
204.284
204.284
204.284
206.41
204.284
204.284
204.284
206.41
202.158
204.284
204.284
204.284
204.284
202.158
202.158
200.033
202.158
204.284
204.284
204.284
204.284
204.284
206.41
202.158
204.284
204.284
204.284
206.41
206.41
206.41
204.284
204.284
204.284
206.41
206.41
204.284
204.284
206.41
204.284
204.284
206.41
204.284
204.284
206.41
206.41
206.41
204.284
206.41
206.41
206.41
206.41
206.41
206.41
206.41
204.284
204.284
204.284
204.284
204.284
202.158
204.284
202.158
200.033
200.033
197.907
197.907
200.033
200.033
204.284
202.158
202.158
204.284
202.158
206.41
204.284
206.41
204.284
204.284
204.284
204.284
202.158
202.158
202.158
202.158
202.158
202.158
202.158
202.158
200.033
200.033
202.158
204.284
204.284
204.284
204.284
202.158
200.033
200.033
204.284
202.158
202.158
202.158
204.284
204.284
204.284
204.284
204.284
204.284
204.284
204.284
204.284
204.284
204.284
202.158
204.284
204.284
204.284
204.284
202.158
204.284
202.158
202.158
204.284
204.284
202.158
204.284
202.158
204.284
204.284
204.284
204.284
204.284
202.158
204.284
202.158
204.284
204.284
202.158
202.158
204.284
204.284
204.284
204.284
204.284
202.158
204.284
204.284
202.158
204.284
204.284
204.284
204.284
202.158
204.284
204.284
204.284
202.158
202.158
204.284
202.158
202.158
204.284
202.158
204.284
202.158
204.284
204.284
204.284
202.158
202.158
204.284
204.284
202.158
202.158
202.158
202.158
202.158
202.158
202.158
202.158
202.158
202.158
202.158
200.033
202.158
202.158
200.033
202.158
202.158
202.158
204.284
204.284
206.41
204.284
202.158
202.158
204.284
204.284
204.284
204.284
204.284
204.284
204.284
204.284
204.284
204.284
204.284
204.284
204.284
204.284
204.284
204.284
204.284
204.284
204.284
204.284
202.158
204.284
204.284
204.284
206.41
204.284
206.41
204.284
206.41
204.284
202.158
202.158
204.284
202.158
204.284
202.158
204.284
204.284
204.284
202.158
204.284
204.284
204.284
202.158
204.284
204.284
204.284
204.284
204.284
204.284
204.284
204.284
204.284
204.284
204.284
204.284
204.284
204.284
204.284
204.284
202.158
204.284
204.284
206.41
202.158
202.158
202.158
204.284
204.284
204.284
206.41
206.41
206.41
206.41
200.033
200.033
202.158
200.033
202.158
202.158
206.41
206.41
206.41
204.284
204.284
204.284
200.033
202.158
202.158
202.158
202.158
204.284
204.284
204.284
204.284
202.158
202.158
202.158
202.158
202.158
202.158
206.41
206.41
204.284
204.284
204.284
204.284
204.284
206.41
204.284
202.158
204.284
204.284
204.284
202.158
204.284
202.158
204.284
202.158
204.284
202.158
202.158
202.158
204.284
202.158
202.158
202.158
202.158
204.284
202.158
204.284
202.158
202.158
202.158
204.284
202.158
202.158
204.284
202.158
202.158
202.158
202.158
204.284
202.158
202.158
202.158
202.158
204.284
204.284
204.284
202.158
202.158
202.158
202.158
202.158
202.158
204.284
204.284
204.284
204.284
204.284
202.158
204.284
204.284
206.41
204.284
204.284
204.284
204.284
204.284
204.284
204.284
204.284
204.284
206.41
204.284
202.158
204.284
202.158
202.158
204.284
204.284
204.284
204.284
204.284
202.158
202.158
204.284
206.41
202.158
204.284
204.284
206.41
204.284
204.284
204.284
204.284
204.284
204.284
204.284
202.158
204.284
204.284
204.284
204.284
204.284
204.284
202.158
204.284
204.284
204.284
204.284
202.158
204.284
204.284
204.284
202.158
204.284
204.284
204.284
204.284
204.284
200.033
202.158
202.158
204.284
204.284
204.284
202.158
204.284
204.284
206.41
206.41
204.284
204.284
204.284
204.284
204.284
204.284
204.284
204.284
206.41
204.284
204.284
204.284
204.284
204.284
204.284
204.284
204.284
204.284
204.284
202.158
204.284
202.158
202.158
204.284
204.284
204.284
202.158
202.158
204.284
204.284
204.284
204.284
204.284
204.284
204.284
204.284
206.41
206.41
204.284
204.284
206.41
202.158
202.158
204.284
202.158
202.158
204.284
204.284
204.284
204.284
204.284
204.284
204.284
204.284
202.158
202.158
202.158
202.158
202.158
200.033
204.284
204.284
202.158
202.158
202.158
204.284
202.158
202.158
204.284
204.284
204.284
204.284
206.41
204.284
204.284
206.41
206.41
204.284
204.284
202.158
202.158
204.284
204.284
204.284
206.41
204.284
206.41
206.41
204.284
206.41
204.284
206.41
204.284
206.41
204.284
204.284
206.41
206.41
204.284
206.41
204.284
202.158
204.284
204.284
204.284
204.284
206.41
204.284
206.41
204.284
206.41
204.284
204.284
204.284
202.158
204.284
204.284
204.284
204.284
206.41
206.41
204.284
204.284
204.284
204.284
206.41
204.284
204.284
204.284
204.284
206.41
206.41
204.284
204.284
206.41
204.284
206.41
204.284
206.41
206.41
204.284
204.284
204.284
206.41
206.41
206.41
204.284
206.41
206.41
206.41
204.284
204.284
204.284
204.284
202.158
204.284
204.284
204.284
206.41
204.284
206.41
204.284
206.41
204.284
204.284
204.284
206.41
204.284
206.41
204.284
206.41
208.535
206.41
206.41
206.41
204.284
206.41
202.158
202.158
202.158
202.158
204.284
206.41
204.284
204.284
206.41
202.158
200.033
202.158
202.158
204.284
204.284
204.284
206.41
206.41
206.41
204.284
204.284
204.284
204.284
204.284
204.284
204.284
204.284
202.158
204.284
204.284
204.284
204.284
204.284
204.284
202.158
204.284
204.284
206.41
204.284
206.41
204.284
204.284
204.284
204.284
204.284
204.284
206.41
204.284
204.284
204.284
206.41
204.284
206.41
204.284
206.41
206.41
206.41
204.284
204.284
204.284
206.41
204.284
206.41
206.41
206.41
204.284
206.41
206.41
206.41
206.41
206.41
204.284
206.41
206.41
206.41
206.41
206.41
204.284
206.41
206.41
206.41
204.284
206.41
204.284
204.284
206.41
206.41
206.41
204.284
202.158
204.284
204.284
204.284
204.284
204.284
206.41
204.284
204.284
204.284
202.158
204.284
202.158
204.284
204.284
204.284
204.284
202.158
202.158
204.284
202.158
204.284
202.158
202.158
204.284
204.284
204.284
204.284
202.158
204.284
204.284
204.284
204.284
204.284
204.284
204.284
204.284
204.284
206.41
204.284
204.284
204.284
204.284
204.284
204.284
202.158
204.284
206.41
204.284
204.284
204.284
206.41
206.41
204.284
204.284
206.41
204.284
204.284
204.284
204.284
204.284
204.284
204.284
204.284
204.284
204.284
204.284
204.284
204.284
204.284
206.41
206.41
204.284
204.284
204.284
204.284
204.284
204.284
204.284
204.284
204.284
204.284
204.284
204.284
204.284
204.284
202.158
204.284
204.284
202.158
204.284
202.158
202.158
204.284
202.158
202.158
202.158
202.158
202.158
202.158
202.158
202.158
204.284
202.158
202.158
200.033
202.158
202.158
202.158
202.158
202.158
202.158
202.158
202.158
202.158
202.158
204.284
204.284
204.284
204.284
204.284
204.284
202.158
204.284
204.284
202.158
204.284
204.284
204.284
204.284
204.284
204.284
202.158
206.41
204.284
204.284
206.41
206.41
204.284
204.284
204.284
204.284
204.284
206.41
204.284
204.284
206.41
204.284
204.284
206.41
204.284
204.284
206.41
204.284
206.41
204.284
204.284
204.284
204.284
204.284
204.284
206.41
206.41
204.284
206.41
202.158
204.284
202.158
204.284
202.158
202.158
202.158
202.158
204.284
202.158
204.284
202.158
202.158
204.284
202.158
202.158
202.158
202.158
202.158
202.158
202.158
202.158
202.158
202.158
202.158
204.284
202.158
204.284
202.158
202.158
202.158
202.158
204.284
204.284
204.284
202.158
202.158
202.158
202.158
202.158
202.158
204.284
204.284
204.284
204.284
208.535
208.535
208.535
206.41
204.284
204.284
204.284
204.284
202.158
204.284
204.284
202.158
202.158
204.284
204.284
204.284
204.284
204.284
204.284
204.284
202.158
202.158
202.158
202.158
202.158
204.284
202.158
204.284
202.158
202.158
202.158
202.158
202.158
204.284
202.158
204.284
204.284
206.41
204.284
204.284
206.41
204.284
204.284
204.284
204.284
206.41
206.41
202.158
202.158
200.033
200.033
202.158
202.158
202.158
202.158
202.158
202.158
202.158
202.158
202.158
202.158
202.158
202.158
202.158
204.284
202.158
204.284
204.284
204.284
202.158
204.284
204.284
202.158
202.158
204.284
202.158
202.158
202.158
202.158
202.158
202.158
204.284
202.158
202.158
202.158
204.284
204.284
204.284
202.158
204.284
204.284
204.284
202.158
204.284
204.284
202.158
202.158
202.158
204.284
204.284
204.284
206.41
204.284
206.41
204.284
204.284
204.284
204.284
204.284
204.284
204.284
204.284
204.284
204.284
204.284
204.284
204.284
204.284
204.284
204.284
204.284
204.284
206.41
204.284
206.41
206.41
204.284
204.284
204.284
206.41
206.41
204.284
206.41
202.158
204.284
202.158
202.158
202.158
202.158
202.158
204.284
202.158
202.158
202.158
202.158
202.158
204.284
202.158
204.284
202.158
204.284
206.41
204.284
204.284
204.284
202.158
204.284
204.284
206.41
202.158
204.284
204.284
202.158
204.284
204.284
202.158
202.158
204.284
202.158
204.284
204.284
204.284
204.284
204.284
204.284
204.284
202.158
204.284
204.284
204.284
204.284
204.284
204.284
204.284
204.284
204.284
204.284
204.284
202.158
202.158
204.284
204.284
204.284
204.284
202.158
204.284
204.284
202.158
204.284
204.284
202.158
204.284
204.284
204.284
204.284
204.284
204.284
204.284
204.284
204.284
204.284
204.284
204.284
202.158
204.284
204.284
204.284
204.284
202.158
202.158
206.41
204.284
204.284
202.158
206.41
204.284
206.41
206.41
206.41
204.284
204.284
202.158
204.284
204.284
204.284
202.158
202.158
202.158
202.158
202.158
202.158
202.158
202.158
202.158
202.158
202.158
200.033
202.158
202.158
202.158
202.158
200.033
202.158
202.158
202.158
202.158
202.158
200.033
202.158
200.033
202.158
200.033
200.033
202.158
200.033
200.033
200.033
200.033
200.033
200.033
200.033
200.033
200.033
200.033
200.033
200.033
202.158
200.033
200.033
200.033
200.033
200.033
202.158
200.033
200.033
200.033
200.033
200.033
200.033
200.033
200.033
200.033
200.033
200.033
200.033
202.158
202.158
200.033
200.033
202.158
204.284
202.158
204.284
202.158
202.158
204.284
202.158
202.158
204.284
202.158
202.158
204.284
202.158
204.284
204.284
204.284
204.284
202.158
204.284
206.41
204.284
204.284
204.284
206.41
206.41
206.41
202.158
204.284
204.284
204.284
204.284
206.41
204.284
204.284
206.41
204.284
204.284
204.284
206.41
204.284
204.284
204.284
204.284
204.284
204.284
204.284
204.284
204.284
204.284
204.284
204.284
204.284
204.284
204.284
204.284
204.284
204.284
204.284
204.284
204.284
204.284
204.284
204.284
204.284
204.284
204.284
204.284
204.284
204.284
204.284
204.284
204.284
204.284
204.284
204.284
204.284
204.284
204.284
204.284
204.284
206.41
204.284
204.284
204.284
204.284
204.284
204.284
204.284
202.158
204.284
204.284
204.284
202.158
202.158
202.158
200.033
202.158
202.158
204.284
204.284
202.158
200.033
202.158
200.033
202.158
202.158
202.158
204.284
202.158
202.158
204.284
204.284
202.158
204.284
204.284
202.158
204.284
202.158
202.158
202.158
204.284
204.284
202.158
204.284
202.158
204.284
204.284
202.158
202.158
204.284
204.284
202.158
204.284
204.284
202.158
204.284
204.284
204.284
204.284
204.284
206.41
202.158
204.284
202.158
202.158
204.284
204.284
204.284
202.158
204.284
204.284
202.158
202.158
202.158
204.284
204.284
204.284
202.158
202.158
204.284
202.158
204.284
202.158
202.158
204.284
202.158
204.284
204.284
204.284
204.284
204.284
204.284
202.158
202.158
202.158
202.158
202.158
202.158
202.158
204.284
204.284
204.284
204.284
204.284
204.284
204.284
202.158
204.284
204.284
204.284
202.158
202.158
204.284
204.284
202.158
204.284
204.284
204.284
204.284
202.158
204.284
204.284
202.158
204.284
204.284
204.284
202.158
204.284
204.284
202.158
204.284
204.284
202.158
204.284
202.158
204.284
204.284
204.284
202.158
204.284
204.284
202.158
204.284
206.41
206.41
206.41
206.41
204.284
204.284
202.158
204.284
204.284
204.284
204.284
206.41
206.41
204.284
202.158
202.158
200.033
204.284
206.41
206.41
202.158
202.158
204.284
204.284
202.158
204.284
202.158
204.284
202.158
202.158
202.158
204.284
204.284
204.284
204.284
204.284
204.284
204.284
204.284
202.158
204.284
204.284
204.284
204.284
202.158
202.158
204.284
204.284
204.284
202.158
202.158
204.284
202.158
202.158
204.284
204.284
204.284
204.284
204.284
204.284
204.284
204.284
204.284
204.284
204.284
202.158
204.284
204.284
202.158
202.158
204.284
202.158
204.284
204.284
202.158
204.284
204.284
204.284
204.284
202.158
204.284
202.158
204.284
202.158
202.158
204.284
204.284
204.284
204.284
204.284
204.284
204.284
204.284
204.284
204.284
206.41
204.284
204.284
204.284
204.284
204.284
206.41
206.41
206.41
206.41
206.41
206.41
206.41
204.284
204.284
204.284
206.41
202.158
204.284
202.158
202.158
202.158
202.158
204.284
200.033
202.158
202.158
202.158
204.284
204.284
202.158
204.284
202.158
204.284
202.158
204.284
202.158
202.158
204.284
202.158
202.158
202.158
204.284
202.158
202.158
202.158
204.284
204.284
204.284
204.284
204.284
204.284
204.284
204.284
204.284
204.284
204.284
204.284
204.284
204.284
204.284
204.284
204.284
204.284
202.158
202.158
202.158
202.158
204.284
202.158
204.284
204.284
202.158
202.158
202.158
202.158
202.158
206.41
202.158
204.284
202.158
202.158
202.158
202.158
200.033
202.158
202.158
200.033
202.158
200.033
202.158
202.158
202.158
200.033
200.033
197.907
204.284
202.158
202.158
202.158
202.158
202.158
200.033
183.026
176.649
176.649
172.397
170.271
163.894
161.768
161.768
153.265
149.013
149.013
146.887
146.887
149.013
172.397
172.397
195.781
176.649
144.761
136.258
129.88
123.502
119.25
134.132
134.132
168.146
197.907
200.033
202.158
200.033
200.033
200.033
202.158
200.033
200.033
200.033
200.033
200.033
204.284
197.907
193.655
195.781
204.284
204.284
204.284
206.41
204.284
206.41
206.41
206.41
206.41
206.41
206.41
206.41
202.158
202.158
206.41
204.284
202.158
204.284
204.284
204.284
204.284
197.907
195.781
204.284
204.284
202.158
202.158
202.158
197.907
200.033
195.781
195.781
197.907
200.033
197.907
197.907
197.907
200.033
204.284
204.284
206.41
204.284
170.271
204.284
204.284
200.033
202.158
200.033
202.158
206.41
208.535
208.535
208.535
208.535
208.535
210.661
208.535
208.535
208.535
208.535
208.535
208.535
208.535
208.535
208.535
208.535
208.535
206.41
172.397
208.535
208.535
206.41
206.41
208.535
208.535
208.535
206.41
208.535
172.397
204.284
204.284
204.284
206.41
206.41
206.41
206.41
204.284
208.535
206.41
206.41
208.535
204.284
206.41
200.033
200.033
200.033
197.907
200.033
195.781
170.271
170.271
193.655
191.529
191.529
189.404
202.158
204.284
204.284
202.158
204.284
204.284
208.535
206.41
208.535
202.158
202.158
200.033
200.033
200.033
168.146
208.535
208.535
206.41
208.535
206.41
208.535
208.535
208.535
206.41
206.41
206.41
208.535
208.535
208.535
208.535
206.41
208.535
208.535
206.41
204.284
174.523
202.158
204.284
204.284
204.284
204.284
204.284
202.158
202.158
202.158
204.284
204.284
202.158
202.158
202.158
200.033
202.158
202.158
204.284
204.284
202.158
202.158
170.271
204.284
206.41
206.41
208.535
208.535
206.41
206.41
206.41
206.41
206.41
206.41
206.41
206.41
206.41
204.284
204.284
204.284
195.781
197.907
197.907
197.907
197.907
178.775
168.146
157.516
161.768
172.397
180.901
180.901
170.271
189.404
170.271
204.284
204.284
204.284
204.284
206.41
206.41
204.284
206.41
206.41
204.284
204.284
204.284
204.284
204.284
204.284
202.158
204.284
204.284
202.158
200.033
202.158
202.158
202.158
200.033
200.033
200.033
202.158
189.404
146.887
176.649
200.033
200.033
200.033
197.907
197.907
202.158
197.907
202.158
200.033
200.033
197.907
202.158
200.033
202.158
202.158
202.158
202.158
200.033
200.033
202.158
200.033
200.033
200.033
200.033
200.033
200.033
200.033
197.907
159.642
174.523
174.523
176.649
176.649
204.284
195.781
183.026
170.271
178.775
159.642
159.642
132.006
95.8642
61.8473
38.4598
32.0813
34.2075
32.0813
32.0813
32.0813
34.2075
34.2075
32.0813
32.0813
32.0813
32.0813
34.2075
32.0813
32.0813
32.0813
34.2075
32.0813
32.0813
32.0813
32.0813
29.9551
6.56679
8.69303
8.69303
8.69303
8.69303
8.69303
8.69303
8.69303
8.69303
8.69303
8.69303
8.69303
6.56679
6.56679
8.69303
8.69303
8.69303
8.69303
6.56679
8.69303
8.69303
8.69303
8.69303
8.69303
8.69303
8.69303
8.69303
8.69303
8.69303
8.69303
8.69303
8.69303
8.69303
8.69303
8.69303
6.56679
6.56679
8.69303
8.69303
8.69303
8.69303
6.56679
8.69303
8.69303
8.69303
8.69303
8.69303
8.69303
8.69303
8.69303
8.69303
8.69303
6.56679
8.69303
8.69303
8.69303
8.69303
8.69303
6.56679
6.56679
6.56679
8.69303
8.69303
8.69303
6.56679
8.69303
8.69303
8.69303
8.69303
8.69303
8.69303
8.69303
8.69303
8.69303
8.69303
6.56679
8.69303
8.69303
8.69303
8.69303
8.69303
6.56679
8.69303
8.69303
8.69303
8.69303
8.69303
8.69303
8.69303
8.69303
8.69303
8.69303
8.69303
6.56679
8.69303
8.69303
8.69303
8.69303
6.56679
8.69303
8.69303
8.69303
8.69303
8.69303
6.56679
8.69303
8.69303
8.69303
8.69303
8.69303
8.69303
6.56679
8.69303
8.69303
8.69303
8.69303
6.56679
8.69303
8.69303
8.69303
8.69303
6.56679
8.69303
8.69303
8.69303
8.69303
8.69303
6.56679
8.69303
8.69303
8.69303
8.69303
6.56679
8.69303
8.69303
8.69303
8.69303
8.69303
6.56679
8.69303
8.69303
8.69303
8.69303
8.69303
6.56679
8.69303
8.69303
8.69303
8.69303
8.69303
8.69303
6.56679
8.69303
8.69303
8.69303
8.69303
6.56679
8.69303
8.69303
8.69303
8.69303
8.69303
6.56679
8.69303
8.69303
8.69303
8.69303
8.69303
8.69303
8.69303
8.69303
8.69303
8.69303
6.56679
8.69303
8.69303
8.69303
8.69303
8.69303
6.56679
8.69303
8.69303
8.69303
8.69303
8.69303
8.69303
8.69303
8.69303
8.69303
8.69303
8.69303
6.56679
8.69303
8.69303
8.69303
8.69303
6.56679
8.69303
8.69303
8.69303
8.69303
8.69303
8.69303
8.69303
8.69303
8.69303
8.69303
8.69303
6.56679
8.69303
8.69303
8.69303
8.69303
8.69303
6.56679
8.69303
8.69303
8.69303
8.69303
8.69303
6.56679
8.69303
8.69303
8.69303
8.69303
6.56679
8.69303
8.69303
8.69303
8.69303
8.69303
6.56679
8.69303
8.69303
8.69303
8.69303
6.56679
8.69303
8.69303
8.69303
8.69303
8.69303
8.69303
6.56679
8.69303
8.69303
8.69303
8.69303
8.69303
8.69303
8.69303
8.69303
8.69303
8.69303
6.56679
8.69303
8.69303
8.69303
8.69303
8.69303
8.69303
6.56679
8.69303
8.69303
8.69303
8.69303
8.69303
8.69303
8.69303
8.69303
8.69303
8.69303
6.56679
6.56679
8.69303
8.69303
8.69303
8.69303
6.56679
8.69303
8.69303
8.69303
8.69303
6.56679
8.69303
8.69303
8.69303
8.69303
8.69303
6.56679
6.56679
8.69303
8.69303
8.69303
8.69303
6.56679
8.69303
8.69303
8.69303
8.69303
8.69303
6.56679
8.69303
8.69303
8.69303
8.69303
8.69303
8.69303
6.56679
8.69303
8.69303
8.69303
8.69303
6.56679
8.69303
8.69303
8.69303
8.69303
6.56679
8.69303
8.69303
8.69303
8.69303
8.69303
8.69303
6.56679
8.69303
8.69303
8.69303
8.69303
8.69303
8.69303
6.56679
8.69303
8.69303
8.69303
8.69303
6.56679
8.69303
8.69303
8.69303
8.69303
8.69303
6.56679
8.69303
8.69303
8.69303
8.69303
8.69303
8.69303
6.56679
8.69303
8.69303
8.69303
8.69303
6.56679
6.56679
8.69303
8.69303
8.69303
8.69303
6.56679
8.69303
8.69303
8.69303
8.69303
8.69303
8.69303
6.56679
8.69303
8.69303
8.69303
6.56679
8.69303
8.69303
8.69303
8.69303
8.69303
8.69303
6.56679
8.69303
8.69303
8.69303
8.69303
8.69303
8.69303
8.69303
8.69303
8.69303
8.69303
8.69303
8.69303
8.69303
8.69303
8.69303
6.56679
8.69303
8.69303
8.69303
8.69303
8.69303
6.56679
8.69303
8.69303
8.69303
8.69303
6.56679
8.69303
8.69303
8.69303
8.69303
8.69303
6.56679
6.56679
8.69303
8.69303
8.69303
8.69303
8.69303
8.69303
8.69303
8.69303
8.69303
8.69303
8.69303
6.56679
8.69303
8.69303
8.69303
6.56679
8.69303
8.69303
8.69303
8.69303
8.69303
8.69303
8.69303
8.69303
8.69303
8.69303
6.56679
8.69303
8.69303
8.69303
8.69303
8.69303
6.56679
8.69303
8.69303
8.69303
8.69303
8.69303
8.69303
6.56679
8.69303
8.69303
8.69303
8.69303
6.56679
8.69303
8.69303
8.69303
8.69303
8.69303
6.56679
8.69303
8.69303
8.69303
8.69303
8.69303
6.56679
8.69303
8.69303
8.69303
8.69303
6.56679
8.69303
8.69303
8.69303
8.69303
8.69303
6.56679
8.69303
8.69303
8.69303
8.69303
8.69303
8.69303
8.69303
8.69303
8.69303
8.69303
8.69303
6.56679
8.69303
8.69303
8.69303
8.69303
8.69303
8.69303
8.69303
8.69303
8.69303
8.69303
6.56679
8.69303
8.69303
8.69303
8.69303
8.69303
6.56679
8.69303
8.69303
8.69303
8.69303
8.69303
6.56679
8.69303
8.69303
8.69303
8.69303
6.56679
6.56679
8.69303
8.69303
8.69303
8.69303
6.56679
8.69303
8.69303
8.69303
8.69303
8.69303
6.56679
8.69303
8.69303
8.69303
8.69303
8.69303
8.69303
6.56679
8.69303
8.69303
8.69303
8.69303
6.56679
8.69303
8.69303
8.69303
8.69303
6.56679
8.69303
8.69303
8.69303
8.69303
8.69303
8.69303
8.69303
6.56679
8.69303
8.69303
8.69303
8.69303
6.56679
8.69303
8.69303
8.69303
8.69303
8.69303
6.56679
8.69303
8.69303
8.69303
8.69303
8.69303
8.69303
8.69303
8.69303
8.69303
8.69303
8.69303
6.56679
6.56679
8.69303
8.69303
8.69303
6.56679
8.69303
8.69303
8.69303
8.69303
8.69303
8.69303
8.69303
8.69303
8.69303
8.69303
8.69303
6.56679
6.56679
8.69303
8.69303
8.69303
8.69303
6.56679
8.69303
8.69303
8.69303
8.69303
8.69303
6.56679
8.69303
8.69303
8.69303
8.69303
6.56679
8.69303
8.69303
8.69303
8.69303
8.69303
6.56679
8.69303
8.69303
8.69303
8.69303
8.69303
8.69303
8.69303
8.69303
8.69303
8.69303
8.69303
6.56679
6.56679
8.69303
8.69303
8.69303
8.69303
6.56679
8.69303
8.69303
8.69303
8.69303
8.69303
6.56679
8.69303
8.69303
8.69303
8.69303
8.69303
8.69303
8.69303
8.69303
8.69303
8.69303
8.69303
6.56679
8.69303
8.69303
8.69303
8.69303
6.56679
8.69303
8.69303
8.69303
8.69303
8.69303
8.69303
6.56679
8.69303
8.69303
8.69303
8.69303
6.56679
8.69303
8.69303
8.69303
8.69303
8.69303
6.56679
8.69303
8.69303
8.69303
8.69303
6.56679
8.69303
8.69303
8.69303
8.69303
8.69303
8.69303
8.69303
8.69303
8.69303
8.69303
8.69303
8.69303
8.69303
8.69303
8.69303
8.69303
8.69303
6.56679
8.69303
8.69303
8.69303
8.69303
8.69303
6.56679
8.69303
8.69303
8.69303
8.69303
6.56679
8.69303
8.69303
8.69303
8.69303
8.69303
6.56679
8.69303
8.69303
8.69303
8.69303
6.56679
8.69303
8.69303
8.69303
8.69303
8.69303
6.56679
8.69303
8.69303
8.69303
8.69303
8.69303
8.69303
6.56679
8.69303
8.69303
8.69303
8.69303
8.69303
8.69303
6.56679
8.69303
8.69303
8.69303
8.69303
6.56679
8.69303
8.69303
8.69303
8.69303
8.69303
6.56679
8.69303
8.69303
8.69303
8.69303
8.69303
8.69303
8.69303
8.69303
8.69303
8.69303
8.69303
6.56679
8.69303
8.69303
8.69303
8.69303
8.69303
6.56679
8.69303
8.69303
8.69303
8.69303
8.69303
8.69303
8.69303
8.69303
8.69303
8.69303
8.69303
6.56679
6.56679
8.69303
8.69303
8.69303
8.69303
6.56679
8.69303
8.69303
8.69303
8.69303
8.69303
6.56679
8.69303
8.69303
8.69303
8.69303
6.56679
8.69303
8.69303
8.69303
8.69303
8.69303
6.56679
8.69303
8.69303
8.69303
8.69303
8.69303
6.56679
8.69303
8.69303
8.69303
8.69303
8.69303
8.69303
8.69303
8.69303
8.69303
8.69303
8.69303
6.56679
8.69303
8.69303
8.69303
8.69303
6.56679
8.69303
8.69303
8.69303
8.69303
8.69303
6.56679
8.69303
8.69303
8.69303
8.69303
8.69303
6.56679
8.69303
8.69303
8.69303
8.69303
6.56679
6.56679
8.69303
8.69303
8.69303
8.69303
8.69303
8.69303
6.56679
8.69303
8.69303
8.69303
6.56679
8.69303
8.69303
8.69303
8.69303
8.69303
6.56679
8.69303
8.69303
8.69303
8.69303
8.69303
8.69303
6.56679
8.69303
8.69303
8.69303
8.69303
6.56679
8.69303
8.69303
8.69303
8.69303
6.56679
8.69303
8.69303
8.69303
8.69303
8.69303
8.69303
8.69303
8.69303
8.69303
8.69303
8.69303
6.56679
6.56679
8.69303
8.69303
8.69303
8.69303
6.56679
8.69303
8.69303
8.69303
8.69303
8.69303
8.69303
8.69303
8.69303
8.69303
8.69303
8.69303
8.69303
6.56679
8.69303
8.69303
8.69303
8.69303
8.69303
6.56679
8.69303
8.69303
8.69303
8.69303
6.56679
8.69303
8.69303
8.69303
8.69303
8.69303
6.56679
8.69303
8.69303
8.69303
8.69303
8.69303
8.69303
6.56679
8.69303
8.69303
8.69303
8.69303
6.56679
8.69303
8.69303
8.69303
8.69303
8.69303
6.56679
8.69303
8.69303
8.69303
8.69303
8.69303
8.69303
6.56679
8.69303
8.69303
8.69303
8.69303
8.69303
8.69303
6.56679
8.69303
8.69303
8.69303
8.69303
8.69303
6.56679
8.69303
8.69303
8.69303
8.69303
6.56679
8.69303
8.69303
8.69303
8.69303
8.69303
6.56679
8.69303
8.69303
8.69303
8.69303
6.56679
8.69303
8.69303
8.69303
8.69303
8.69303
6.56679
8.69303
8.69303
8.69303
8.69303
8.69303
6.56679
8.69303
8.69303
8.69303
8.69303
6.56679
6.56679
8.69303
8.69303
8.69303
8.69303
8.69303
8.69303
6.56679
8.69303
8.69303
8.69303
8.69303
6.56679
8.69303
8.69303
8.69303
8.69303
8.69303
6.56679
8.69303
8.69303
8.69303
8.69303
8.69303
8.69303
8.69303
8.69303
8.69303
8.69303
8.69303
6.56679
8.69303
8.69303
8.69303
8.69303
8.69303
8.69303
8.69303
8.69303
8.69303
8.69303
8.69303
8.69303
8.69303
8.69303
8.69303
8.69303
6.56679
8.69303
8.69303
8.69303
8.69303
8.69303
8.69303
8.69303
8.69303
8.69303
8.69303
8.69303
8.69303
8.69303
8.69303
8.69303
8.69303
8.69303
6.56679
8.69303
8.69303
8.69303
8.69303
8.69303
6.56679
8.69303
8.69303
8.69303
8.69303
8.69303
6.56679
8.69303
8.69303
8.69303
8.69303
8.69303
8.69303
8.69303
8.69303
8.69303
8.69303
6.56679
8.69303
8.69303
8.69303
8.69303
8.69303
6.56679
8.69303
8.69303
8.69303
8.69303
8.69303
6.56679
8.69303
8.69303
8.69303
8.69303
6.56679
8.69303
8.69303
8.69303
8.69303
8.69303
6.56679
8.69303
8.69303
8.69303
8.69303
8.69303
6.56679
6.56679
8.69303
8.69303
8.69303
6.56679
8.69303
8.69303
8.69303
8.69303
8.69303
6.56679
8.69303
8.69303
8.69303
8.69303
8.69303
6.56679
8.69303
8.69303
8.69303
8.69303
8.69303
6.56679
8.69303
8.69303
8.69303
8.69303
6.56679
6.56679
8.69303
8.69303
8.69303
8.69303
6.56679
8.69303
8.69303
8.69303
8.69303
8.69303
6.56679
8.69303
8.69303
8.69303
8.69303
8.69303
6.56679
6.56679
8.69303
8.69303
8.69303
6.56679
8.69303
8.69303
8.69303
8.69303
8.69303
6.56679
8.69303
8.69303
8.69303
8.69303
8.69303
6.56679
8.69303
8.69303
8.69303
8.69303
8.69303
6.56679
6.56679
8.69303
8.69303
8.69303
6.56679
8.69303
8.69303
8.69303
8.69303
8.69303
6.56679
8.69303
8.69303
8.69303
8.69303
6.56679
8.69303
8.69303
8.69303
8.69303
8.69303
6.56679
8.69303
8.69303
8.69303
8.69303
8.69303
8.69303
6.56679
6.56679
8.69303
8.69303
8.69303
8.69303
6.56679
6.56679
8.69303
8.69303
8.69303
8.69303
6.56679
6.56679
8.69303
8.69303
8.69303
8.69303
6.56679
8.69303
8.69303
8.69303
8.69303
8.69303
6.56679
8.69303
8.69303
8.69303
8.69303
8.69303
6.56679
8.69303
8.69303
8.69303
8.69303
8.69303
8.69303
6.56679
8.69303
8.69303
8.69303
8.69303
6.56679
8.69303
8.69303
8.69303
8.69303
6.56679
8.69303
8.69303
8.69303
8.69303
8.69303
6.56679
8.69303
8.69303
8.69303
8.69303
8.69303
8.69303
6.56679
8.69303
8.69303
8.69303
8.69303
6.56679
6.56679
6.56679
6.56679
6.56679
6.56679
6.56679
6.56679
6.56679
6.56679
6.56679
6.56679
6.56679
8.69303
8.69303
8.69303
8.69303
6.56679
6.56679
8.69303
8.69303
8.69303
8.69303
6.56679
8.69303
8.69303
8.69303
8.69303
8.69303
8.69303
6.56679
8.69303
8.69303
8.69303
6.56679
8.69303
8.69303
8.69303
8.69303
8.69303
8.69303
6.56679
8.69303
8.69303
8.69303
8.69303
8.69303
6.56679
8.69303
8.69303
8.69303
8.69303
6.56679
8.69303
8.69303
8.69303
8.69303
8.69303
6.56679
8.69303
8.69303
8.69303
8.69303
8.69303
6.56679
8.69303
8.69303
8.69303
8.69303
8.69303
6.56679
6.56679
8.69303
8.69303
8.69303
8.69303
6.56679
8.69303
8.69303
8.69303
8.69303
8.69303
6.56679
8.69303
8.69303
8.69303
8.69303
8.69303
8.69303
6.56679
8.69303
8.69303
8.69303
6.56679
8.69303
8.69303
8.69303
8.69303
8.69303
8.69303
6.56679
8.69303
8.69303
8.69303
8.69303
6.56679
6.56679
8.69303
8.69303
8.69303
8.69303
6.56679
6.56679
6.56679
6.56679
6.56679
6.56679
6.56679
6.56679
6.56679
6.56679
6.56679
6.56679
6.56679
8.69303
8.69303
8.69303
8.69303
6.56679
8.69303
8.69303
8.69303
8.69303
6.56679
6.56679
8.69303
8.69303
8.69303
8.69303
6.56679
6.56679
8.69303
8.69303
8.69303
6.56679
8.69303
8.69303
8.69303
8.69303
8.69303
8.69303
8.69303
8.69303
8.69303
8.69303
6.56679
8.69303
8.69303
8.69303
8.69303
8.69303
6.56679
8.69303
8.69303
8.69303
8.69303
8.69303
6.56679
8.69303
8.69303
8.69303
8.69303
6.56679
8.69303
8.69303
8.69303
8.69303
8.69303
8.69303
8.69303
8.69303
8.69303
8.69303
8.69303
6.56679
8.69303
8.69303
8.69303
8.69303
6.56679
8.69303
8.69303
8.69303
8.69303
8.69303
8.69303
8.69303
8.69303
8.69303
8.69303
8.69303
6.56679
8.69303
8.69303
8.69303
6.56679
8.69303
8.69303
8.69303
8.69303
8.69303
8.69303
6.56679
8.69303
8.69303
8.69303
8.69303
6.56679
8.69303
8.69303
8.69303
8.69303
8.69303
6.56679
8.69303
8.69303
8.69303
8.69303
6.56679
6.56679
8.69303
8.69303
8.69303
8.69303
6.56679
8.69303
8.69303
8.69303
8.69303
8.69303
6.56679
8.69303
8.69303
8.69303
8.69303
8.69303
6.56679
8.69303
8.69303
8.69303
8.69303
8.69303
6.56679
6.56679
8.69303
8.69303
8.69303
8.69303
6.56679
8.69303
8.69303
8.69303
8.69303
8.69303
6.56679
8.69303
8.69303
8.69303
8.69303
8.69303
6.56679
8.69303
8.69303
8.69303
8.69303
6.56679
8.69303
8.69303
8.69303
8.69303
8.69303
6.56679
8.69303
8.69303
8.69303
8.69303
8.69303
8.69303
8.69303
8.69303
8.69303
8.69303
8.69303
6.56679
8.69303
8.69303
8.69303
8.69303
8.69303
6.56679
8.69303
8.69303
8.69303
8.69303
6.56679
8.69303
8.69303
8.69303
8.69303
8.69303
6.56679
6.56679
8.69303
8.69303
8.69303
8.69303
6.56679
8.69303
8.69303
8.69303
8.69303
8.69303
6.56679
8.69303
8.69303
8.69303
8.69303
8.69303
6.56679
6.56679
8.69303
8.69303
8.69303
6.56679
8.69303
8.69303
8.69303
8.69303
8.69303
8.69303
8.69303
8.69303
8.69303
8.69303
8.69303
6.56679
6.56679
8.69303
8.69303
8.69303
8.69303
6.56679
8.69303
8.69303
8.69303
8.69303
8.69303
6.56679
8.69303
8.69303
8.69303
8.69303
8.69303
8.69303
6.56679
8.69303
8.69303
8.69303
6.56679
8.69303
8.69303
8.69303
8.69303
8.69303
6.56679
8.69303
8.69303
8.69303
8.69303
8.69303
8.69303
6.56679
8.69303
8.69303
8.69303
8.69303
6.56679
8.69303
8.69303
8.69303
8.69303
8.69303
6.56679
8.69303
8.69303
8.69303
8.69303
8.69303
6.56679
8.69303
8.69303
8.69303
8.69303
8.69303
6.56679
8.69303
8.69303
8.69303
8.69303
6.56679
8.69303
8.69303
8.69303
8.69303
8.69303
6.56679
8.69303
8.69303
8.69303
8.69303
8.69303
8.69303
6.56679
8.69303
8.69303
8.69303
8.69303
8.69303
6.56679
8.69303
8.69303
8.69303
6.56679
8.69303
8.69303
8.69303
8.69303
8.69303
6.56679
8.69303
8.69303
8.69303
8.69303
8.69303
8.69303
8.69303
8.69303
8.69303
8.69303
8.69303
8.69303
8.69303
8.69303
8.69303
8.69303
6.56679
6.56679
8.69303
8.69303
8.69303
8.69303
6.56679
8.69303
8.69303
8.69303
8.69303
8.69303
8.69303
8.69303
8.69303
8.69303
8.69303
8.69303
8.69303
8.69303
8.69303
8.69303
8.69303
8.69303
8.69303
8.69303
8.69303
8.69303
8.69303
8.69303
6.56679
8.69303
8.69303
8.69303
8.69303
6.56679
8.69303
8.69303
8.69303
8.69303
8.69303
8.69303
8.69303
8.69303
8.69303
8.69303
8.69303
6.56679
8.69303
8.69303
8.69303
8.69303
6.56679
8.69303
8.69303
8.69303
8.69303
8.69303
8.69303
8.69303
8.69303
8.69303
8.69303
8.69303
6.56679
6.56679
8.69303
8.69303
8.69303
8.69303
6.56679
8.69303
8.69303
8.69303
8.69303
6.56679
8.69303
8.69303
8.69303
8.69303
8.69303
6.56679
8.69303
8.69303
8.69303
8.69303
8.69303
6.56679
8.69303
8.69303
8.69303
8.69303
6.56679
8.69303
8.69303
8.69303
8.69303
8.69303
6.56679
8.69303
8.69303
8.69303
8.69303
8.69303
8.69303
6.56679
8.69303
8.69303
8.69303
6.56679
8.69303
8.69303
8.69303
8.69303
8.69303
8.69303
8.69303
8.69303
8.69303
8.69303
6.56679
8.69303
8.69303
8.69303
8.69303
8.69303
6.56679
8.69303
8.69303
8.69303
8.69303
8.69303
6.56679
8.69303
8.69303
8.69303
8.69303
6.56679
6.56679
8.69303
8.69303
8.69303
8.69303
6.56679
8.69303
8.69303
8.69303
8.69303
8.69303
8.69303
6.56679
8.69303
8.69303
8.69303
8.69303
8.69303
8.69303
8.69303
8.69303
8.69303
8.69303
8.69303
8.69303
8.69303
8.69303
8.69303
6.56679
8.69303
8.69303
8.69303
8.69303
8.69303
6.56679
8.69303
8.69303
8.69303
8.69303
6.56679
6.56679
8.69303
8.69303
8.69303
8.69303
6.56679
8.69303
8.69303
8.69303
8.69303
6.56679
8.69303
8.69303
8.69303
8.69303
8.69303
6.56679
8.69303
8.69303
8.69303
8.69303
8.69303
8.69303
8.69303
8.69303
8.69303
8.69303
8.69303
8.69303
8.69303
8.69303
8.69303
8.69303
8.69303
8.69303
6.56679
8.69303
8.69303
8.69303
8.69303
8.69303
6.56679
8.69303
8.69303
8.69303
8.69303
6.56679
6.56679
8.69303
8.69303
8.69303
6.56679
8.69303
8.69303
8.69303
8.69303
8.69303
6.56679
8.69303
8.69303
8.69303
8.69303
8.69303
6.56679
8.69303
8.69303
8.69303
8.69303
8.69303
8.69303
6.56679
8.69303
8.69303
8.69303
8.69303
8.69303
8.69303
8.69303
8.69303
8.69303
8.69303
6.56679
8.69303
8.69303
8.69303
8.69303
6.56679
6.56679
8.69303
8.69303
8.69303
8.69303
6.56679
8.69303
8.69303
8.69303
8.69303
8.69303
6.56679
6.56679
8.69303
8.69303
8.69303
6.56679
8.69303
8.69303
8.69303
8.69303
8.69303
8.69303
8.69303
8.69303
8.69303
8.69303
8.69303
8.69303
6.56679
8.69303
8.69303
8.69303
8.69303
8.69303
6.56679
8.69303
8.69303
8.69303
8.69303
6.56679
8.69303
8.69303
8.69303
8.69303
8.69303
6.56679
8.69303
8.69303
8.69303
8.69303
6.56679
8.69303
8.69303
8.69303
8.69303
8.69303
8.69303
8.69303
8.69303
8.69303
8.69303
8.69303
6.56679
8.69303
8.69303
8.69303
8.69303
8.69303
6.56679
8.69303
8.69303
8.69303
8.69303
6.56679
8.69303
8.69303
8.69303
8.69303
8.69303
6.56679
8.69303
8.69303
8.69303
8.69303
6.56679
8.69303
8.69303
8.69303
8.69303
8.69303
8.69303
6.56679
8.69303
8.69303
8.69303
8.69303
8.69303
6.56679
8.69303
8.69303
8.69303
8.69303
8.69303
6.56679
8.69303
8.69303
8.69303
8.69303
8.69303
6.56679
8.69303
8.69303
8.69303
8.69303
6.56679
8.69303
8.69303
8.69303
8.69303
8.69303
6.56679
8.69303
8.69303
8.69303
8.69303
8.69303
8.69303
8.69303
8.69303
8.69303
8.69303
6.56679
8.69303
8.69303
8.69303
8.69303
8.69303
6.56679
8.69303
8.69303
8.69303
8.69303
8.69303
8.69303
8.69303
8.69303
8.69303
8.69303
8.69303
8.69303
6.56679
8.69303
8.69303
8.69303
6.56679
8.69303
8.69303
8.69303
8.69303
8.69303
8.69303
6.56679
8.69303
8.69303
8.69303
8.69303
6.56679
6.56679
8.69303
8.69303
8.69303
8.69303
6.56679
8.69303
8.69303
8.69303
8.69303
8.69303
6.56679
8.69303
8.69303
8.69303
8.69303
8.69303
6.56679
8.69303
8.69303
8.69303
8.69303
8.69303
8.69303
8.69303
8.69303
8.69303
8.69303
8.69303
6.56679
8.69303
8.69303
8.69303
8.69303
6.56679
8.69303
8.69303
8.69303
8.69303
8.69303
6.56679
8.69303
8.69303
8.69303
8.69303
6.56679
8.69303
8.69303
8.69303
8.69303
8.69303
8.69303
8.69303
8.69303
8.69303
8.69303
8.69303
8.69303
8.69303
8.69303
8.69303
8.69303
8.69303
6.56679
8.69303
8.69303
8.69303
8.69303
6.56679
6.56679
8.69303
8.69303
8.69303
8.69303
6.56679
8.69303
8.69303
8.69303
8.69303
8.69303
6.56679
8.69303
8.69303
8.69303
8.69303
8.69303
6.56679
8.69303
8.69303
8.69303
8.69303
8.69303
8.69303
6.56679
8.69303
8.69303
8.69303
8.69303
6.56679
6.56679
8.69303
8.69303
8.69303
6.56679
8.69303
8.69303
8.69303
8.69303
8.69303
8.69303
6.56679
8.69303
8.69303
8.69303
8.69303
6.56679
6.56679
8.69303
8.69303
8.69303
6.56679
8.69303
8.69303
8.69303
8.69303
8.69303
8.69303
8.69303
8.69303
8.69303
8.69303
8.69303
6.56679
6.56679
8.69303
8.69303
8.69303
6.56679
8.69303
8.69303
8.69303
8.69303
8.69303
8.69303
8.69303
8.69303
8.69303
8.69303
8.69303
6.56679
8.69303
8.69303
8.69303
8.69303
8.69303
6.56679
8.69303
8.69303
8.69303
8.69303
8.69303
6.56679
8.69303
8.69303
8.69303
8.69303
6.56679
8.69303
8.69303
8.69303
8.69303
8.69303
6.56679
8.69303
8.69303
8.69303
8.69303
8.69303
8.69303
8.69303
8.69303
8.69303
8.69303
8.69303
6.56679
6.56679
8.69303
8.69303
8.69303
6.56679
8.69303
8.69303
8.69303
8.69303
8.69303
8.69303
6.56679
8.69303
8.69303
8.69303
8.69303
6.56679
6.56679
8.69303
8.69303
8.69303
6.56679
8.69303
8.69303
8.69303
8.69303
8.69303
8.69303
8.69303
8.69303
8.69303
8.69303
8.69303
6.56679
8.69303
8.69303
8.69303
8.69303
8.69303
6.56679
6.56679
8.69303
8.69303
8.69303
8.69303
6.56679
8.69303
8.69303
8.69303
8.69303
8.69303
6.56679
8.69303
8.69303
8.69303
8.69303
8.69303
6.56679
8.69303
8.69303
8.69303
8.69303
8.69303
8.69303
6.56679
8.69303
8.69303
8.69303
6.56679
8.69303
8.69303
8.69303
8.69303
8.69303
8.69303
8.69303
8.69303
8.69303
8.69303
8.69303
6.56679
6.56679
8.69303
8.69303
8.69303
8.69303
6.56679
8.69303
8.69303
8.69303
8.69303
8.69303
6.56679
8.69303
8.69303
8.69303
8.69303
8.69303
8.69303
8.69303
8.69303
8.69303
8.69303
8.69303
6.56679
8.69303
8.69303
8.69303
8.69303
6.56679
8.69303
8.69303
8.69303
8.69303
8.69303
8.69303
6.56679
8.69303
8.69303
8.69303
8.69303
6.56679
8.69303
8.69303
8.69303
8.69303
6.56679
8.69303
8.69303
8.69303
8.69303
8.69303
8.69303
6.56679
8.69303
8.69303
8.69303
8.69303
6.56679
8.69303
8.69303
8.69303
8.69303
8.69303
6.56679
8.69303
8.69303
8.69303
8.69303
8.69303
8.69303
8.69303
8.69303
8.69303
8.69303
8.69303
8.69303
6.56679
8.69303
8.69303
8.69303
8.69303
6.56679
8.69303
8.69303
8.69303
8.69303
8.69303
8.69303
8.69303
8.69303
8.69303
8.69303
8.69303
8.69303
6.56679
8.69303
8.69303
8.69303
8.69303
6.56679
8.69303
8.69303
8.69303
8.69303
6.56679
8.69303
8.69303
8.69303
8.69303
8.69303
8.69303
8.69303
8.69303
8.69303
8.69303
8.69303
8.69303
6.56679
8.69303
8.69303
8.69303
8.69303
6.56679
8.69303
8.69303
8.69303
8.69303
8.69303
6.56679
8.69303
8.69303
8.69303
8.69303
8.69303
8.69303
8.69303
8.69303
8.69303
8.69303
8.69303
8.69303
6.56679
8.69303
8.69303
8.69303
8.69303
6.56679
8.69303
8.69303
8.69303
8.69303
8.69303
8.69303
6.56679
8.69303
8.69303
8.69303
8.69303
6.56679
8.69303
8.69303
8.69303
8.69303
8.69303
6.56679
8.69303
8.69303
8.69303
8.69303
8.69303
8.69303
6.56679
8.69303
8.69303
8.69303
8.69303
6.56679
6.56679
8.69303
8.69303
8.69303
8.69303
6.56679
8.69303
8.69303
8.69303
8.69303
8.69303
6.56679
8.69303
8.69303
8.69303
8.69303
8.69303
6.56679
6.56679
8.69303
8.69303
8.69303
8.69303
6.56679
8.69303
8.69303
8.69303
8.69303
8.69303
6.56679
8.69303
8.69303
8.69303
8.69303
8.69303
8.69303
8.69303
8.69303
8.69303
8.69303
8.69303
8.69303
6.56679
8.69303
8.69303
8.69303
8.69303
6.56679
8.69303
8.69303
8.69303
8.69303
8.69303
6.56679
8.69303
8.69303
8.69303
8.69303
8.69303
8.69303
8.69303
8.69303
8.69303
8.69303
8.69303
6.56679
6.56679
8.69303
8.69303
8.69303
8.69303
6.56679
8.69303
8.69303
8.69303
8.69303
8.69303
6.56679
8.69303
8.69303
8.69303
8.69303
8.69303
8.69303
6.56679
8.69303
8.69303
8.69303
8.69303
6.56679
8.69303
8.69303
8.69303
8.69303
8.69303
6.56679
8.69303
8.69303
8.69303
8.69303
8.69303
8.69303
6.56679
8.69303
8.69303
8.69303
8.69303
6.56679
8.69303
8.69303
8.69303
8.69303
8.69303
6.56679
8.69303
8.69303
8.69303
8.69303
8.69303
8.69303
6.56679
8.69303
8.69303
8.69303
8.69303
6.56679
6.56679
8.69303
8.69303
8.69303
8.69303
6.56679
8.69303
8.69303
8.69303
8.69303
8.69303
6.56679
8.69303
8.69303
8.69303
8.69303
8.69303
8.69303
8.69303
8.69303
8.69303
8.69303
6.56679
6.56679
8.69303
8.69303
8.69303
8.69303
8.69303
8.69303
6.56679
8.69303
8.69303
8.69303
6.56679
8.69303
8.69303
8.69303
8.69303
8.69303
8.69303
8.69303
8.69303
8.69303
8.69303
8.69303
6.56679
8.69303
8.69303
8.69303
8.69303
8.69303
8.69303
6.56679
8.69303
8.69303
8.69303
8.69303
8.69303
6.56679
8.69303
8.69303
8.69303
6.56679
8.69303
8.69303
8.69303
8.69303
8.69303
6.56679
8.69303
8.69303
8.69303
8.69303
8.69303
6.56679
8.69303
8.69303
8.69303
8.69303
8.69303
8.69303
8.69303
8.69303
8.69303
8.69303
8.69303
6.56679
8.69303
8.69303
8.69303
8.69303
8.69303
6.56679
8.69303
8.69303
8.69303
6.56679
8.69303
8.69303
8.69303
8.69303
8.69303
6.56679
8.69303
8.69303
8.69303
8.69303
8.69303
6.56679
8.69303
8.69303
8.69303
8.69303
8.69303
6.56679
8.69303
8.69303
8.69303
8.69303
6.56679
6.56679
8.69303
8.69303
8.69303
8.69303
8.69303
6.56679
6.56679
8.69303
8.69303
8.69303
6.56679
8.69303
8.69303
8.69303
8.69303
8.69303
6.56679
8.69303
8.69303
8.69303
8.69303
8.69303
6.56679
8.69303
8.69303
8.69303
8.69303
8.69303
6.56679
8.69303
8.69303
8.69303
8.69303
6.56679
6.56679
8.69303
8.69303
8.69303
8.69303
6.56679
8.69303
8.69303
8.69303
8.69303
8.69303
6.56679
8.69303
8.69303
8.69303
8.69303
8.69303
8.69303
8.69303
8.69303
8.69303
8.69303
8.69303
8.69303
8.69303
8.69303
8.69303
8.69303
8.69303
8.69303
8.69303
8.69303
8.69303
8.69303
6.56679
6.56679
8.69303
8.69303
8.69303
8.69303
6.56679
8.69303
8.69303
8.69303
8.69303
8.69303
8.69303
6.56679
8.69303
8.69303
8.69303
8.69303
8.69303
6.56679
8.69303
8.69303
8.69303
8.69303
6.56679
8.69303
8.69303
8.69303
8.69303
8.69303
6.56679
8.69303
8.69303
8.69303
8.69303
8.69303
8.69303
8.69303
8.69303
8.69303
8.69303
8.69303
8.69303
6.56679
8.69303
8.69303
8.69303
8.69303
6.56679
8.69303
8.69303
8.69303
8.69303
8.69303
6.56679
8.69303
8.69303
8.69303
8.69303
6.56679
6.56679
8.69303
8.69303
8.69303
8.69303
6.56679
8.69303
8.69303
8.69303
8.69303
8.69303
6.56679
8.69303
8.69303
8.69303
8.69303
8.69303
8.69303
6.56679
8.69303
8.69303
8.69303
6.56679
8.69303
8.69303
8.69303
8.69303
8.69303
6.56679
8.69303
8.69303
8.69303
8.69303
8.69303
8.69303
8.69303
8.69303
8.69303
8.69303
8.69303
6.56679
6.56679
8.69303
8.69303
8.69303
8.69303
6.56679
8.69303
8.69303
8.69303
8.69303
8.69303
6.56679
8.69303
8.69303
8.69303
8.69303
8.69303
6.56679
8.69303
8.69303
8.69303
8.69303
8.69303
8.69303
6.56679
8.69303
8.69303
8.69303
8.69303
6.56679
8.69303
8.69303
8.69303
8.69303
8.69303
8.69303
6.56679
8.69303
8.69303
8.69303
8.69303
8.69303
6.56679
8.69303
8.69303
8.69303
8.69303
8.69303
6.56679
8.69303
8.69303
8.69303
8.69303
8.69303
6.56679
8.69303
8.69303
8.69303
8.69303
8.69303
6.56679
8.69303
8.69303
8.69303
8.69303
6.56679
8.69303
8.69303
8.69303
8.69303
8.69303
8.69303
8.69303
8.69303
8.69303
8.69303
6.56679
6.56679
8.69303
8.69303
8.69303
8.69303
8.69303
6.56679
6.56679
8.69303
8.69303
8.69303
6.56679
8.69303
8.69303
8.69303
8.69303
8.69303
6.56679
8.69303
8.69303
8.69303
8.69303
8.69303
6.56679
8.69303
8.69303
8.69303
8.69303
6.56679
8.69303
8.69303
8.69303
8.69303
8.69303
6.56679
8.69303
8.69303
8.69303
8.69303
8.69303
6.56679
8.69303
8.69303
8.69303
8.69303
6.56679
8.69303
8.69303
8.69303
8.69303
8.69303
8.69303
6.56679
8.69303
8.69303
8.69303
6.56679
8.69303
8.69303
8.69303
8.69303
8.69303
6.56679
8.69303
8.69303
8.69303
8.69303
8.69303
6.56679
8.69303
8.69303
8.69303
8.69303
8.69303
8.69303
8.69303
8.69303
8.69303
8.69303
8.69303
8.69303
8.69303
8.69303
8.69303
6.56679
6.56679
8.69303
8.69303
8.69303
8.69303
6.56679
8.69303
8.69303
8.69303
8.69303
8.69303
6.56679
8.69303
8.69303
8.69303
8.69303
6.56679
8.69303
8.69303
8.69303
8.69303
8.69303
8.69303
8.69303
8.69303
8.69303
8.69303
6.56679
8.69303
8.69303
8.69303
8.69303
8.69303
8.69303
6.56679
8.69303
8.69303
8.69303
8.69303
6.56679
8.69303
8.69303
8.69303
8.69303
6.56679
6.56679
8.69303
8.69303
8.69303
6.56679
8.69303
8.69303
8.69303
8.69303
8.69303
6.56679
8.69303
8.69303
8.69303
8.69303
8.69303
6.56679
8.69303
8.69303
8.69303
8.69303
8.69303
6.56679
8.69303
8.69303
8.69303
8.69303
8.69303
6.56679
8.69303
8.69303
8.69303
8.69303
6.56679
6.56679
8.69303
8.69303
8.69303
6.56679
8.69303
8.69303
8.69303
8.69303
8.69303
6.56679
8.69303
8.69303
8.69303
8.69303
8.69303
6.56679
8.69303
8.69303
8.69303
8.69303
8.69303
6.56679
8.69303
8.69303
8.69303
8.69303
8.69303
8.69303
8.69303
8.69303
8.69303
8.69303
8.69303
8.69303
8.69303
8.69303
8.69303
6.56679
8.69303
8.69303
8.69303
8.69303
8.69303
6.56679
8.69303
8.69303
8.69303
8.69303
8.69303
6.56679
8.69303
8.69303
8.69303
8.69303
8.69303
8.69303
6.56679
8.69303
8.69303
8.69303
6.56679
8.69303
8.69303
8.69303
8.69303
8.69303
6.56679
8.69303
8.69303
8.69303
8.69303
6.56679
6.56679
8.69303
8.69303
8.69303
8.69303
6.56679
8.69303
8.69303
8.69303
8.69303
8.69303
6.56679
8.69303
8.69303
8.69303
8.69303
6.56679
6.56679
8.69303
8.69303
8.69303
8.69303
6.56679
8.69303
8.69303
8.69303
8.69303
6.56679
8.69303
8.69303
8.69303
8.69303
8.69303
8.69303
8.69303
8.69303
8.69303
8.69303
6.56679
8.69303
8.69303
8.69303
8.69303
8.69303
6.56679
8.69303
8.69303
8.69303
8.69303
6.56679
8.69303
8.69303
8.69303
8.69303
8.69303
8.69303
6.56679
8.69303
8.69303
8.69303
8.69303
6.56679
8.69303
8.69303
8.69303
8.69303
8.69303
6.56679
8.69303
8.69303
8.69303
8.69303
8.69303
8.69303
8.69303
8.69303
8.69303
8.69303
8.69303
6.56679
6.56679
8.69303
8.69303
8.69303
6.56679
8.69303
8.69303
8.69303
8.69303
8.69303
6.56679
8.69303
8.69303
8.69303
8.69303
8.69303
6.56679
6.56679
8.69303
8.69303
8.69303
8.69303
6.56679
8.69303
8.69303
8.69303
8.69303
8.69303
8.69303
6.56679
8.69303
8.69303
8.69303
8.69303
8.69303
8.69303
8.69303
8.69303
8.69303
8.69303
6.56679
6.56679
8.69303
8.69303
8.69303
6.56679
6.56679
8.69303
8.69303
8.69303
8.69303
8.69303
6.56679
8.69303
8.69303
8.69303
8.69303
8.69303
6.56679
8.69303
8.69303
8.69303
8.69303
8.69303
6.56679
8.69303
8.69303
8.69303
8.69303
8.69303
6.56679
8.69303
8.69303
8.69303
8.69303
6.56679
6.56679
8.69303
8.69303
8.69303
8.69303
8.69303
6.56679
8.69303
8.69303
8.69303
8.69303
8.69303
6.56679
8.69303
8.69303
8.69303
8.69303
8.69303
8.69303
8.69303
8.69303
8.69303
8.69303
8.69303
8.69303
8.69303
8.69303
8.69303
8.69303
8.69303
8.69303
8.69303
8.69303
8.69303
6.56679
8.69303
8.69303
8.69303
8.69303
6.56679
8.69303
8.69303
8.69303
8.69303
8.69303
8.69303
8.69303
8.69303
8.69303
8.69303
8.69303
6.56679
8.69303
8.69303
8.69303
8.69303
6.56679
8.69303
8.69303
8.69303
8.69303
8.69303
8.69303
8.69303
8.69303
8.69303
8.69303
8.69303
6.56679
8.69303
8.69303
8.69303
8.69303
8.69303
8.69303
8.69303
8.69303
8.69303
8.69303
6.56679
8.69303
8.69303
8.69303
8.69303
8.69303
6.56679
8.69303
8.69303
8.69303
8.69303
8.69303
6.56679
8.69303
8.69303
8.69303
8.69303
8.69303
6.56679
8.69303
8.69303
8.69303
8.69303
6.56679
8.69303
8.69303
8.69303
8.69303
8.69303
6.56679
8.69303
8.69303
8.69303
8.69303
8.69303
6.56679
8.69303
8.69303
8.69303
8.69303
8.69303
6.56679
8.69303
8.69303
8.69303
8.69303
8.69303
6.56679
8.69303
8.69303
8.69303
8.69303
8.69303
8.69303
8.69303
8.69303
8.69303
8.69303
6.56679
8.69303
8.69303
8.69303
8.69303
8.69303
6.56679
8.69303
8.69303
8.69303
8.69303
8.69303
6.56679
8.69303
8.69303
8.69303
8.69303
8.69303
8.69303
6.56679
8.69303
8.69303
8.69303
8.69303
6.56679
8.69303
8.69303
8.69303
8.69303
8.69303
8.69303
8.69303
8.69303
8.69303
8.69303
8.69303
6.56679
8.69303
8.69303
8.69303
8.69303
8.69303
6.56679
6.56679
8.69303
8.69303
8.69303
6.56679
8.69303
8.69303
8.69303
8.69303
8.69303
8.69303
8.69303
8.69303
8.69303
8.69303
8.69303
8.69303
8.69303
8.69303
8.69303
8.69303
8.69303
6.56679
8.69303
8.69303
8.69303
8.69303
8.69303
6.56679
8.69303
8.69303
8.69303
8.69303
8.69303
8.69303
6.56679
6.56679
6.56679
6.56679
6.56679
6.56679
6.56679
6.56679
6.56679
6.56679
6.56679
6.56679
6.56679
6.56679
6.56679
6.56679
6.56679
8.69303
8.69303
8.69303
8.69303
8.69303
8.69303
6.56679
8.69303
8.69303
8.69303
8.69303
8.69303
6.56679
8.69303
8.69303
8.69303
8.69303
8.69303
6.56679
6.56679
8.69303
8.69303
8.69303
8.69303
6.56679
8.69303
8.69303
8.69303
8.69303
8.69303
8.69303
6.56679
8.69303
8.69303
8.69303
8.69303
8.69303
8.69303
6.56679
8.69303
8.69303
8.69303
8.69303
6.56679
6.56679
8.69303
8.69303
8.69303
8.69303
6.56679
8.69303
8.69303
8.69303
8.69303
8.69303
6.56679
8.69303
8.69303
8.69303
8.69303
6.56679
6.56679
8.69303
8.69303
8.69303
8.69303
8.69303
6.56679
6.56679
8.69303
8.69303
8.69303
8.69303
6.56679
8.69303
8.69303
8.69303
8.69303
8.69303
6.56679
8.69303
8.69303
8.69303
8.69303
8.69303
6.56679
8.69303
8.69303
8.69303
8.69303
6.56679
8.69303
8.69303
8.69303
8.69303
8.69303
6.56679
8.69303
8.69303
8.69303
8.69303
8.69303
6.56679
8.69303
8.69303
8.69303
8.69303
8.69303
6.56679
6.56679
8.69303
8.69303
8.69303
6.56679
8.69303
8.69303
8.69303
8.69303
8.69303
8.69303
6.56679
8.69303
8.69303
8.69303
8.69303
6.56679
6.56679
8.69303
8.69303
8.69303
8.69303
6.56679
8.69303
8.69303
8.69303
8.69303
8.69303
8.69303
8.69303
8.69303
8.69303
8.69303
6.56679
6.56679
8.69303
8.69303
8.69303
8.69303
6.56679
8.69303
8.69303
8.69303
8.69303
8.69303
8.69303
8.69303
8.69303
8.69303
8.69303
8.69303
6.56679
6.56679
8.69303
8.69303
8.69303
8.69303
8.69303
8.69303
8.69303
8.69303
8.69303
8.69303
8.69303
6.56679
6.56679
6.56679
6.56679
6.56679
6.56679
6.56679
6.56679
6.56679
6.56679
6.56679
6.56679
6.56679
6.56679
6.56679
6.56679
6.56679
8.69303
8.69303
8.69303
8.69303
8.69303
8.69303
6.56679
8.69303
8.69303
8.69303
8.69303
6.56679
8.69303
8.69303
8.69303
8.69303
8.69303
6.56679
8.69303
8.69303
8.69303
8.69303
8.69303
8.69303
6.56679
8.69303
8.69303
8.69303
8.69303
8.69303
6.56679
8.69303
8.69303
8.69303
6.56679
8.69303
8.69303
8.69303
8.69303
8.69303
6.56679
8.69303
8.69303
8.69303
8.69303
8.69303
6.56679
6.56679
8.69303
8.69303
8.69303
8.69303
6.56679
8.69303
8.69303
8.69303
8.69303
8.69303
6.56679
8.69303
8.69303
8.69303
8.69303
8.69303
6.56679
6.56679
8.69303
8.69303
8.69303
6.56679
8.69303
8.69303
8.69303
8.69303
8.69303
6.56679
8.69303
8.69303
8.69303
8.69303
8.69303
8.69303
6.56679
8.69303
8.69303
8.69303
6.56679
8.69303
8.69303
8.69303
8.69303
8.69303
8.69303
6.56679
8.69303
8.69303
8.69303
8.69303
8.69303
6.56679
8.69303
8.69303
8.69303
8.69303
6.56679
8.69303
8.69303
8.69303
8.69303
8.69303
8.69303
6.56679
8.69303
8.69303
8.69303
8.69303
8.69303
6.56679
8.69303
8.69303
8.69303
8.69303
8.69303
6.56679
8.69303
8.69303
8.69303
8.69303
6.56679
8.69303
8.69303
8.69303
8.69303
8.69303
6.56679
8.69303
8.69303
8.69303
8.69303
8.69303
8.69303
8.69303
8.69303
8.69303
8.69303
6.56679
8.69303
8.69303
8.69303
8.69303
8.69303
6.56679
8.69303
8.69303
8.69303
8.69303
8.69303
8.69303
8.69303
8.69303
8.69303
8.69303
8.69303
6.56679
6.56679
8.69303
8.69303
8.69303
8.69303
6.56679
8.69303
8.69303
8.69303
8.69303
8.69303
8.69303
8.69303
8.69303
8.69303
8.69303
8.69303
8.69303
6.56679
8.69303
8.69303
8.69303
8.69303
6.56679
8.69303
8.69303
8.69303
8.69303
8.69303
6.56679
8.69303
8.69303
8.69303
8.69303
8.69303
8.69303
6.56679
8.69303
8.69303
8.69303
8.69303
6.56679
8.69303
8.69303
8.69303
8.69303
8.69303
8.69303
8.69303
8.69303
8.69303
8.69303
8.69303
6.56679
6.56679
8.69303
8.69303
8.69303
6.56679
8.69303
8.69303
8.69303
8.69303
8.69303
8.69303
8.69303
8.69303
8.69303
8.69303
8.69303
6.56679
6.56679
8.69303
8.69303
8.69303
8.69303
6.56679
8.69303
8.69303
8.69303
8.69303
8.69303
6.56679
8.69303
8.69303
8.69303
8.69303
8.69303
8.69303
6.56679
8.69303
8.69303
8.69303
8.69303
6.56679
8.69303
8.69303
8.69303
8.69303
8.69303
6.56679
8.69303
8.69303
8.69303
8.69303
6.56679
6.56679
8.69303
8.69303
8.69303
8.69303
6.56679
6.56679
6.56679
6.56679
6.56679
6.56679
6.56679
6.56679
6.56679
6.56679
6.56679
6.56679
6.56679
6.56679
8.69303
8.69303
8.69303
8.69303
6.56679
8.69303
8.69303
8.69303
8.69303
8.69303
8.69303
8.69303
8.69303
8.69303
8.69303
8.69303
6.56679
6.56679
8.69303
8.69303
8.69303
8.69303
6.56679
8.69303
8.69303
8.69303
8.69303
8.69303
8.69303
8.69303
8.69303
8.69303
8.69303
6.56679
6.56679
8.69303
8.69303
8.69303
8.69303
6.56679
8.69303
8.69303
8.69303
8.69303
8.69303
6.56679
8.69303
8.69303
8.69303
8.69303
6.56679
6.56679
8.69303
8.69303
8.69303
8.69303
6.56679
8.69303
8.69303
8.69303
8.69303
8.69303
8.69303
8.69303
8.69303
8.69303
8.69303
8.69303
8.69303
8.69303
8.69303
8.69303
8.69303
8.69303
8.69303
6.56679
8.69303
8.69303
8.69303
8.69303
8.69303
6.56679
8.69303
8.69303
8.69303
8.69303
8.69303
6.56679
8.69303
8.69303
8.69303
8.69303
8.69303
8.69303
6.56679
8.69303
8.69303
8.69303
8.69303
6.56679
6.56679
8.69303
8.69303
8.69303
6.56679
8.69303
8.69303
8.69303
8.69303
8.69303
6.56679
8.69303
8.69303
8.69303
8.69303
8.69303
8.69303
8.69303
8.69303
8.69303
8.69303
8.69303
8.69303
6.56679
8.69303
8.69303
8.69303
6.56679
8.69303
8.69303
8.69303
8.69303
8.69303
8.69303
6.56679
6.56679
8.69303
8.69303
8.69303
6.56679
8.69303
8.69303
8.69303
8.69303
8.69303
6.56679
8.69303
8.69303
8.69303
8.69303
8.69303
8.69303
6.56679
8.69303
8.69303
8.69303
8.69303
6.56679
8.69303
8.69303
8.69303
8.69303
8.69303
6.56679
8.69303
8.69303
8.69303
8.69303
8.69303
8.69303
6.56679
8.69303
8.69303
8.69303
8.69303
6.56679
6.56679
8.69303
8.69303
8.69303
8.69303
6.56679
6.56679
8.69303
8.69303
8.69303
8.69303
6.56679
8.69303
8.69303
8.69303
8.69303
8.69303
6.56679
8.69303
8.69303
8.69303
8.69303
8.69303
6.56679
8.69303
8.69303
8.69303
8.69303
6.56679
8.69303
8.69303
8.69303
8.69303
8.69303
6.56679
8.69303
8.69303
8.69303
8.69303
8.69303
6.56679
8.69303
8.69303
8.69303
8.69303
6.56679
8.69303
8.69303
8.69303
8.69303
8.69303
6.56679
8.69303
8.69303
8.69303
8.69303
8.69303
8.69303
8.69303
8.69303
8.69303
8.69303
6.56679
6.56679
8.69303
8.69303
8.69303
8.69303
8.69303
6.56679
8.69303
8.69303
8.69303
8.69303
8.69303
8.69303
6.56679
8.69303
8.69303
8.69303
8.69303
6.56679
8.69303
8.69303
8.69303
8.69303
6.56679
6.56679
8.69303
8.69303
8.69303
8.69303
8.69303
6.56679
8.69303
8.69303
8.69303
8.69303
8.69303
6.56679
8.69303
8.69303
8.69303
8.69303
8.69303
6.56679
8.69303
8.69303
8.69303
8.69303
8.69303
8.69303
8.69303
8.69303
8.69303
8.69303
8.69303
8.69303
8.69303
8.69303
8.69303
8.69303
6.56679
8.69303
8.69303
8.69303
8.69303
6.56679
8.69303
8.69303
8.69303
8.69303
8.69303
8.69303
8.69303
8.69303
8.69303
8.69303
8.69303
8.69303
8.69303
8.69303
8.69303
8.69303
8.69303
8.69303
8.69303
8.69303
8.69303
8.69303
6.56679
8.69303
8.69303
8.69303
8.69303
6.56679
8.69303
8.69303
8.69303
8.69303
8.69303
8.69303
8.69303
8.69303
8.69303
8.69303
6.56679
8.69303
8.69303
8.69303
8.69303
8.69303
6.56679
8.69303
8.69303
8.69303
8.69303
8.69303
8.69303
8.69303
8.69303
8.69303
8.69303
8.69303
6.56679
8.69303
8.69303
8.69303
8.69303
8.69303
8.69303
8.69303
8.69303
8.69303
8.69303
8.69303
8.69303
8.69303
8.69303
8.69303
8.69303
6.56679
8.69303
8.69303
8.69303
8.69303
8.69303
8.69303
8.69303
8.69303
8.69303
8.69303
6.56679
8.69303
8.69303
8.69303
8.69303
8.69303
6.56679
8.69303
8.69303
8.69303
8.69303
6.56679
8.69303
8.69303
8.69303
8.69303
8.69303
6.56679
8.69303
8.69303
8.69303
8.69303
8.69303
8.69303
8.69303
8.69303
8.69303
8.69303
6.56679
8.69303
8.69303
8.69303
8.69303
8.69303
6.56679
8.69303
8.69303
8.69303
8.69303
8.69303
6.56679
8.69303
8.69303
8.69303
8.69303
8.69303
6.56679
8.69303
8.69303
8.69303
8.69303
6.56679
8.69303
8.69303
8.69303
8.69303
8.69303
8.69303
8.69303
8.69303
8.69303
8.69303
8.69303
8.69303
6.56679
8.69303
8.69303
8.69303
8.69303
6.56679
8.69303
8.69303
8.69303
8.69303
6.56679
8.69303
8.69303
8.69303
8.69303
8.69303
6.56679
8.69303
8.69303
8.69303
8.69303
8.69303
6.56679
8.69303
8.69303
8.69303
8.69303
6.56679
8.69303
8.69303
8.69303
8.69303
8.69303
6.56679
8.69303
8.69303
8.69303
8.69303
8.69303
6.56679
8.69303
8.69303
8.69303
6.56679
8.69303
8.69303
8.69303
8.69303
8.69303
6.56679
8.69303
8.69303
8.69303
8.69303
8.69303
6.56679
8.69303
8.69303
8.69303
8.69303
8.69303
8.69303
8.69303
8.69303
8.69303
8.69303
6.56679
8.69303
8.69303
8.69303
6.56679
8.69303
8.69303
8.69303
8.69303
8.69303
6.56679
8.69303
8.69303
8.69303
8.69303
8.69303
6.56679
8.69303
8.69303
8.69303
8.69303
6.56679
6.56679
8.69303
8.69303
8.69303
6.56679
8.69303
8.69303
8.69303
8.69303
8.69303
8.69303
6.56679
8.69303
8.69303
8.69303
6.56679
6.56679
8.69303
8.69303
8.69303
8.69303
6.56679
8.69303
8.69303
8.69303
8.69303
6.56679
8.69303
8.69303
8.69303
8.69303
6.56679
8.69303
8.69303
8.69303
8.69303
6.56679
8.69303
8.69303
8.69303
8.69303
8.69303
6.56679
8.69303
8.69303
8.69303
8.69303
6.56679
8.69303
8.69303
8.69303
8.69303
8.69303
8.69303
8.69303
8.69303
8.69303
8.69303
6.56679
8.69303
8.69303
8.69303
8.69303
8.69303
8.69303
6.56679
8.69303
8.69303
8.69303
8.69303
6.56679
8.69303
8.69303
8.69303
8.69303
6.56679
6.56679
8.69303
8.69303
8.69303
6.56679
8.69303
8.69303
8.69303
8.69303
8.69303
6.56679
8.69303
8.69303
8.69303
6.56679
8.69303
8.69303
8.69303
8.69303
6.56679
8.69303
8.69303
8.69303
8.69303
8.69303
6.56679
8.69303
8.69303
8.69303
8.69303
8.69303
8.69303
8.69303
8.69303
8.69303
8.69303
8.69303
8.69303
8.69303
8.69303
8.69303
6.56679
8.69303
8.69303
8.69303
8.69303
6.56679
8.69303
8.69303
8.69303
8.69303
8.69303
6.56679
8.69303
8.69303
8.69303
8.69303
6.56679
8.69303
8.69303
8.69303
8.69303
8.69303
8.69303
8.69303
8.69303
8.69303
8.69303
8.69303
6.56679
8.69303
8.69303
8.69303
8.69303
6.56679
8.69303
8.69303
8.69303
8.69303
6.56679
8.69303
8.69303
8.69303
8.69303
6.56679
6.56679
8.69303
8.69303
8.69303
6.56679
8.69303
8.69303
8.69303
8.69303
8.69303
8.69303
6.56679
8.69303
8.69303
8.69303
6.56679
8.69303
8.69303
8.69303
8.69303
8.69303
6.56679
8.69303
8.69303
8.69303
8.69303
8.69303
6.56679
8.69303
8.69303
8.69303
8.69303
8.69303
6.56679
8.69303
8.69303
8.69303
6.56679
8.69303
8.69303
8.69303
8.69303
8.69303
6.56679
8.69303
8.69303
8.69303
8.69303
6.56679
6.56679
8.69303
8.69303
8.69303
6.56679
8.69303
8.69303
8.69303
8.69303
8.69303
6.56679
8.69303
8.69303
8.69303
8.69303
8.69303
8.69303
8.69303
8.69303
8.69303
8.69303
8.69303
6.56679
8.69303
8.69303
8.69303
8.69303
8.69303
6.56679
8.69303
8.69303
8.69303
8.69303
8.69303
6.56679
8.69303
8.69303
8.69303
8.69303
8.69303
6.56679
8.69303
8.69303
8.69303
8.69303
6.56679
8.69303
8.69303
8.69303
8.69303
6.56679
8.69303
8.69303
8.69303
8.69303
8.69303
8.69303
6.56679
8.69303
8.69303
8.69303
6.56679
8.69303
8.69303
8.69303
8.69303
8.69303
6.56679
8.69303
8.69303
8.69303
8.69303
8.69303
6.56679
8.69303
8.69303
8.69303
8.69303
6.56679
8.69303
8.69303
8.69303
8.69303
6.56679
8.69303
8.69303
8.69303
8.69303
8.69303
6.56679
8.69303
8.69303
8.69303
8.69303
8.69303
6.56679
8.69303
8.69303
8.69303
8.69303
8.69303
6.56679
8.69303
8.69303
8.69303
8.69303
8.69303
6.56679
8.69303
8.69303
8.69303
8.69303
8.69303
6.56679
6.56679
8.69303
8.69303
8.69303
6.56679
8.69303
8.69303
8.69303
8.69303
8.69303
8.69303
8.69303
8.69303
8.69303
8.69303
8.69303
8.69303
8.69303
8.69303
8.69303
8.69303
8.69303
8.69303
8.69303
8.69303
8.69303
8.69303
8.69303
8.69303
8.69303
8.69303
8.69303
6.56679
6.56679
8.69303
8.69303
8.69303
8.69303
8.69303
8.69303
8.69303
8.69303
8.69303
6.56679
8.69303
8.69303
8.69303
8.69303
8.69303
8.69303
6.56679
8.69303
8.69303
8.69303
6.56679
8.69303
8.69303
8.69303
8.69303
8.69303
6.56679
8.69303
8.69303
8.69303
8.69303
8.69303
8.69303
6.56679
8.69303
8.69303
8.69303
8.69303
6.56679
8.69303
8.69303
8.69303
8.69303
8.69303
8.69303
8.69303
8.69303
8.69303
8.69303
8.69303
8.69303
8.69303
8.69303
8.69303
6.56679
8.69303
8.69303
8.69303
8.69303
8.69303
8.69303
6.56679
8.69303
8.69303
8.69303
6.56679
8.69303
8.69303
8.69303
8.69303
8.69303
8.69303
8.69303
8.69303
8.69303
8.69303
8.69303
8.69303
8.69303
8.69303
8.69303
8.69303
8.69303
8.69303
8.69303
8.69303
8.69303
8.69303
8.69303
8.69303
8.69303
8.69303
8.69303
8.69303
8.69303
8.69303
8.69303
8.69303
8.69303
6.56679
8.69303
8.69303
8.69303
8.69303
6.56679
8.69303
8.69303
8.69303
8.69303
8.69303
6.56679
8.69303
8.69303
8.69303
8.69303
8.69303
8.69303
8.69303
8.69303
8.69303
8.69303
8.69303
8.69303
8.69303
8.69303
6.56679
8.69303
8.69303
8.69303
8.69303
8.69303
8.69303
6.56679
8.69303
8.69303
8.69303
8.69303
6.56679
8.69303
8.69303
8.69303
8.69303
6.56679
8.69303
8.69303
8.69303
8.69303
8.69303
8.69303
8.69303
8.69303
8.69303
8.69303
6.56679
8.69303
8.69303
8.69303
8.69303
8.69303
6.56679
8.69303
8.69303
8.69303
8.69303
8.69303
8.69303
6.56679
8.69303
8.69303
8.69303
6.56679
8.69303
8.69303
8.69303
8.69303
8.69303
6.56679
8.69303
8.69303
8.69303
8.69303
8.69303
6.56679
8.69303
8.69303
8.69303
8.69303
8.69303
6.56679
8.69303
8.69303
8.69303
6.56679
8.69303
8.69303
8.69303
8.69303
8.69303
6.56679
8.69303
8.69303
8.69303
8.69303
8.69303
6.56679
8.69303
8.69303
8.69303
8.69303
8.69303
6.56679
8.69303
8.69303
8.69303
8.69303
6.56679
8.69303
8.69303
8.69303
8.69303
8.69303
8.69303
6.56679
8.69303
8.69303
8.69303
6.56679
6.56679
8.69303
8.69303
8.69303
8.69303
8.69303
6.56679
8.69303
8.69303
8.69303
8.69303
8.69303
8.69303
8.69303
8.69303
8.69303
8.69303
8.69303
8.69303
6.56679
8.69303
8.69303
8.69303
6.56679
8.69303
8.69303
8.69303
8.69303
8.69303
6.56679
8.69303
8.69303
8.69303
8.69303
8.69303
8.69303
6.56679
8.69303
8.69303
8.69303
6.56679
8.69303
8.69303
8.69303
8.69303
8.69303
6.56679
8.69303
8.69303
8.69303
8.69303
8.69303
6.56679
8.69303
8.69303
8.69303
8.69303
6.56679
8.69303
8.69303
8.69303
8.69303
8.69303
8.69303
6.56679
8.69303
8.69303
8.69303
8.69303
6.56679
8.69303
8.69303
8.69303
8.69303
8.69303
6.56679
8.69303
8.69303
8.69303
8.69303
8.69303
6.56679
8.69303
8.69303
8.69303
8.69303
6.56679
8.69303
8.69303
8.69303
8.69303
8.69303
8.69303
8.69303
8.69303
8.69303
8.69303
8.69303
6.56679
8.69303
8.69303
8.69303
8.69303
6.56679
8.69303
8.69303
8.69303
8.69303
8.69303
8.69303
8.69303
8.69303
8.69303
8.69303
8.69303
6.56679
8.69303
8.69303
8.69303
8.69303
8.69303
8.69303
6.56679
8.69303
8.69303
8.69303
8.69303
6.56679
8.69303
8.69303
8.69303
8.69303
8.69303
8.69303
8.69303
8.69303
8.69303
8.69303
6.56679
6.56679
8.69303
8.69303
8.69303
8.69303
8.69303
6.56679
6.56679
8.69303
8.69303
8.69303
8.69303
6.56679
8.69303
8.69303
8.69303
8.69303
8.69303
8.69303
6.56679
8.69303
8.69303
8.69303
8.69303
6.56679
6.56679
8.69303
8.69303
8.69303
8.69303
6.56679
8.69303
8.69303
8.69303
8.69303
8.69303
6.56679
8.69303
8.69303
8.69303
8.69303
6.56679
8.69303
8.69303
8.69303
8.69303
8.69303
8.69303
6.56679
8.69303
8.69303
8.69303
8.69303
6.56679
8.69303
8.69303
8.69303
8.69303
8.69303
8.69303
8.69303
8.69303
8.69303
8.69303
6.56679
6.56679
8.69303
8.69303
8.69303
8.69303
6.56679
8.69303
8.69303
8.69303
8.69303
8.69303
6.56679
8.69303
8.69303
8.69303
8.69303
8.69303
6.56679
8.69303
8.69303
8.69303
8.69303
8.69303
6.56679
8.69303
8.69303
8.69303
8.69303
8.69303
8.69303
8.69303
8.69303
8.69303
8.69303
8.69303
6.56679
8.69303
8.69303
8.69303
8.69303
8.69303
6.56679
8.69303
8.69303
8.69303
8.69303
6.56679
6.56679
8.69303
8.69303
8.69303
8.69303
6.56679
8.69303
8.69303
8.69303
8.69303
8.69303
6.56679
8.69303
8.69303
8.69303
8.69303
8.69303
6.56679
8.69303
8.69303
8.69303
8.69303
8.69303
8.69303
8.69303
8.69303
8.69303
8.69303
8.69303
8.69303
6.56679
8.69303
8.69303
8.69303
8.69303
8.69303
6.56679
8.69303
8.69303
8.69303
8.69303
8.69303
6.56679
8.69303
8.69303
8.69303
8.69303
6.56679
8.69303
8.69303
8.69303
8.69303
8.69303
6.56679
6.56679
8.69303
8.69303
8.69303
8.69303
6.56679
8.69303
8.69303
8.69303
8.69303
6.56679
8.69303
8.69303
8.69303
8.69303
8.69303
6.56679
8.69303
8.69303
8.69303
8.69303
8.69303
6.56679
8.69303
8.69303
8.69303
8.69303
8.69303
8.69303
8.69303
8.69303
8.69303
8.69303
8.69303
6.56679
8.69303
8.69303
8.69303
8.69303
8.69303
8.69303
6.56679
8.69303
8.69303
8.69303
8.69303
8.69303
6.56679
8.69303
8.69303
8.69303
8.69303
6.56679
8.69303
8.69303
8.69303
8.69303
8.69303
6.56679
8.69303
8.69303
8.69303
8.69303
8.69303
8.69303
6.56679
8.69303
8.69303
8.69303
8.69303
8.69303
8.69303
6.56679
8.69303
8.69303
8.69303
6.56679
8.69303
8.69303
8.69303
8.69303
8.69303
6.56679
6.56679
8.69303
8.69303
8.69303
8.69303
6.56679
6.56679
8.69303
8.69303
8.69303
8.69303
6.56679
8.69303
8.69303
8.69303
8.69303
8.69303
6.56679
8.69303
8.69303
8.69303
8.69303
8.69303
8.69303
8.69303
8.69303
8.69303
8.69303
8.69303
8.69303
8.69303
6.56679
8.69303
8.69303
8.69303
8.69303
6.56679
8.69303
8.69303
8.69303
8.69303
8.69303
8.69303
6.56679
8.69303
8.69303
8.69303
8.69303
8.69303
6.56679
8.69303
8.69303
8.69303
8.69303
6.56679
8.69303
8.69303
8.69303
8.69303
8.69303
6.56679
8.69303
8.69303
8.69303
8.69303
8.69303
6.56679
8.69303
8.69303
8.69303
8.69303
8.69303
6.56679
8.69303
8.69303
8.69303
8.69303
8.69303
8.69303
6.56679
8.69303
8.69303
8.69303
8.69303
8.69303
6.56679
8.69303
8.69303
8.69303
8.69303
8.69303
6.56679
8.69303
8.69303
8.69303
8.69303
6.56679
6.56679
8.69303
8.69303
8.69303
8.69303
6.56679
6.56679
8.69303
8.69303
8.69303
8.69303
6.56679
8.69303
8.69303
8.69303
8.69303
8.69303
6.56679
6.56679
8.69303
8.69303
8.69303
8.69303
6.56679
8.69303
8.69303
8.69303
8.69303
8.69303
6.56679
8.69303
8.69303
8.69303
8.69303
8.69303
8.69303
8.69303
8.69303
8.69303
8.69303
8.69303
6.56679
8.69303
8.69303
8.69303
8.69303
8.69303
8.69303
6.56679
8.69303
8.69303
8.69303
8.69303
8.69303
6.56679
6.56679
8.69303
8.69303
8.69303
8.69303
8.69303
8.69303
8.69303
8.69303
8.69303
8.69303
6.56679
8.69303
8.69303
8.69303
8.69303
8.69303
6.56679
8.69303
8.69303
8.69303
8.69303
6.56679
6.56679
8.69303
8.69303
8.69303
8.69303
6.56679
6.56679
8.69303
8.69303
8.69303
8.69303
8.69303
6.56679
8.69303
8.69303
8.69303
8.69303
8.69303
6.56679
8.69303
8.69303
8.69303
8.69303
8.69303
6.56679
8.69303
8.69303
8.69303
8.69303
8.69303
8.69303
8.69303
8.69303
8.69303
8.69303
6.56679
8.69303
8.69303
8.69303
8.69303
8.69303
8.69303
6.56679
8.69303
8.69303
8.69303
8.69303
6.56679
8.69303
8.69303
8.69303
8.69303
8.69303
6.56679
8.69303
8.69303
8.69303
8.69303
8.69303
8.69303
8.69303
8.69303
8.69303
8.69303
8.69303
8.69303
8.69303
8.69303
8.69303
8.69303
6.56679
8.69303
8.69303
8.69303
8.69303
8.69303
6.56679
8.69303
8.69303
8.69303
8.69303
8.69303
6.56679
6.56679
8.69303
8.69303
8.69303
8.69303
6.56679
6.56679
8.69303
8.69303
8.69303
8.69303
6.56679
6.56679
8.69303
8.69303
8.69303
8.69303
8.69303
6.56679
8.69303
8.69303
8.69303
8.69303
6.56679
8.69303
8.69303
8.69303
8.69303
8.69303
6.56679
8.69303
8.69303
8.69303
8.69303
8.69303
8.69303
8.69303
8.69303
8.69303
8.69303
8.69303
8.69303
8.69303
8.69303
8.69303
8.69303
8.69303
6.56679
8.69303
8.69303
8.69303
8.69303
6.56679
8.69303
8.69303
8.69303
8.69303
8.69303
8.69303
8.69303
8.69303
8.69303
8.69303
8.69303
6.56679
8.69303
8.69303
8.69303
8.69303
6.56679
8.69303
8.69303
8.69303
8.69303
8.69303
6.56679
8.69303
8.69303
8.69303
8.69303
8.69303
8.69303
8.69303
8.69303
8.69303
8.69303
8.69303
8.69303
8.69303
8.69303
8.69303
8.69303
8.69303
8.69303
8.69303
8.69303
8.69303
8.69303
8.69303
6.56679
8.69303
8.69303
8.69303
8.69303
8.69303
8.69303
8.69303
8.69303
8.69303
8.69303
8.69303
8.69303
6.56679
8.69303
8.69303
8.69303
8.69303
6.56679
8.69303
8.69303
8.69303
8.69303
8.69303
6.56679
8.69303
8.69303
8.69303
8.69303
8.69303
8.69303
6.56679
8.69303
8.69303
8.69303
8.69303
6.56679
8.69303
8.69303
8.69303
8.69303
8.69303
6.56679
8.69303
8.69303
8.69303
8.69303
8.69303
8.69303
6.56679
8.69303
8.69303
8.69303
8.69303
6.56679
8.69303
8.69303
8.69303
8.69303
8.69303
6.56679
8.69303
8.69303
8.69303
8.69303
8.69303
8.69303
8.69303
8.69303
8.69303
8.69303
6.56679
8.69303
8.69303
8.69303
8.69303
8.69303
8.69303
6.56679
8.69303
8.69303
8.69303
8.69303
8.69303
6.56679
8.69303
8.69303
8.69303
8.69303
8.69303
8.69303
6.56679
8.69303
8.69303
8.69303
8.69303
6.56679
8.69303
8.69303
8.69303
8.69303
8.69303
6.56679
8.69303
8.69303
8.69303
8.69303
8.69303
8.69303
6.56679
8.69303
8.69303
8.69303
8.69303
8.69303
6.56679
8.69303
8.69303
8.69303
8.69303
6.56679
8.69303
8.69303
8.69303
8.69303
8.69303
8.69303
8.69303
8.69303
8.69303
8.69303
8.69303
8.69303
6.56679
8.69303
8.69303
8.69303
8.69303
6.56679
8.69303
8.69303
8.69303
8.69303
8.69303
8.69303
8.69303
8.69303
8.69303
8.69303
8.69303
8.69303
6.56679
8.69303
8.69303
8.69303
8.69303
6.56679
8.69303
8.69303
8.69303
8.69303
8.69303
6.56679
6.56679
6.56679
8.69303
8.69303
8.69303
6.56679
8.69303
8.69303
8.69303
8.69303
8.69303
8.69303
6.56679
8.69303
8.69303
8.69303
8.69303
8.69303
6.56679
8.69303
8.69303
8.69303
8.69303
8.69303
8.69303
6.56679
8.69303
8.69303
8.69303
8.69303
6.56679
8.69303
8.69303
8.69303
8.69303
8.69303
6.56679
8.69303
8.69303
8.69303
8.69303
8.69303
8.69303
8.69303
8.69303
8.69303
8.69303
8.69303
6.56679
8.69303
8.69303
8.69303
8.69303
8.69303
6.56679
8.69303
8.69303
8.69303
8.69303
8.69303
6.56679
8.69303
8.69303
8.69303
8.69303
6.56679
6.56679
8.69303
8.69303
8.69303
8.69303
8.69303
6.56679
8.69303
8.69303
8.69303
8.69303
8.69303
6.56679
8.69303
8.69303
8.69303
8.69303
8.69303
8.69303
8.69303
8.69303
8.69303
8.69303
8.69303
6.56679
6.56679
8.69303
8.69303
8.69303
8.69303
6.56679
8.69303
8.69303
8.69303
8.69303
8.69303
8.69303
8.69303
8.69303
8.69303
8.69303
8.69303
8.69303
6.56679
8.69303
8.69303
8.69303
8.69303
6.56679
6.56679
8.69303
8.69303
8.69303
8.69303
6.56679
8.69303
8.69303
8.69303
8.69303
8.69303
8.69303
6.56679
8.69303
8.69303
8.69303
8.69303
6.56679
8.69303
8.69303
8.69303
8.69303
8.69303
6.56679
8.69303
8.69303
8.69303
8.69303
8.69303
8.69303
8.69303
8.69303
8.69303
8.69303
8.69303
6.56679
8.69303
8.69303
8.69303
8.69303
6.56679
8.69303
8.69303
8.69303
8.69303
8.69303
8.69303
6.56679
8.69303
8.69303
8.69303
8.69303
8.69303
6.56679
8.69303
8.69303
8.69303
8.69303
8.69303
8.69303
6.56679
8.69303
8.69303
8.69303
8.69303
6.56679
6.56679
8.69303
8.69303
8.69303
6.56679
8.69303
8.69303
8.69303
8.69303
8.69303
8.69303
8.69303
8.69303
8.69303
8.69303
8.69303
8.69303
8.69303
8.69303
8.69303
8.69303
8.69303
8.69303
6.56679
8.69303
8.69303
8.69303
8.69303
8.69303
6.56679
8.69303
8.69303
8.69303
8.69303
8.69303
8.69303
6.56679
8.69303
8.69303
8.69303
8.69303
8.69303
8.69303
6.56679
8.69303
8.69303
8.69303
6.56679
8.69303
8.69303
8.69303
8.69303
8.69303
8.69303
6.56679
8.69303
8.69303
8.69303
8.69303
8.69303
8.69303
8.69303
8.69303
8.69303
8.69303
8.69303
6.56679
8.69303
8.69303
8.69303
8.69303
8.69303
6.56679
8.69303
8.69303
8.69303
8.69303
8.69303
6.56679
8.69303
8.69303
8.69303
8.69303
8.69303
6.56679
8.69303
8.69303
8.69303
8.69303
8.69303
6.56679
8.69303
8.69303
8.69303
8.69303
8.69303
8.69303
6.56679
8.69303
8.69303
8.69303
8.69303
8.69303
8.69303
6.56679
8.69303
8.69303
8.69303
8.69303
8.69303
6.56679
6.56679
8.69303
8.69303
8.69303
8.69303
8.69303
8.69303
8.69303
8.69303
8.69303
6.56679
8.69303
8.69303
8.69303
8.69303
8.69303
8.69303
6.56679
8.69303
8.69303
8.69303
8.69303
6.56679
8.69303
8.69303
8.69303
8.69303
8.69303
6.56679
8.69303
8.69303
8.69303
8.69303
8.69303
8.69303
8.69303
8.69303
8.69303
8.69303
8.69303
8.69303
6.56679
8.69303
8.69303
8.69303
8.69303
6.56679
8.69303
8.69303
8.69303
8.69303
8.69303
6.56679
8.69303
8.69303
8.69303
8.69303
8.69303
8.69303
6.56679
8.69303
8.69303
8.69303
8.69303
8.69303
6.56679
8.69303
8.69303
8.69303
8.69303
8.69303
8.69303
8.69303
8.69303
8.69303
8.69303
8.69303
8.69303
8.69303
8.69303
8.69303
8.69303
6.56679
6.56679
8.69303
8.69303
8.69303
8.69303
6.56679
8.69303
8.69303
8.69303
8.69303
8.69303
8.69303
8.69303
8.69303
8.69303
8.69303
8.69303
8.69303
8.69303
6.56679
8.69303
8.69303
8.69303
8.69303
8.69303
6.56679
8.69303
8.69303
8.69303
8.69303
6.56679
8.69303
8.69303
8.69303
8.69303
8.69303
6.56679
8.69303
8.69303
8.69303
8.69303
8.69303
6.56679
8.69303
8.69303
8.69303
8.69303
8.69303
8.69303
8.69303
8.69303
8.69303
8.69303
8.69303
8.69303
6.56679
8.69303
8.69303
8.69303
8.69303
8.69303
6.56679
8.69303
8.69303
8.69303
8.69303
8.69303
6.56679
8.69303
8.69303
8.69303
8.69303
8.69303
8.69303
8.69303
8.69303
8.69303
8.69303
8.69303
8.69303
6.56679
8.69303
8.69303
8.69303
8.69303
8.69303
8.69303
6.56679
8.69303
8.69303
8.69303
8.69303
6.56679
8.69303
8.69303
8.69303
8.69303
8.69303
8.69303
6.56679
6.56679
8.69303
8.69303
8.69303
8.69303
6.56679
8.69303
8.69303
8.69303
8.69303
8.69303
6.56679
8.69303
8.69303
8.69303
8.69303
8.69303
6.56679
8.69303
8.69303
8.69303
8.69303
8.69303
8.69303
6.56679
8.69303
8.69303
8.69303
8.69303
6.56679
8.69303
8.69303
8.69303
8.69303
8.69303
8.69303
6.56679
6.56679
8.69303
8.69303
8.69303
8.69303
6.56679
8.69303
8.69303
8.69303
8.69303
8.69303
6.56679
8.69303
8.69303
8.69303
8.69303
8.69303
6.56679
8.69303
8.69303
8.69303
8.69303
8.69303
6.56679
8.69303
8.69303
8.69303
8.69303
8.69303
6.56679
8.69303
8.69303
8.69303
8.69303
8.69303
6.56679
6.56679
8.69303
8.69303
8.69303
8.69303
6.56679
8.69303
8.69303
8.69303
8.69303
8.69303
6.56679
8.69303
8.69303
8.69303
8.69303
8.69303
8.69303
8.69303
8.69303
8.69303
8.69303
8.69303
6.56679
8.69303
8.69303
8.69303
8.69303
8.69303
8.69303
6.56679
8.69303
8.69303
8.69303
8.69303
8.69303
6.56679
8.69303
8.69303
8.69303
6.56679
8.69303
8.69303
8.69303
8.69303
8.69303
8.69303
6.56679
8.69303
8.69303
8.69303
8.69303
8.69303
8.69303
8.69303
8.69303
8.69303
8.69303
6.56679
6.56679
8.69303
8.69303
8.69303
8.69303
6.56679
8.69303
8.69303
8.69303
8.69303
8.69303
6.56679
8.69303
8.69303
8.69303
8.69303
8.69303
8.69303
8.69303
8.69303
8.69303
8.69303
8.69303
8.69303
6.56679
8.69303
8.69303
8.69303
8.69303
8.69303
6.56679
6.56679
8.69303
8.69303
8.69303
6.56679
8.69303
8.69303
8.69303
8.69303
8.69303
6.56679
8.69303
8.69303
8.69303
8.69303
8.69303
6.56679
8.69303
8.69303
8.69303
8.69303
8.69303
8.69303
8.69303
8.69303
8.69303
8.69303
8.69303
8.69303
6.56679
8.69303
8.69303
8.69303
8.69303
8.69303
8.69303
6.56679
8.69303
8.69303
8.69303
8.69303
6.56679
6.56679
8.69303
8.69303
8.69303
8.69303
6.56679
8.69303
8.69303
8.69303
8.69303
8.69303
6.56679
8.69303
8.69303
8.69303
8.69303
8.69303
6.56679
8.69303
8.69303
8.69303
8.69303
8.69303
8.69303
6.56679
8.69303
8.69303
8.69303
8.69303
8.69303
6.56679
8.69303
8.69303
8.69303
8.69303
6.56679
8.69303
8.69303
8.69303
8.69303
8.69303
6.56679
6.56679
8.69303
8.69303
8.69303
6.56679
8.69303
8.69303
8.69303
8.69303
8.69303
8.69303
6.56679
8.69303
8.69303
8.69303
8.69303
8.69303
6.56679
8.69303
8.69303
8.69303
8.69303
8.69303
6.56679
6.56679
8.69303
8.69303
8.69303
8.69303
6.56679
6.56679
8.69303
8.69303
8.69303
8.69303
8.69303
6.56679
8.69303
8.69303
8.69303
8.69303
8.69303
6.56679
8.69303
8.69303
8.69303
8.69303
8.69303
6.56679
8.69303
8.69303
8.69303
8.69303
8.69303
8.69303
8.69303
8.69303
8.69303
8.69303
8.69303
8.69303
8.69303
8.69303
8.69303
8.69303
8.69303
8.69303
6.56679
8.69303
8.69303
8.69303
8.69303
6.56679
8.69303
8.69303
8.69303
8.69303
8.69303
8.69303
6.56679
8.69303
8.69303
8.69303
8.69303
8.69303
6.56679
8.69303
8.69303
8.69303
8.69303
8.69303
8.69303
6.56679
8.69303
8.69303
8.69303
8.69303
6.56679
6.56679
8.69303
8.69303
8.69303
8.69303
6.56679
8.69303
8.69303
8.69303
8.69303
6.56679
8.69303
8.69303
8.69303
8.69303
8.69303
8.69303
8.69303
8.69303
8.69303
8.69303
8.69303
8.69303
8.69303
8.69303
8.69303
8.69303
8.69303
8.69303
6.56679
8.69303
8.69303
8.69303
8.69303
8.69303
8.69303
8.69303
8.69303
8.69303
8.69303
8.69303
8.69303
6.56679
8.69303
8.69303
8.69303
8.69303
8.69303
6.56679
8.69303
8.69303
8.69303
8.69303
6.56679
8.69303
8.69303
8.69303
8.69303
8.69303
6.56679
8.69303
8.69303
8.69303
8.69303
8.69303
6.56679
8.69303
8.69303
8.69303
8.69303
8.69303
8.69303
8.69303
8.69303
8.69303
8.69303
8.69303
6.56679
6.56679
8.69303
8.69303
8.69303
8.69303
6.56679
8.69303
8.69303
8.69303
8.69303
8.69303
6.56679
6.56679
8.69303
8.69303
8.69303
8.69303
6.56679
8.69303
8.69303
8.69303
8.69303
8.69303
6.56679
8.69303
8.69303
8.69303
8.69303
8.69303
8.69303
6.56679
8.69303
8.69303
8.69303
8.69303
8.69303
8.69303
6.56679
8.69303
8.69303
8.69303
8.69303
6.56679
8.69303
8.69303
8.69303
8.69303
8.69303
6.56679
6.56679
8.69303
8.69303
8.69303
8.69303
6.56679
8.69303
8.69303
8.69303
8.69303
8.69303
6.56679
8.69303
8.69303
8.69303
8.69303
8.69303
8.69303
6.56679
8.69303
8.69303
8.69303
6.56679
8.69303
8.69303
8.69303
8.69303
8.69303
6.56679
8.69303
8.69303
8.69303
8.69303
6.56679
8.69303
8.69303
8.69303
8.69303
8.69303
8.69303
6.56679
8.69303
8.69303
8.69303
8.69303
8.69303
6.56679
8.69303
8.69303
8.69303
8.69303
8.69303
8.69303
8.69303
8.69303
8.69303
8.69303
8.69303
8.69303
6.56679
8.69303
8.69303
8.69303
8.69303
8.69303
8.69303
6.56679
8.69303
8.69303
8.69303
6.56679
6.56679
8.69303
8.69303
8.69303
8.69303
8.69303
6.56679
8.69303
8.69303
8.69303
8.69303
8.69303
6.56679
8.69303
8.69303
8.69303
8.69303
8.69303
8.69303
8.69303
8.69303
8.69303
8.69303
8.69303
8.69303
6.56679
8.69303
8.69303
8.69303
8.69303
6.56679
8.69303
8.69303
8.69303
8.69303
8.69303
6.56679
8.69303
8.69303
8.69303
8.69303
8.69303
6.56679
8.69303
8.69303
8.69303
8.69303
8.69303
8.69303
6.56679
8.69303
8.69303
8.69303
8.69303
6.56679
8.69303
8.69303
8.69303
8.69303
8.69303
6.56679
8.69303
8.69303
8.69303
8.69303
8.69303
8.69303
8.69303
8.69303
8.69303
8.69303
8.69303
6.56679
8.69303
8.69303
8.69303
8.69303
8.69303
8.69303
8.69303
8.69303
8.69303
8.69303
8.69303
6.56679
8.69303
8.69303
8.69303
8.69303
8.69303
8.69303
6.56679
8.69303
8.69303
8.69303
8.69303
8.69303
8.69303
6.56679
8.69303
8.69303
8.69303
8.69303
6.56679
8.69303
8.69303
8.69303
8.69303
8.69303
6.56679
8.69303
8.69303
8.69303
8.69303
8.69303
8.69303
6.56679
8.69303
8.69303
8.69303
8.69303
6.56679
6.56679
8.69303
8.69303
8.69303
8.69303
6.56679
8.69303
8.69303
8.69303
8.69303
8.69303
6.56679
8.69303
8.69303
8.69303
8.69303
8.69303
8.69303
8.69303
8.69303
8.69303
8.69303
8.69303
6.56679
8.69303
8.69303
8.69303
8.69303
8.69303
6.56679
8.69303
8.69303
8.69303
8.69303
8.69303
8.69303
6.56679
8.69303
8.69303
8.69303
8.69303
8.69303
8.69303
6.56679
8.69303
8.69303
8.69303
8.69303
6.56679
8.69303
8.69303
8.69303
8.69303
8.69303
6.56679
8.69303
8.69303
8.69303
8.69303
8.69303
6.56679
8.69303
8.69303
8.69303
8.69303
8.69303
6.56679
6.56679
8.69303
8.69303
8.69303
8.69303
6.56679
8.69303
8.69303
8.69303
8.69303
8.69303
6.56679
8.69303
8.69303
8.69303
8.69303
8.69303
8.69303
8.69303
8.69303
8.69303
8.69303
8.69303
6.56679
6.56679
8.69303
8.69303
8.69303
8.69303
6.56679
8.69303
8.69303
8.69303
8.69303
8.69303
6.56679
8.69303
8.69303
8.69303
8.69303
8.69303
8.69303
8.69303
8.69303
8.69303
8.69303
8.69303
8.69303
8.69303
6.56679
8.69303
8.69303
8.69303
8.69303
6.56679
6.56679
8.69303
8.69303
8.69303
8.69303
6.56679
8.69303
8.69303
8.69303
8.69303
8.69303
6.56679
8.69303
8.69303
8.69303
8.69303
8.69303
8.69303
6.56679
8.69303
8.69303
8.69303
8.69303
6.56679
6.56679
8.69303
8.69303
8.69303
8.69303
6.56679
8.69303
8.69303
8.69303
8.69303
8.69303
6.56679
8.69303
8.69303
8.69303
8.69303
6.56679
6.56679
8.69303
8.69303
8.69303
8.69303
6.56679
8.69303
8.69303
8.69303
8.69303
8.69303
6.56679
8.69303
8.69303
8.69303
8.69303
8.69303
6.56679
8.69303
8.69303
8.69303
8.69303
8.69303
6.56679
8.69303
8.69303
8.69303
8.69303
6.56679
8.69303
8.69303
8.69303
8.69303
8.69303
6.56679
6.56679
8.69303
8.69303
8.69303
8.69303
8.69303
8.69303
8.69303
8.69303
8.69303
8.69303
8.69303
8.69303
8.69303
8.69303
8.69303
8.69303
6.56679
8.69303
8.69303
8.69303
8.69303
8.69303
8.69303
6.56679
8.69303
8.69303
8.69303
8.69303
8.69303
6.56679
8.69303
8.69303
8.69303
8.69303
6.56679
6.56679
8.69303
8.69303
8.69303
8.69303
6.56679
8.69303
8.69303
8.69303
8.69303
8.69303
6.56679
8.69303
8.69303
8.69303
8.69303
8.69303
6.56679
8.69303
8.69303
8.69303
8.69303
8.69303
8.69303
6.56679
8.69303
8.69303
8.69303
6.56679
6.56679
8.69303
8.69303
8.69303
8.69303
8.69303
6.56679
6.56679
8.69303
8.69303
8.69303
8.69303
6.56679
8.69303
8.69303
8.69303
8.69303
8.69303
6.56679
8.69303
8.69303
8.69303
8.69303
8.69303
6.56679
8.69303
8.69303
8.69303
8.69303
8.69303
6.56679
8.69303
8.69303
8.69303
8.69303
6.56679
8.69303
8.69303
8.69303
8.69303
8.69303
6.56679
8.69303
8.69303
8.69303
8.69303
8.69303
6.56679
8.69303
8.69303
8.69303
8.69303
8.69303
8.69303
6.56679
8.69303
8.69303
8.69303
8.69303
6.56679
6.56679
8.69303
8.69303
8.69303
8.69303
6.56679
8.69303
8.69303
8.69303
8.69303
8.69303
6.56679
8.69303
8.69303
8.69303
8.69303
8.69303
8.69303
6.56679
8.69303
8.69303
8.69303
8.69303
8.69303
8.69303
6.56679
8.69303
8.69303
8.69303
8.69303
6.56679
6.56679
8.69303
8.69303
8.69303
8.69303
6.56679
8.69303
8.69303
8.69303
8.69303
8.69303
8.69303
6.56679
8.69303
8.69303
8.69303
8.69303
6.56679
6.56679
8.69303
8.69303
8.69303
8.69303
6.56679
8.69303
8.69303
8.69303
8.69303
8.69303
6.56679
8.69303
8.69303
8.69303
8.69303
8.69303
8.69303
6.56679
8.69303
8.69303
8.69303
8.69303
6.56679
6.56679
8.69303
8.69303
8.69303
8.69303
6.56679
8.69303
8.69303
8.69303
8.69303
8.69303
8.69303
8.69303
8.69303
8.69303
8.69303
8.69303
8.69303
6.56679
8.69303
8.69303
8.69303
6.56679
8.69303
8.69303
8.69303
8.69303
8.69303
6.56679
8.69303
8.69303
8.69303
8.69303
8.69303
8.69303
6.56679
8.69303
8.69303
8.69303
8.69303
8.69303
6.56679
8.69303
8.69303
8.69303
8.69303
6.56679
6.56679
8.69303
8.69303
8.69303
8.69303
6.56679
8.69303
8.69303
8.69303
8.69303
8.69303
8.69303
8.69303
8.69303
8.69303
8.69303
8.69303
6.56679
6.56679
8.69303
8.69303
8.69303
8.69303
8.69303
6.56679
6.56679
8.69303
8.69303
8.69303
8.69303
6.56679
8.69303
8.69303
8.69303
8.69303
8.69303
6.56679
8.69303
8.69303
8.69303
8.69303
8.69303
8.69303
8.69303
8.69303
8.69303
8.69303
8.69303
8.69303
6.56679
8.69303
8.69303
8.69303
8.69303
6.56679
6.56679
8.69303
8.69303
8.69303
8.69303
6.56679
8.69303
8.69303
8.69303
8.69303
8.69303
8.69303
8.69303
8.69303
8.69303
8.69303
8.69303
8.69303
8.69303
8.69303
8.69303
8.69303
8.69303
8.69303
6.56679
8.69303
8.69303
8.69303
8.69303
8.69303
6.56679
8.69303
8.69303
8.69303
8.69303
8.69303
8.69303
8.69303
8.69303
8.69303
8.69303
8.69303
8.69303
6.56679
8.69303
8.69303
8.69303
8.69303
6.56679
6.56679
8.69303
8.69303
8.69303
8.69303
6.56679
8.69303
8.69303
8.69303
