0
0
0
0
0
0
0
0
0
0
0
0
0
0
0
0
0
0
0
0
0
0
0
0
0
0
0
0
0
0
0
0
0
0
0
0
0
0
0
0
0
0
0
0
0
0
0
0
0
0
0
0
0
0
0
0
0
0
0
0
0
0
0
0
0
0
0
0
0
0
0
0
0
0
0
0
0
0
0
0
0
0
0
0
0
0
0
0
0
0
0
0
0
0
0
0
0
0
0
0
0
0
0
0
0
0
0
0
0
0
0
0
0
0
0
0
0
0
0
0
0
0
0
0
0
0
0
0
0
0
0
0
0
0
0
0
0
0
0
0
0
0
0
0
0
0
0
0
0
0
0
0
0
0
0
0
0
0
0
0
0
0
0
0
0
0
0
0
0
0
0
0
0
0
0
0
0
0
0
0
0
0
0
0
0
0
0
0
0
0
0
0
0
0
0
0
0
0
0
0
0
0
0
0
0
0
0
0
0
0
0
0
0
0
0
0
0
0
0
0
0
0
0
0
0
0
0
0
0
0
0
0
0
0
0
0
0
0
0
0
0
0
0
0
0
0
0
0
0
0
0
0
0
0
0
0
0
0
0
0
0
0
0
0
0
0
0
0
0
0
0
0
0
0
0
0
0
0
0
0
0
0
0
0
0
0
0
0
0
0
0
0
0
0
0
0
0
0
0
0
0
0
0
0
0
0
0
0
0
0
0
0
0
359.87
867.07
460.484
87.9202
77.2112
70.7858
68.644
66.5021
66.5021
64.3603
64.3603
64.3603
64.3603
62.2185
64.3603
62.2185
64.3603
62.2185
62.2185
64.3603
62.2185
62.2185
62.2185
62.2185
62.2185
62.2185
64.3603
60.0766
62.2185
62.2185
62.2185
62.2185
62.2185
62.2185
60.0766
60.0766
62.2185
62.2185
60.0766
62.2185
62.2185
60.0766
60.0766
62.2185
60.0766
60.0766
60.0766
60.0766
60.0766
60.0766
57.9347
60.0766
57.9347
60.0766
57.9347
57.9347
57.9347
57.9347
57.9347
55.7929
57.9347
57.9347
55.7929
57.9347
57.9347
57.9347
57.9347
55.7929
57.9347
57.9347
57.9347
57.9347
57.9347
55.7929
57.9347
55.7929
55.7929
55.7929
57.9347
55.7929
55.7929
55.7929
55.7929
55.7929
55.7929
55.7929
57.9347
55.7929
55.7929
57.9347
55.7929
55.7929
55.7929
55.7929
55.7929
55.7929
57.9347
55.7929
55.7929
55.7929
55.7929
55.7929
55.7929
55.7929
55.7929
55.7929
55.7929
55.7929
57.9347
55.7929
55.7929
55.7929
55.7929
55.7929
57.9347
55.7929
55.7929
55.7929
55.7929
55.7929
55.7929
55.7929
55.7929
55.7929
53.651
55.7929
55.7929
55.7929
55.7929
55.7929
55.7929
55.7929
55.7929
55.7929
55.7929
55.7929
55.7929
55.7929
55.7929
55.7929
55.7929
55.7929
55.7929
55.7929
55.7929
55.7929
53.651
55.7929
55.7929
55.7929
55.7929
53.651
55.7929
55.7929
55.7929
53.651
55.7929
55.7929
55.7929
55.7929
53.651
55.7929
55.7929
55.7929
55.7929
53.651
55.7929
55.7929
55.7929
55.7929
53.651
53.651
55.7929
53.651
55.7929
55.7929
53.651
55.7929
55.7929
53.651
55.7929
53.651
55.7929
55.7929
53.651
55.7929
53.651
55.7929
53.651
55.7929
53.651
55.7929
53.651
55.7929
53.651
55.7929
55.7929
53.651
53.651
55.7929
53.651
55.7929
53.651
55.7929
53.651
55.7929
53.651
53.651
55.7929
53.651
53.651
55.7929
53.651
53.651
55.7929
53.651
53.651
55.7929
53.651
53.651
55.7929
55.7929
53.651
55.7929
53.651
53.651
55.7929
53.651
53.651
55.7929
53.651
53.651
55.7929
53.651
53.651
53.651
55.7929
53.651
53.651
53.651
53.651
55.7929
53.651
53.651
53.651
53.651
53.651
53.651
55.7929
53.651
53.651
53.651
53.651
53.651
55.7929
53.651
53.651
53.651
53.651
53.651
53.651
53.651
53.651
53.651
53.651
55.7929
53.651
53.651
53.651
53.651
53.651
53.651
53.651
53.651
53.651
53.651
53.651
53.651
53.651
53.651
53.651
53.651
53.651
53.651
53.651
51.5091
51.5091
53.651
53.651
53.651
53.651
53.651
53.651
53.651
53.651
53.651
53.651
53.651
53.651
53.651
53.651
53.651
53.651
51.5091
51.5091
53.651
53.651
53.651
53.651
53.651
53.651
53.651
51.5091
53.651
53.651
53.651
53.651
53.651
51.5091
53.651
53.651
53.651
53.651
53.651
51.5091
53.651
53.651
53.651
53.651
51.5091
51.5091
53.651
53.651
53.651
51.5091
51.5091
53.651
53.651
53.651
51.5091
53.651
53.651
53.651
53.651
51.5091
51.5091
53.651
53.651
51.5091
51.5091
53.651
53.651
51.5091
53.651
53.651
53.651
53.651
51.5091
53.651
53.651
53.651
51.5091
53.651
53.651
53.651
51.5091
53.651
53.651
53.651
51.5091
53.651
53.651
51.5091
53.651
53.651
53.651
51.5091
53.651
53.651
51.5091
53.651
53.651
53.651
53.651
53.651
53.651
51.5091
53.651
53.651
51.5091
51.5091
51.5091
53.651
53.651
51.5091
51.5091
53.651
51.5091
53.651
53.651
51.5091
53.651
53.651
51.5091
53.651
53.651
51.5091
53.651
51.5091
53.651
53.651
53.651
53.651
51.5091
53.651
53.651
53.651
53.651
51.5091
53.651
53.651
51.5091
53.651
51.5091
53.651
53.651
51.5091
51.5091
51.5091
53.651
51.5091
53.651
53.651
51.5091
53.651
51.5091
53.651
53.651
51.5091
53.651
51.5091
51.5091
51.5091
53.651
53.651
53.651
53.651
51.5091
51.5091
51.5091
53.651
51.5091
53.651
51.5091
51.5091
53.651
51.5091
53.651
51.5091
51.5091
53.651
53.651
51.5091
53.651
53.651
53.651
53.651
53.651
53.651
51.5091
51.5091
51.5091
53.651
51.5091
53.651
51.5091
51.5091
51.5091
53.651
53.651
51.5091
51.5091
51.5091
53.651
51.5091
53.651
51.5091
51.5091
51.5091
53.651
51.5091
53.651
51.5091
53.651
53.651
51.5091
53.651
51.5091
51.5091
51.5091
53.651
51.5091
53.651
51.5091
51.5091
51.5091
51.5091
53.651
51.5091
53.651
51.5091
51.5091
51.5091
53.651
53.651
51.5091
53.651
51.5091
51.5091
51.5091
53.651
51.5091
53.651
53.651
53.651
51.5091
51.5091
51.5091
51.5091
51.5091
51.5091
53.651
51.5091
51.5091
51.5091
51.5091
53.651
51.5091
53.651
53.651
51.5091
51.5091
53.651
51.5091
51.5091
53.651
51.5091
53.651
53.651
53.651
51.5091
51.5091
53.651
51.5091
51.5091
51.5091
53.651
51.5091
53.651
51.5091
51.5091
53.651
51.5091
53.651
51.5091
51.5091
53.651
53.651
53.651
51.5091
53.651
53.651
51.5091
53.651
51.5091
53.651
51.5091
51.5091
53.651
51.5091
53.651
51.5091
53.651
51.5091
51.5091
53.651
51.5091
53.651
51.5091
53.651
53.651
51.5091
53.651
51.5091
53.651
53.651
53.651
51.5091
51.5091
51.5091
51.5091
51.5091
53.651
51.5091
53.651
51.5091
51.5091
53.651
51.5091
51.5091
51.5091
51.5091
53.651
51.5091
51.5091
53.651
53.651
51.5091
53.651
51.5091
51.5091
51.5091
51.5091
53.651
51.5091
51.5091
51.5091
51.5091
53.651
51.5091
51.5091
51.5091
51.5091
53.651
51.5091
51.5091
53.651
51.5091
51.5091
51.5091
51.5091
53.651
51.5091
51.5091
51.5091
51.5091
51.5091
53.651
51.5091
51.5091
51.5091
51.5091
53.651
51.5091
51.5091
53.651
51.5091
51.5091
53.651
51.5091
51.5091
53.651
51.5091
51.5091
53.651
53.651
53.651
51.5091
51.5091
53.651
53.651
51.5091
53.651
51.5091
51.5091
53.651
53.651
51.5091
53.651
51.5091
51.5091
51.5091
51.5091
51.5091
53.651
51.5091
51.5091
51.5091
51.5091
51.5091
53.651
51.5091
51.5091
51.5091
53.651
51.5091
51.5091
53.651
53.651
51.5091
53.651
51.5091
51.5091
51.5091
53.651
51.5091
53.651
53.651
51.5091
51.5091
53.651
51.5091
51.5091
51.5091
51.5091
51.5091
53.651
51.5091
53.651
51.5091
51.5091
53.651
51.5091
51.5091
53.651
53.651
51.5091
53.651
51.5091
51.5091
51.5091
51.5091
51.5091
53.651
53.651
53.651
51.5091
51.5091
53.651
53.651
51.5091
53.651
51.5091
51.5091
53.651
51.5091
51.5091
51.5091
51.5091
51.5091
53.651
53.651
51.5091
53.651
53.651
53.651
51.5091
51.5091
53.651
51.5091
51.5091
53.651
51.5091
51.5091
53.651
51.5091
51.5091
51.5091
51.5091
51.5091
51.5091
51.5091
51.5091
51.5091
51.5091
51.5091
51.5091
51.5091
51.5091
51.5091
51.5091
51.5091
51.5091
53.651
53.651
53.651
51.5091
51.5091
51.5091
53.651
53.651
51.5091
53.651
51.5091
51.5091
53.651
51.5091
51.5091
51.5091
51.5091
53.651
53.651
51.5091
53.651
53.651
51.5091
51.5091
53.651
51.5091
51.5091
53.651
51.5091
51.5091
51.5091
51.5091
53.651
53.651
51.5091
53.651
51.5091
51.5091
53.651
53.651
51.5091
51.5091
51.5091
53.651
51.5091
51.5091
53.651
51.5091
51.5091
51.5091
51.5091
53.651
51.5091
51.5091
53.651
51.5091
51.5091
53.651
51.5091
51.5091
53.651
51.5091
51.5091
53.651
51.5091
51.5091
53.651
51.5091
53.651
51.5091
51.5091
53.651
51.5091
51.5091
53.651
51.5091
51.5091
51.5091
51.5091
51.5091
51.5091
51.5091
53.651
53.651
53.651
53.651
51.5091
51.5091
53.651
51.5091
51.5091
51.5091
51.5091
51.5091
51.5091
51.5091
51.5091
53.651
53.651
51.5091
53.651
53.651
51.5091
53.651
51.5091
51.5091
53.651
51.5091
51.5091
51.5091
51.5091
53.651
53.651
51.5091
53.651
51.5091
53.651
51.5091
51.5091
53.651
51.5091
51.5091
53.651
51.5091
51.5091
53.651
51.5091
51.5091
51.5091
51.5091
51.5091
51.5091
53.651
53.651
51.5091
53.651
53.651
51.5091
51.5091
51.5091
51.5091
51.5091
53.651
51.5091
51.5091
53.651
51.5091
51.5091
53.651
51.5091
51.5091
53.651
51.5091
51.5091
53.651
51.5091
51.5091
51.5091
53.651
51.5091
51.5091
53.651
51.5091
51.5091
53.651
51.5091
51.5091
53.651
51.5091
51.5091
53.651
53.651
51.5091
53.651
51.5091
51.5091
53.651
51.5091
51.5091
51.5091
51.5091
51.5091
53.651
51.5091
51.5091
53.651
51.5091
51.5091
53.651
51.5091
51.5091
51.5091
51.5091
51.5091
51.5091
53.651
53.651
51.5091
51.5091
53.651
53.651
51.5091
51.5091
53.651
51.5091
51.5091
53.651
51.5091
51.5091
51.5091
53.651
51.5091
51.5091
51.5091
53.651
51.5091
51.5091
53.651
51.5091
51.5091
51.5091
51.5091
51.5091
51.5091
51.5091
51.5091
51.5091
51.5091
51.5091
51.5091
51.5091
53.651
51.5091
51.5091
51.5091
53.651
51.5091
51.5091
51.5091
53.651
51.5091
51.5091
53.651
51.5091
51.5091
51.5091
51.5091
53.651
51.5091
51.5091
51.5091
53.651
53.651
51.5091
51.5091
53.651
53.651
51.5091
51.5091
51.5091
51.5091
51.5091
51.5091
53.651
51.5091
51.5091
51.5091
51.5091
51.5091
51.5091
51.5091
51.5091
51.5091
53.651
51.5091
51.5091
51.5091
53.651
51.5091
51.5091
51.5091
51.5091
51.5091
53.651
51.5091
51.5091
51.5091
51.5091
51.5091
51.5091
51.5091
51.5091
51.5091
53.651
51.5091
51.5091
51.5091
51.5091
53.651
51.5091
51.5091
51.5091
51.5091
53.651
51.5091
51.5091
51.5091
51.5091
53.651
51.5091
51.5091
51.5091
51.5091
51.5091
51.5091
51.5091
51.5091
51.5091
51.5091
53.651
51.5091
51.5091
51.5091
51.5091
53.651
51.5091
51.5091
51.5091
51.5091
53.651
53.651
51.5091
51.5091
51.5091
51.5091
51.5091
51.5091
51.5091
51.5091
51.5091
51.5091
51.5091
51.5091
53.651
51.5091
51.5091
51.5091
51.5091
53.651
51.5091
51.5091
51.5091
53.651
51.5091
51.5091
51.5091
53.651
51.5091
51.5091
51.5091
51.5091
51.5091
51.5091
51.5091
51.5091
51.5091
53.651
51.5091
51.5091
51.5091
51.5091
51.5091
51.5091
51.5091
51.5091
51.5091
51.5091
51.5091
53.651
51.5091
51.5091
51.5091
51.5091
51.5091
53.651
51.5091
32.2319
0
0
0
0
0
0
0
0
0
0
0
0
0
0
0
0
0
0
0
0
0
0
0
0
0
0
0
0
0
0
0
0
0
0
0
0
0
0
0
0
0
0
0
0
0
0
0
0
0
0
0
0
0
0
0
0
0
0
0
0
0
0
0
0
0
0
0
0
0
0
0
0
0
0
0
0
0
0
0
0
0
0
0
0
0
0
0
0
0
0
0
0
0
0
0
0
0
0
0
0
0
0
0
0
0
0
0
0
0
0
0
0
0
0
0
0
0
0
0
0
0
0
0
0
0
0
0
0
0
0
0
0
0
0
0
0
0
0
0
0
0
0
0
0
0
0
0
0
0
0
0
0
0
0
0
0
0
0
0
0
0
0
0
0
0
0
0
0
0
0
0
0
0
0
0
0
0
0
0
0
0
0
0
0
0
0
0
0
0
0
0
0
0
0
0
0
0
0
0
0
0
0
0
0
0
0
0
0
0
0
0
0
0
0
0
0
0
0
0
0
0
0
0
0
0
0
0
0
0
0
0
0
0
0
0
0
0
0
0
0
0
0
0
0
0
0
0
0
0
0
0
0
0
0
0
0
0
0
0
0
0
0
0
0
0
0
0
0
0
0
0
0
0
0
0
0
0
0
0
0
0
0
0
0
0
0
0
0
0
0
0
0
0
0
0
0
0
0
0
0
0
0
0
0
0
0
0
0
0
0
0
0
0
0
0
0
0
0
0
0
0
0
0
0
0
0
0
0
0
0
0
0
0
0
0
0
0
0
0
0
0
0
0
0
0
0
0
0
0
0
0
0
0
0
0
0
0
0
0
0
0
0
0
0
0
0
0
0
0
0
0
0
0
0
0
0
0
0
0
0
0
0
0
0
0
0
0
0
0
0
0
0
0
0
0
0
0
0
0
0
0
0
0
0
0
0
0
0
0
0
0
0
0
0
0
0
0
0
0
0
0
0
0
0
0
0
0
0
0
0
0
0
0
0
0
0
0
0
0
0
0
0
0
0
0
0
0
0
0
0
0
0
0
0
0
0
0
0
0
0
0
0
0
0
0
0
0
0
0
0
0
0
0
0
0
0
0
0
0
0
0
0
0
0
0
0
0
0
0
0
0
0
0
0
0
0
0
0
0
0
0
0
0
0
0
0
0
0
0
0
0
0
0
0
0
0
0
0
0
0
0
0
0
0
0
0
0
0
0
0
0
0
0
0
0
0
0
0
0
0
0
0
0
0
0
0
0
0
0
0
0
0
0
0
0
0
0
0
0
0
0
0
0
0
0
0
0
0
0
0
0
0
0
0
0
0
0
0
0
0
0
0
0
0
0
0
0
0
0
0
0
0
0
0
0
0
0
0
0
0
0
0
0
0
0
0
0
0
0
0
0
0
0
0
0
0
0
0
0
0
0
0
0
0
0
0
0
0
0
0
0
0
0
0
0
0
0
0
0
0
0
0
0
0
0
0
0
0
0
0
0
0
0
0
0
0
0
0
0
0
0
0
0
0
0
0
0
0
0
0
0
0
0
0
0
0
0
0
0
0
0
0
0
0
0
0
0
0
0
0
0
0
0
0
0
0
0
0
0
0
0
0
0
0
0
0
0
0
0
0
0
0
0
0
0
0
0
0
0
0
0
0
0
0
0
0
0
0
0
0
0
0
0
0
0
0
0
0
0
0
0
0
0
0
0
0
0
0
0
0
0
0
0
0
0
0
0
0
0
0
0
0
0
0
0
0
0
0
0
0
0
0
0
0
0
0
0
0
0
0
0
0
0
0
0
0
0
0
0
0
0
0
0
0
0
0
0
0
0
0
0
0
0
0
0
0
0
0
0
0
0
0
0
0
0
0
0
0
0
0
0
0
0
0
0
0
0
0
0
0
0
0
0
0
0
0
0
0
0
0
0
0
0
0
0
0
0
0
0
0
0
0
0
0
0
0
0
0
0
0
0
0
0
0
0
0
0
0
0
0
0
0
0
0
0
0
0
0
0
0
0
0
0
0
0
0
0
0
0
0
0
0
0
0
0
0
0
0
0
0
0
0
0
0
0
0
0
0
0
0
0
0
0
0
0
0
0
0
0
280.652
877.766
511.856
87.9202
77.2112
72.9276
68.644
66.5021
66.5021
64.3603
64.3603
64.3603
64.3603
64.3603
62.2185
64.3603
62.2185
62.2185
64.3603
62.2185
64.3603
62.2185
62.2185
64.3603
62.2185
62.2185
62.2185
62.2185
62.2185
62.2185
62.2185
62.2185
62.2185
62.2185
60.0766
62.2185
62.2185
62.2185
62.2185
60.0766
62.2185
62.2185
60.0766
62.2185
62.2185
60.0766
60.0766
62.2185
60.0766
57.9347
60.0766
60.0766
60.0766
60.0766
57.9347
60.0766
57.9347
57.9347
57.9347
57.9347
55.7929
57.9347
57.9347
57.9347
55.7929
57.9347
57.9347
57.9347
55.7929
57.9347
57.9347
57.9347
55.7929
57.9347
57.9347
55.7929
55.7929
57.9347
55.7929
55.7929
57.9347
55.7929
55.7929
55.7929
55.7929
55.7929
55.7929
57.9347
57.9347
55.7929
55.7929
55.7929
55.7929
57.9347
55.7929
55.7929
55.7929
55.7929
57.9347
55.7929
55.7929
55.7929
55.7929
55.7929
55.7929
55.7929
55.7929
55.7929
55.7929
55.7929
55.7929
55.7929
55.7929
55.7929
55.7929
55.7929
55.7929
55.7929
55.7929
55.7929
55.7929
55.7929
55.7929
55.7929
55.7929
55.7929
55.7929
55.7929
55.7929
55.7929
55.7929
55.7929
55.7929
55.7929
53.651
55.7929
55.7929
55.7929
55.7929
55.7929
55.7929
55.7929
55.7929
55.7929
55.7929
55.7929
55.7929
55.7929
53.651
55.7929
55.7929
55.7929
55.7929
55.7929
55.7929
55.7929
53.651
55.7929
55.7929
55.7929
53.651
55.7929
55.7929
55.7929
53.651
55.7929
55.7929
55.7929
55.7929
53.651
55.7929
55.7929
55.7929
55.7929
53.651
55.7929
55.7929
55.7929
55.7929
53.651
55.7929
55.7929
53.651
55.7929
55.7929
53.651
55.7929
53.651
55.7929
53.651
55.7929
53.651
55.7929
53.651
53.651
55.7929
53.651
55.7929
53.651
55.7929
53.651
55.7929
55.7929
53.651
55.7929
53.651
55.7929
53.651
53.651
53.651
55.7929
53.651
53.651
55.7929
53.651
55.7929
53.651
53.651
55.7929
53.651
53.651
55.7929
53.651
55.7929
53.651
53.651
53.651
55.7929
53.651
53.651
55.7929
53.651
53.651
53.651
55.7929
53.651
53.651
53.651
55.7929
53.651
53.651
53.651
53.651
55.7929
53.651
53.651
53.651
55.7929
53.651
53.651
53.651
53.651
53.651
55.7929
53.651
53.651
53.651
53.651
53.651
53.651
55.7929
53.651
53.651
53.651
53.651
53.651
53.651
53.651
53.651
53.651
55.7929
53.651
53.651
53.651
53.651
53.651
53.651
53.651
53.651
53.651
53.651
53.651
53.651
53.651
53.651
53.651
53.651
53.651
53.651
53.651
53.651
53.651
53.651
53.651
53.651
53.651
53.651
53.651
53.651
51.5091
53.651
53.651
53.651
53.651
53.651
53.651
53.651
53.651
53.651
53.651
53.651
53.651
53.651
53.651
51.5091
53.651
53.651
53.651
53.651
53.651
53.651
51.5091
53.651
53.651
53.651
53.651
53.651
51.5091
53.651
53.651
53.651
53.651
51.5091
53.651
53.651
53.651
53.651
53.651
53.651
51.5091
53.651
53.651
53.651
53.651
53.651
51.5091
53.651
53.651
53.651
53.651
53.651
51.5091
53.651
53.651
53.651
51.5091
53.651
53.651
53.651
51.5091
53.651
53.651
51.5091
53.651
53.651
53.651
51.5091
53.651
53.651
53.651
51.5091
53.651
53.651
51.5091
53.651
53.651
53.651
53.651
51.5091
53.651
53.651
53.651
51.5091
53.651
53.651
51.5091
53.651
53.651
51.5091
53.651
53.651
51.5091
53.651
53.651
51.5091
53.651
53.651
53.651
51.5091
53.651
53.651
51.5091
53.651
53.651
51.5091
53.651
53.651
51.5091
53.651
53.651
51.5091
53.651
53.651
51.5091
53.651
53.651
51.5091
53.651
53.651
51.5091
53.651
53.651
51.5091
53.651
53.651
51.5091
53.651
51.5091
53.651
53.651
51.5091
53.651
51.5091
53.651
53.651
51.5091
53.651
51.5091
53.651
53.651
51.5091
53.651
51.5091
53.651
51.5091
53.651
53.651
51.5091
53.651
51.5091
53.651
51.5091
53.651
51.5091
53.651
51.5091
53.651
53.651
51.5091
53.651
51.5091
53.651
51.5091
53.651
51.5091
53.651
51.5091
53.651
51.5091
53.651
51.5091
53.651
51.5091
53.651
51.5091
53.651
51.5091
53.651
51.5091
53.651
51.5091
53.651
51.5091
53.651
51.5091
53.651
51.5091
53.651
51.5091
53.651
51.5091
53.651
51.5091
53.651
51.5091
53.651
51.5091
53.651
51.5091
53.651
51.5091
53.651
51.5091
53.651
51.5091
53.651
51.5091
53.651
51.5091
53.651
51.5091
53.651
51.5091
53.651
51.5091
53.651
51.5091
51.5091
53.651
51.5091
53.651
51.5091
53.651
51.5091
53.651
51.5091
53.651
51.5091
53.651
51.5091
53.651
51.5091
51.5091
53.651
51.5091
53.651
51.5091
53.651
51.5091
53.651
51.5091
53.651
51.5091
51.5091
53.651
51.5091
53.651
51.5091
53.651
51.5091
51.5091
53.651
51.5091
53.651
51.5091
53.651
51.5091
51.5091
53.651
51.5091
53.651
51.5091
51.5091
53.651
51.5091
51.5091
53.651
51.5091
53.651
51.5091
51.5091
53.651
51.5091
51.5091
53.651
51.5091
53.651
51.5091
51.5091
53.651
51.5091
51.5091
53.651
51.5091
51.5091
53.651
51.5091
51.5091
53.651
51.5091
53.651
51.5091
51.5091
53.651
51.5091
53.651
51.5091
51.5091
53.651
51.5091
53.651
51.5091
51.5091
53.651
51.5091
53.651
51.5091
51.5091
53.651
51.5091
51.5091
53.651
51.5091
51.5091
53.651
51.5091
51.5091
53.651
51.5091
53.651
51.5091
51.5091
53.651
51.5091
51.5091
53.651
51.5091
53.651
51.5091
51.5091
53.651
51.5091
51.5091
53.651
51.5091
51.5091
53.651
51.5091
51.5091
53.651
51.5091
53.651
51.5091
51.5091
51.5091
53.651
51.5091
53.651
51.5091
51.5091
53.651
51.5091
51.5091
53.651
51.5091
53.651
51.5091
51.5091
53.651
51.5091
51.5091
53.651
51.5091
53.651
51.5091
51.5091
53.651
51.5091
51.5091
53.651
51.5091
51.5091
53.651
51.5091
51.5091
53.651
51.5091
51.5091
53.651
51.5091
51.5091
53.651
51.5091
51.5091
53.651
51.5091
51.5091
51.5091
53.651
51.5091
51.5091
53.651
51.5091
51.5091
53.651
51.5091
51.5091
53.651
51.5091
51.5091
51.5091
53.651
51.5091
51.5091
53.651
51.5091
51.5091
51.5091
53.651
51.5091
51.5091
51.5091
53.651
51.5091
51.5091
51.5091
53.651
51.5091
51.5091
51.5091
53.651
51.5091
51.5091
53.651
51.5091
51.5091
51.5091
53.651
51.5091
51.5091
51.5091
53.651
51.5091
51.5091
53.651
51.5091
51.5091
53.651
51.5091
51.5091
53.651
51.5091
51.5091
51.5091
53.651
51.5091
51.5091
53.651
51.5091
51.5091
53.651
51.5091
51.5091
53.651
51.5091
51.5091
53.651
51.5091
51.5091
53.651
51.5091
51.5091
53.651
51.5091
51.5091
53.651
51.5091
51.5091
53.651
51.5091
51.5091
51.5091
53.651
51.5091
51.5091
53.651
51.5091
51.5091
53.651
51.5091
53.651
51.5091
51.5091
53.651
51.5091
51.5091
53.651
51.5091
51.5091
53.651
51.5091
51.5091
53.651
51.5091
51.5091
53.651
51.5091
51.5091
53.651
51.5091
51.5091
53.651
51.5091
53.651
51.5091
51.5091
53.651
51.5091
51.5091
53.651
51.5091
51.5091
53.651
51.5091
51.5091
53.651
51.5091
51.5091
53.651
51.5091
51.5091
53.651
51.5091
51.5091
53.651
51.5091
51.5091
53.651
51.5091
51.5091
53.651
51.5091
51.5091
53.651
51.5091
51.5091
51.5091
53.651
51.5091
51.5091
51.5091
53.651
51.5091
51.5091
53.651
51.5091
51.5091
51.5091
53.651
51.5091
51.5091
51.5091
53.651
51.5091
51.5091
51.5091
53.651
51.5091
51.5091
53.651
51.5091
51.5091
51.5091
53.651
51.5091
51.5091
51.5091
53.651
51.5091
51.5091
51.5091
53.651
51.5091
51.5091
51.5091
53.651
51.5091
51.5091
51.5091
53.651
51.5091
51.5091
53.651
51.5091
51.5091
51.5091
53.651
51.5091
51.5091
51.5091
51.5091
53.651
51.5091
51.5091
53.651
51.5091
51.5091
51.5091
51.5091
53.651
51.5091
51.5091
51.5091
51.5091
53.651
51.5091
51.5091
53.651
51.5091
51.5091
51.5091
53.651
51.5091
51.5091
51.5091
53.651
51.5091
51.5091
51.5091
53.651
51.5091
51.5091
53.651
51.5091
51.5091
51.5091
53.651
51.5091
51.5091
51.5091
53.651
51.5091
51.5091
53.651
51.5091
51.5091
51.5091
53.651
51.5091
51.5091
51.5091
53.651
51.5091
51.5091
53.651
51.5091
51.5091
51.5091
53.651
51.5091
51.5091
53.651
51.5091
51.5091
51.5091
53.651
51.5091
51.5091
51.5091
53.651
51.5091
51.5091
51.5091
53.651
51.5091
51.5091
51.5091
53.651
51.5091
51.5091
51.5091
53.651
51.5091
51.5091
53.651
51.5091
51.5091
51.5091
53.651
51.5091
51.5091
51.5091
53.651
51.5091
51.5091
51.5091
51.5091
53.651
51.5091
51.5091
51.5091
53.651
51.5091
51.5091
51.5091
51.5091
53.651
51.5091
51.5091
51.5091
53.651
51.5091
51.5091
51.5091
53.651
51.5091
51.5091
51.5091
53.651
51.5091
51.5091
51.5091
53.651
51.5091
51.5091
51.5091
53.651
51.5091
51.5091
51.5091
53.651
51.5091
51.5091
51.5091
53.651
51.5091
51.5091
51.5091
51.5091
53.651
51.5091
51.5091
51.5091
53.651
51.5091
51.5091
51.5091
53.651
51.5091
51.5091
51.5091
51.5091
53.651
51.5091
51.5091
51.5091
51.5091
53.651
51.5091
51.5091
51.5091
53.651
51.5091
51.5091
51.5091
51.5091
53.651
51.5091
51.5091
51.5091
51.5091
51.5091
53.651
51.5091
51.5091
51.5091
51.5091
53.651
51.5091
51.5091
51.5091
51.5091
51.5091
53.651
51.5091
51.5091
51.5091
51.5091
51.5091
53.651
51.5091
51.5091
51.5091
51.5091
51.5091
53.651
51.5091
51.5091
51.5091
51.5091
51.5091
53.651
51.5091
51.5091
51.5091
51.5091
51.5091
51.5091
51.5091
53.651
51.5091
51.5091
51.5091
51.5091
51.5091
51.5091
51.5091
53.651
51.5091
51.5091
51.5091
51.5091
51.5091
51.5091
51.5091
51.5091
51.5091
53.651
51.5091
51.5091
51.5091
51.5091
51.5091
51.5091
51.5091
51.5091
53.651
51.5091
51.5091
51.5091
51.5091
51.5091
51.5091
51.5091
51.5091
51.5091
51.5091
53.651
51.5091
51.5091
51.5091
51.5091
51.5091
51.5091
51.5091
53.651
51.5091
51.5091
51.5091
51.5091
51.5091
51.5091
51.5091
51.5091
53.651
51.5091
51.5091
51.5091
51.5091
51.5091
51.5091
51.5091
12.9541
0
0
0
0
0
0
0
0
0
0
0
0
0
0
0
0
0
0
0
0
0
0
0
0
0
0
0
0
0
0
0
0
0
0
0
0
0
0
0
0
0
0
0
0
0
0
0
0
0
0
0
0
0
0
0
0
0
0
0
0
0
0
0
0
0
0
0
0
0
0
0
0
0
0
0
0
0
0
0
0
0
0
0
0
0
0
0
0
0
0
0
0
0
0
0
0
0
0
0
0
0
0
0
0
0
0
0
0
0
0
0
0
0
0
0
0
0
0
0
0
0
0
0
0
0
0
0
0
0
0
0
0
0
0
0
0
0
0
0
0
0
0
0
0
0
0
0
0
0
0
0
0
0
0
0
0
0
0
0
0
0
0
0
0
0
0
0
0
0
0
0
0
0
0
0
0
0
0
0
0
0
0
0
0
0
0
0
0
0
0
0
0
0
0
0
0
0
0
0
0
0
0
0
0
0
0
0
0
0
0
0
0
0
0
0
0
0
0
0
0
0
0
0
0
0
0
0
0
0
0
0
0
0
0
0
0
0
0
0
0
0
0
0
0
0
0
0
0
0
0
0
0
0
0
0
0
0
0
0
0
0
0
0
0
0
0
0
0
0
0
0
0
0
0
0
0
0
0
0
0
0
0
0
0
0
0
0
0
0
0
0
0
0
0
0
0
0
0
0
0
0
0
0
0
0
0
0
0
0
0
0
0
0
0
0
0
0
0
0
0
0
0
0
0
0
0
0
0
0
0
0
0
0
0
0
0
0
0
0
0
0
0
0
0
0
0
0
0
0
0
0
0
0
0
0
0
0
0
0
0
0
0
0
0
0
0
0
0
0
0
0
0
0
0
0
0
0
0
0
0
0
0
0
0
0
0
0
0
0
0
0
0
0
0
0
0
0
0
0
0
0
0
0
0
0
0
0
0
0
0
0
0
0
0
0
0
0
0
0
0
0
0
0
0
0
0
0
0
0
0
0
0
0
0
0
0
0
0
0
0
0
0
0
0
0
0
0
0
0
0
0
0
0
0
0
0
0
0
0
0
0
0
0
0
0
0
0
0
0
0
0
0
0
0
0
0
0
0
0
0
0
0
0
0
0
0
0
0
0
0
0
0
0
0
0
0
0
0
0
0
0
0
0
0
0
0
0
0
0
0
0
0
0
0
0
0
0
0
0
0
0
0
0
0
0
0
0
0
0
0
0
0
0
0
0
0
0
0
0
0
0
0
0
0
0
0
0
0
0
0
0
0
0
0
0
0
0
0
0
0
0
0
0
0
0
0
0
0
0
0
0
0
0
0
0
0
0
0
0
0
0
0
0
0
0
0
0
0
0
0
0
0
0
0
0
0
0
0
0
0
0
0
0
0
0
0
0
0
0
0
0
0
0
0
0
0
0
0
0
0
0
0
0
0
0
0
0
0
0
0
0
0
0
0
0
0
0
0
0
0
0
0
0
0
0
0
0
0
0
0
0
0
0
0
0
0
0
0
0
0
0
0
0
0
0
0
0
0
0
0
0
0
0
0
0
0
0
0
0
0
0
0
0
0
0
0
0
0
0
0
0
0
0
0
0
0
0
0
0
0
0
0
0
0
0
0
0
0
0
0
0
0
0
0
0
0
0
0
0
0
0
0
0
0
0
0
0
0
0
0
0
0
0
0
0
0
0
0
0
0
0
0
0
0
0
0
0
0
0
0
0
0
0
0
0
0
0
0
0
0
0
0
0
0
0
0
0
0
0
0
0
0
0
0
0
0
0
0
0
0
0
0
0
0
0
0
0
0
0
0
0
0
0
0
0
0
0
0
0
0
0
0
0
0
0
0
0
0
0
0
0
0
0
0
0
0
0
0
0
0
0
0
0
0
0
0
0
0
0
0
0
0
0
0
0
0
0
0
0
0
0
0
0
0
0
0
0
0
0
0
0
0
0
0
0
0
0
0
0
0
0
0
0
0
0
0
0
0
0
0
0
0
0
0
0
0
0
0
0
0
0
0
0
0
0
0
0
0
0
0
0
0
0
0
0
0
0
0
0
0
0
0
0
0
0
0
0
0
0
0
0
0
0
0
0
0
0
0
0
0
0
0
0
154.312
907.715
597.467
92.2037
77.2112
72.9276
68.644
66.5021
66.5021
64.3603
64.3603
64.3603
64.3603
64.3603
62.2185
64.3603
62.2185
62.2185
64.3603
62.2185
62.2185
62.2185
64.3603
62.2185
62.2185
62.2185
62.2185
62.2185
64.3603
62.2185
62.2185
62.2185
62.2185
62.2185
60.0766
62.2185
62.2185
62.2185
62.2185
60.0766
62.2185
62.2185
62.2185
60.0766
60.0766
60.0766
62.2185
60.0766
60.0766
60.0766
60.0766
60.0766
57.9347
60.0766
60.0766
57.9347
57.9347
57.9347
57.9347
57.9347
57.9347
55.7929
57.9347
57.9347
55.7929
57.9347
57.9347
57.9347
55.7929
57.9347
57.9347
57.9347
55.7929
57.9347
55.7929
57.9347
55.7929
55.7929
55.7929
55.7929
55.7929
57.9347
55.7929
55.7929
55.7929
55.7929
55.7929
57.9347
55.7929
55.7929
57.9347
55.7929
55.7929
55.7929
57.9347
55.7929
55.7929
55.7929
55.7929
57.9347
55.7929
55.7929
55.7929
55.7929
55.7929
55.7929
55.7929
55.7929
55.7929
55.7929
55.7929
55.7929
57.9347
55.7929
55.7929
55.7929
55.7929
55.7929
55.7929
57.9347
55.7929
55.7929
55.7929
55.7929
55.7929
55.7929
55.7929
55.7929
55.7929
55.7929
55.7929
55.7929
55.7929
55.7929
55.7929
55.7929
55.7929
55.7929
55.7929
55.7929
55.7929
55.7929
55.7929
55.7929
55.7929
55.7929
55.7929
55.7929
55.7929
55.7929
53.651
55.7929
55.7929
55.7929
55.7929
55.7929
55.7929
53.651
55.7929
55.7929
55.7929
55.7929
55.7929
55.7929
53.651
55.7929
55.7929
55.7929
55.7929
55.7929
53.651
55.7929
55.7929
55.7929
55.7929
53.651
55.7929
55.7929
53.651
55.7929
55.7929
53.651
55.7929
55.7929
53.651
55.7929
53.651
55.7929
55.7929
53.651
55.7929
53.651
55.7929
53.651
55.7929
55.7929
53.651
55.7929
53.651
55.7929
53.651
55.7929
53.651
55.7929
53.651
55.7929
53.651
53.651
55.7929
53.651
55.7929
53.651
53.651
55.7929
53.651
55.7929
53.651
53.651
55.7929
53.651
53.651
55.7929
53.651
55.7929
53.651
53.651
55.7929
53.651
53.651
53.651
53.651
53.651
53.651
55.7929
53.651
53.651
53.651
53.651
53.651
53.651
55.7929
53.651
53.651
53.651
53.651
53.651
53.651
53.651
53.651
53.651
53.651
53.651
55.7929
53.651
53.651
53.651
53.651
53.651
53.651
53.651
53.651
53.651
53.651
53.651
53.651
53.651
53.651
53.651
53.651
53.651
53.651
53.651
53.651
53.651
53.651
51.5091
53.651
53.651
53.651
53.651
53.651
53.651
53.651
53.651
53.651
53.651
53.651
53.651
51.5091
53.651
53.651
53.651
53.651
53.651
53.651
51.5091
53.651
53.651
53.651
53.651
53.651
51.5091
53.651
53.651
53.651
53.651
51.5091
53.651
53.651
53.651
53.651
53.651
51.5091
53.651
53.651
53.651
51.5091
53.651
53.651
53.651
51.5091
53.651
53.651
51.5091
53.651
53.651
51.5091
53.651
53.651
53.651
51.5091
53.651
53.651
53.651
51.5091
53.651
53.651
53.651
51.5091
53.651
53.651
51.5091
53.651
53.651
53.651
51.5091
53.651
53.651
53.651
51.5091
53.651
53.651
51.5091
53.651
53.651
51.5091
53.651
53.651
51.5091
53.651
53.651
51.5091
53.651
53.651
51.5091
53.651
51.5091
53.651
51.5091
53.651
53.651
51.5091
53.651
53.651
51.5091
53.651
51.5091
53.651
53.651
51.5091
53.651
53.651
51.5091
53.651
51.5091
53.651
53.651
51.5091
53.651
51.5091
53.651
51.5091
53.651
53.651
51.5091
53.651
51.5091
53.651
53.651
51.5091
53.651
51.5091
53.651
51.5091
53.651
51.5091
53.651
51.5091
51.5091
51.5091
53.651
51.5091
53.651
53.651
51.5091
53.651
51.5091
53.651
51.5091
53.651
51.5091
53.651
51.5091
53.651
51.5091
53.651
51.5091
53.651
51.5091
53.651
51.5091
51.5091
53.651
51.5091
53.651
51.5091
53.651
51.5091
51.5091
53.651
51.5091
53.651
51.5091
53.651
51.5091
51.5091
53.651
51.5091
53.651
51.5091
53.651
51.5091
53.651
51.5091
51.5091
53.651
51.5091
53.651
51.5091
53.651
51.5091
51.5091
53.651
51.5091
53.651
51.5091
51.5091
53.651
51.5091
53.651
51.5091
51.5091
53.651
51.5091
53.651
51.5091
51.5091
53.651
51.5091
53.651
51.5091
51.5091
53.651
51.5091
53.651
51.5091
51.5091
53.651
51.5091
53.651
51.5091
53.651
51.5091
51.5091
53.651
51.5091
53.651
51.5091
51.5091
53.651
51.5091
51.5091
53.651
51.5091
51.5091
53.651
51.5091
53.651
51.5091
51.5091
53.651
51.5091
51.5091
53.651
51.5091
53.651
51.5091
51.5091
53.651
51.5091
51.5091
53.651
51.5091
51.5091
53.651
51.5091
51.5091
53.651
51.5091
51.5091
53.651
51.5091
51.5091
53.651
51.5091
51.5091
53.651
51.5091
51.5091
53.651
51.5091
51.5091
53.651
51.5091
51.5091
51.5091
53.651
51.5091
51.5091
53.651
51.5091
51.5091
51.5091
53.651
51.5091
51.5091
53.651
51.5091
51.5091
51.5091
53.651
51.5091
51.5091
53.651
51.5091
51.5091
51.5091
53.651
51.5091
51.5091
51.5091
53.651
51.5091
51.5091
51.5091
53.651
51.5091
51.5091
51.5091
53.651
51.5091
51.5091
51.5091
53.651
51.5091
51.5091
51.5091
53.651
51.5091
51.5091
51.5091
53.651
51.5091
51.5091
51.5091
51.5091
53.651
51.5091
51.5091
51.5091
53.651
51.5091
51.5091
51.5091
53.651
51.5091
51.5091
51.5091
53.651
51.5091
51.5091
51.5091
51.5091
53.651
51.5091
51.5091
51.5091
51.5091
51.5091
53.651
51.5091
51.5091
51.5091
51.5091
53.651
51.5091
51.5091
51.5091
53.651
51.5091
51.5091
51.5091
53.651
51.5091
51.5091
51.5091
53.651
51.5091
51.5091
51.5091
53.651
51.5091
51.5091
51.5091
51.5091
53.651
51.5091
51.5091
51.5091
51.5091
53.651
51.5091
51.5091
51.5091
51.5091
53.651
51.5091
51.5091
51.5091
51.5091
53.651
51.5091
51.5091
51.5091
51.5091
51.5091
53.651
51.5091
51.5091
51.5091
51.5091
51.5091
53.651
51.5091
51.5091
51.5091
51.5091
51.5091
51.5091
53.651
51.5091
51.5091
51.5091
51.5091
51.5091
53.651
51.5091
51.5091
51.5091
51.5091
51.5091
51.5091
51.5091
53.651
51.5091
51.5091
51.5091
51.5091
51.5091
51.5091
51.5091
51.5091
51.5091
51.5091
51.5091
53.651
51.5091
51.5091
51.5091
51.5091
51.5091
53.651
53.651
51.5091
51.5091
51.5091
51.5091
53.651
51.5091
51.5091
51.5091
51.5091
51.5091
53.651
51.5091
51.5091
51.5091
51.5091
53.651
53.651
51.5091
51.5091
51.5091
51.5091
53.651
51.5091
51.5091
51.5091
51.5091
53.651
51.5091
51.5091
51.5091
51.5091
51.5091
53.651
51.5091
51.5091
51.5091
51.5091
51.5091
53.651
51.5091
51.5091
51.5091
51.5091
51.5091
53.651
51.5091
51.5091
51.5091
51.5091
53.651
51.5091
51.5091
51.5091
51.5091
51.5091
53.651
51.5091
51.5091
51.5091
51.5091
51.5091
53.651
51.5091
51.5091
51.5091
51.5091
53.651
51.5091
51.5091
51.5091
51.5091
53.651
51.5091
51.5091
51.5091
51.5091
53.651
51.5091
51.5091
51.5091
51.5091
53.651
51.5091
51.5091
51.5091
51.5091
53.651
51.5091
51.5091
51.5091
51.5091
53.651
51.5091
51.5091
51.5091
53.651
51.5091
51.5091
51.5091
51.5091
53.651
51.5091
51.5091
51.5091
51.5091
51.5091
51.5091
51.5091
51.5091
51.5091
51.5091
51.5091
53.651
51.5091
51.5091
51.5091
51.5091
51.5091
53.651
51.5091
51.5091
51.5091
51.5091
53.651
51.5091
51.5091
51.5091
51.5091
53.651
51.5091
51.5091
51.5091
51.5091
51.5091
53.651
51.5091
51.5091
51.5091
51.5091
53.651
51.5091
51.5091
51.5091
51.5091
51.5091
53.651
51.5091
51.5091
51.5091
51.5091
51.5091
51.5091
53.651
51.5091
51.5091
51.5091
51.5091
51.5091
53.651
51.5091
51.5091
51.5091
51.5091
51.5091
51.5091
53.651
51.5091
51.5091
51.5091
51.5091
51.5091
51.5091
51.5091
51.5091
51.5091
51.5091
51.5091
51.5091
51.5091
51.5091
53.651
51.5091
51.5091
51.5091
51.5091
51.5091
53.651
51.5091
51.5091
51.5091
51.5091
51.5091
51.5091
53.651
51.5091
51.5091
51.5091
51.5091
51.5091
51.5091
53.651
53.651
51.5091
51.5091
51.5091
51.5091
51.5091
51.5091
51.5091
51.5091
51.5091
51.5091
53.651
51.5091
51.5091
51.5091
51.5091
51.5091
53.651
51.5091
51.5091
51.5091
51.5091
51.5091
51.5091
53.651
51.5091
51.5091
51.5091
51.5091
51.5091
51.5091
51.5091
51.5091
53.651
51.5091
51.5091
51.5091
51.5091
51.5091
51.5091
53.651
51.5091
51.5091
51.5091
51.5091
51.5091
51.5091
51.5091
51.5091
51.5091
51.5091
53.651
51.5091
51.5091
51.5091
51.5091
51.5091
51.5091
51.5091
51.5091
51.5091
51.5091
51.5091
53.651
53.651
51.5091
51.5091
51.5091
51.5091
51.5091
51.5091
51.5091
51.5091
53.651
51.5091
51.5091
51.5091
51.5091
51.5091
51.5091
51.5091
51.5091
51.5091
53.651
51.5091
51.5091
51.5091
51.5091
51.5091
51.5091
51.5091
53.651
51.5091
51.5091
51.5091
51.5091
51.5091
53.651
51.5091
51.5091
51.5091
51.5091
51.5091
51.5091
53.651
51.5091
51.5091
51.5091
51.5091
53.651
51.5091
51.5091
51.5091
51.5091
51.5091
51.5091
53.651
51.5091
51.5091
51.5091
51.5091
51.5091
51.5091
51.5091
51.5091
51.5091
51.5091
51.5091
51.5091
51.5091
53.651
51.5091
51.5091
51.5091
51.5091
51.5091
51.5091
51.5091
51.5091
53.651
51.5091
51.5091
51.5091
51.5091
51.5091
51.5091
53.651
51.5091
51.5091
51.5091
51.5091
51.5091
51.5091
51.5091
53.651
51.5091
51.5091
51.5091
51.5091
51.5091
51.5091
53.651
51.5091
51.5091
51.5091
51.5091
51.5091
51.5091
51.5091
53.651
51.5091
51.5091
51.5091
51.5091
51.5091
51.5091
51.5091
51.5091
51.5091
51.5091
53.651
51.5091
51.5091
51.5091
51.5091
51.5091
51.5091
51.5091
51.5091
51.5091
53.651
51.5091
51.5091
51.5091
51.5091
51.5091
51.5091
51.5091
51.5091
51.5091
51.5091
51.5091
51.5091
51.5091
53.651
51.5091
51.5091
51.5091
51.5091
51.5091
51.5091
51.5091
51.5091
51.5091
51.5091
51.5091
51.5091
51.5091
51.5091
53.651
51.5091
51.5091
51.5091
51.5091
51.5091
51.5091
51.5091
51.5091
51.5091
51.5091
51.5091
51.5091
51.5091
51.5091
51.5091
51.5091
51.5091
51.5091
51.5091
51.5091
51.5091
53.651
51.5091
51.5091
51.5091
0
0
0
0
0
0
0
0
0
0
0
0
0
0
0
0
0
0
0
0
0
0
0
0
0
0
0
0
0
0
0
0
0
0
0
0
0
0
0
0
0
0
0
0
0
0
0
0
0
0
0
0
0
0
0
0
0
0
0
0
0
0
0
0
0
0
0
0
0
0
0
0
0
0
0
0
0
0
0
0
0
0
0
0
0
0
0
0
0
0
0
0
0
0
0
0
0
0
0
0
0
0
0
0
0
0
0
0
0
0
0
0
0
0
0
0
0
0
0
0
0
0
0
0
0
0
0
0
0
0
0
0
0
0
0
0
0
0
0
0
0
0
0
0
0
0
0
0
0
0
0
0
0
0
0
0
0
0
0
0
0
0
0
0
0
0
0
0
0
0
0
0
0
0
0
0
0
0
0
0
0
0
0
0
0
0
0
0
0
0
0
0
0
0
0
0
0
0
0
0
0
0
0
0
0
0
0
0
0
0
0
0
0
0
0
0
0
0
0
0
0
0
0
0
0
0
0
0
0
0
0
0
0
0
0
0
0
0
0
0
0
0
0
0
0
0
0
0
0
0
0
0
0
0
0
0
0
0
0
0
0
0
0
0
0
0
0
0
0
0
0
0
0
0
0
0
0
0
0
0
0
0
0
0
0
0
0
0
0
0
0
0
0
0
0
0
0
0
0
0
0
0
0
0
0
0
0
0
0
0
0
0
0
0
0
0
0
0
0
0
0
0
0
0
0
0
0
0
0
0
0
0
0
0
0
0
0
0
0
0
0
0
0
0
0
0
0
0
0
0
0
0
0
0
0
0
0
0
0
0
0
0
0
0
0
0
0
0
0
0
0
0
0
0
0
0
0
0
0
0
0
0
0
0
0
0
0
0
0
0
0
0
0
0
0
0
0
0
0
0
0
0
0
0
0
0
0
0
0
0
0
0
0
0
0
0
0
0
0
0
0
0
0
0
0
0
0
0
0
0
0
0
0
0
0
0
0
0
0
0
0
0
0
0
0
0
0
0
0
0
0
0
0
0
0
0
0
0
0
0
0
0
0
0
0
0
0
0
0
0
0
0
0
0
0
0
0
0
0
0
0
0
0
0
0
0
0
0
0
0
0
0
0
0
0
0
0
0
0
0
0
0
0
0
0
0
0
0
0
0
0
0
0
0
0
0
0
0
0
0
0
0
0
0
0
0
0
0
0
0
0
0
0
0
0
0
0
0
0
0
0
0
0
0
0
0
0
0
0
0
0
0
0
0
0
0
0
0
0
0
0
0
0
0
0
0
0
0
0
0
0
0
0
0
0
0
0
0
0
0
0
0
0
0
0
0
0
0
0
0
0
0
0
0
0
0
0
0
0
0
0
0
0
0
0
0
0
0
0
0
0
0
0
0
0
0
0
0
0
0
0
0
0
0
0
0
0
0
0
0
0
0
0
0
0
0
0
0
0
0
0
0
0
0
0
0
0
0
0
0
0
0
0
0
0
0
0
0
0
0
0
0
0
0
0
0
0
0
0
0
0
0
0
0
0
0
0
0
0
0
0
0
0
0
0
0
0
0
0
0
0
0
0
0
0
0
0
0
0
0
0
0
0
0
0
0
0
0
0
0
0
0
0
0
0
0
0
0
0
0
0
0
0
0
0
0
0
0
0
0
0
0
0
0
0
0
0
0
0
0
0
0
0
0
0
0
0
0
0
0
0
0
0
0
0
0
0
0
0
0
0
0
0
0
0
0
0
0
0
0
0
0
0
0
0
0
0
0
0
0
0
0
0
0
0
0
0
0
0
0
0
0
0
0
0
0
0
0
0
0
0
0
0
0
0
0
0
0
0
0
0
0
0
0
0
0
0
0
0
0
0
0
0
0
0
0
0
0
0
0
0
0
0
0
0
0
0
0
0
0
0
0
0
0
0
0
0
0
0
0
0
0
0
0
0
0
0
0
0
0
0
0
0
0
0
0
0
0
0
0
0
0
0
0
0
0
0
0
0
0
0
0
0
0
0
0
0
0
0
0
0
0
0
0
0
0
0
0
0
0
0
0
0
0
0
0
0
0
0
0
0
0
0
0
0
0
0
0
0
0
0
0
0
0
0
0
0
0
0
383.419
873.488
424.093
85.7784
85.7784
70.7858
68.644
66.5021
66.5021
64.3603
64.3603
64.3603
62.2185
64.3603
64.3603
62.2185
62.2185
62.2185
62.2185
64.3603
62.2185
62.2185
64.3603
62.2185
62.2185
62.2185
62.2185
62.2185
62.2185
62.2185
62.2185
62.2185
62.2185
62.2185
62.2185
60.0766
60.0766
60.0766
62.2185
60.0766
62.2185
62.2185
62.2185
62.2185
60.0766
60.0766
62.2185
62.2185
57.9347
60.0766
60.0766
60.0766
60.0766
60.0766
60.0766
60.0766
60.0766
60.0766
60.0766
60.0766
60.0766
60.0766
60.0766
55.7929
57.9347
57.9347
55.7929
57.9347
57.9347
57.9347
57.9347
57.9347
57.9347
57.9347
57.9347
57.9347
57.9347
57.9347
57.9347
55.7929
55.7929
55.7929
55.7929
55.7929
55.7929
55.7929
55.7929
57.9347
55.7929
55.7929
55.7929
55.7929
57.9347
55.7929
55.7929
55.7929
55.7929
55.7929
57.9347
55.7929
55.7929
55.7929
55.7929
55.7929
55.7929
55.7929
55.7929
55.7929
55.7929
55.7929
55.7929
55.7929
55.7929
55.7929
55.7929
55.7929
57.9347
55.7929
55.7929
55.7929
55.7929
55.7929
57.9347
55.7929
55.7929
55.7929
55.7929
55.7929
55.7929
55.7929
55.7929
55.7929
55.7929
55.7929
55.7929
55.7929
55.7929
55.7929
55.7929
55.7929
55.7929
55.7929
55.7929
55.7929
55.7929
55.7929
55.7929
55.7929
55.7929
55.7929
55.7929
55.7929
55.7929
55.7929
55.7929
55.7929
55.7929
55.7929
55.7929
55.7929
55.7929
55.7929
55.7929
53.651
55.7929
55.7929
55.7929
55.7929
55.7929
55.7929
55.7929
55.7929
55.7929
55.7929
55.7929
55.7929
55.7929
55.7929
55.7929
55.7929
55.7929
53.651
53.651
55.7929
53.651
55.7929
55.7929
53.651
55.7929
55.7929
53.651
55.7929
55.7929
53.651
55.7929
53.651
55.7929
55.7929
55.7929
55.7929
55.7929
53.651
55.7929
55.7929
55.7929
53.651
55.7929
55.7929
55.7929
55.7929
55.7929
53.651
55.7929
55.7929
53.651
53.651
55.7929
53.651
53.651
55.7929
53.651
53.651
53.651
53.651
53.651
53.651
53.651
55.7929
53.651
53.651
55.7929
55.7929
53.651
53.651
55.7929
53.651
53.651
53.651
53.651
53.651
55.7929
53.651
53.651
53.651
53.651
53.651
55.7929
53.651
53.651
53.651
53.651
55.7929
53.651
53.651
53.651
53.651
53.651
53.651
55.7929
53.651
53.651
53.651
53.651
53.651
53.651
53.651
53.651
53.651
53.651
53.651
53.651
53.651
53.651
53.651
53.651
55.7929
53.651
53.651
53.651
53.651
53.651
53.651
53.651
55.7929
55.7929
55.7929
53.651
53.651
53.651
53.651
53.651
53.651
53.651
53.651
53.651
53.651
53.651
55.7929
51.5091
53.651
53.651
53.651
53.651
53.651
53.651
53.651
53.651
53.651
53.651
53.651
53.651
53.651
53.651
53.651
53.651
51.5091
51.5091
51.5091
53.651
53.651
53.651
53.651
53.651
53.651
53.651
51.5091
53.651
53.651
53.651
53.651
53.651
53.651
51.5091
53.651
53.651
53.651
53.651
53.651
53.651
53.651
53.651
53.651
53.651
53.651
53.651
51.5091
53.651
53.651
53.651
53.651
53.651
51.5091
53.651
53.651
53.651
53.651
51.5091
53.651
53.651
53.651
53.651
53.651
53.651
53.651
51.5091
51.5091
53.651
53.651
53.651
51.5091
53.651
53.651
53.651
51.5091
53.651
53.651
53.651
51.5091
51.5091
53.651
53.651
51.5091
51.5091
53.651
53.651
51.5091
53.651
53.651
51.5091
51.5091
53.651
51.5091
53.651
53.651
53.651
51.5091
53.651
53.651
51.5091
53.651
53.651
51.5091
53.651
53.651
53.651
53.651
53.651
51.5091
53.651
53.651
51.5091
51.5091
53.651
51.5091
53.651
53.651
53.651
53.651
51.5091
53.651
51.5091
51.5091
51.5091
53.651
51.5091
53.651
53.651
51.5091
53.651
53.651
53.651
51.5091
51.5091
51.5091
53.651
51.5091
53.651
51.5091
51.5091
53.651
51.5091
53.651
53.651
51.5091
51.5091
51.5091
53.651
51.5091
53.651
51.5091
53.651
53.651
53.651
53.651
51.5091
51.5091
51.5091
53.651
51.5091
53.651
51.5091
51.5091
51.5091
53.651
51.5091
51.5091
51.5091
51.5091
51.5091
53.651
51.5091
51.5091
51.5091
51.5091
53.651
53.651
53.651
51.5091
51.5091
53.651
51.5091
53.651
53.651
53.651
51.5091
53.651
51.5091
51.5091
51.5091
53.651
53.651
53.651
51.5091
53.651
53.651
53.651
51.5091
53.651
51.5091
51.5091
53.651
53.651
53.651
51.5091
51.5091
51.5091
53.651
53.651
53.651
51.5091
53.651
53.651
53.651
53.651
51.5091
51.5091
51.5091
51.5091
53.651
51.5091
53.651
53.651
53.651
53.651
51.5091
53.651
51.5091
53.651
53.651
53.651
53.651
51.5091
53.651
51.5091
53.651
53.651
51.5091
51.5091
51.5091
51.5091
51.5091
53.651
51.5091
51.5091
51.5091
51.5091
51.5091
51.5091
53.651
53.651
53.651
53.651
53.651
51.5091
53.651
53.651
53.651
51.5091
51.5091
53.651
53.651
53.651
51.5091
53.651
51.5091
51.5091
51.5091
51.5091
51.5091
53.651
51.5091
53.651
53.651
51.5091
53.651
53.651
53.651
51.5091
51.5091
51.5091
53.651
53.651
53.651
53.651
51.5091
53.651
51.5091
53.651
51.5091
51.5091
53.651
51.5091
53.651
51.5091
51.5091
51.5091
51.5091
53.651
51.5091
53.651
51.5091
53.651
51.5091
51.5091
53.651
51.5091
53.651
51.5091
51.5091
53.651
51.5091
53.651
51.5091
53.651
51.5091
51.5091
53.651
51.5091
51.5091
53.651
51.5091
51.5091
53.651
51.5091
51.5091
51.5091
51.5091
51.5091
51.5091
53.651
51.5091
51.5091
53.651
51.5091
51.5091
53.651
51.5091
51.5091
51.5091
53.651
51.5091
51.5091
53.651
51.5091
51.5091
53.651
51.5091
51.5091
51.5091
53.651
51.5091
51.5091
53.651
51.5091
51.5091
51.5091
53.651
51.5091
51.5091
53.651
51.5091
51.5091
51.5091
53.651
51.5091
51.5091
51.5091
53.651
51.5091
51.5091
51.5091
53.651
51.5091
51.5091
51.5091
51.5091
53.651
51.5091
51.5091
51.5091
53.651
51.5091
51.5091
51.5091
51.5091
51.5091
51.5091
53.651
51.5091
51.5091
51.5091
51.5091
51.5091
51.5091
51.5091
51.5091
53.651
51.5091
51.5091
51.5091
51.5091
51.5091
51.5091
51.5091
51.5091
51.5091
51.5091
51.5091
51.5091
51.5091
51.5091
51.5091
51.5091
53.651
51.5091
51.5091
51.5091
53.651
51.5091
51.5091
51.5091
51.5091
53.651
51.5091
51.5091
51.5091
51.5091
53.651
51.5091
51.5091
51.5091
51.5091
53.651
51.5091
51.5091
51.5091
51.5091
51.5091
53.651
51.5091
51.5091
51.5091
51.5091
53.651
51.5091
51.5091
51.5091
51.5091
51.5091
53.651
51.5091
51.5091
51.5091
51.5091
53.651
51.5091
51.5091
51.5091
51.5091
53.651
51.5091
51.5091
51.5091
51.5091
53.651
51.5091
51.5091
51.5091
51.5091
53.651
51.5091
51.5091
51.5091
53.651
51.5091
51.5091
51.5091
53.651
51.5091
51.5091
51.5091
53.651
51.5091
51.5091
51.5091
51.5091
53.651
51.5091
51.5091
51.5091
53.651
51.5091
51.5091
51.5091
53.651
51.5091
51.5091
51.5091
51.5091
53.651
51.5091
51.5091
51.5091
53.651
51.5091
51.5091
51.5091
51.5091
51.5091
51.5091
51.5091
51.5091
51.5091
53.651
51.5091
51.5091
51.5091
53.651
51.5091
51.5091
53.651
53.651
51.5091
51.5091
51.5091
53.651
51.5091
51.5091
51.5091
51.5091
51.5091
53.651
51.5091
51.5091
51.5091
53.651
51.5091
51.5091
51.5091
53.651
51.5091
51.5091
51.5091
53.651
51.5091
51.5091
51.5091
51.5091
53.651
51.5091
51.5091
51.5091
53.651
51.5091
51.5091
51.5091
51.5091
53.651
51.5091
51.5091
51.5091
51.5091
53.651
51.5091
51.5091
51.5091
51.5091
53.651
51.5091
51.5091
51.5091
51.5091
53.651
51.5091
51.5091
51.5091
51.5091
53.651
51.5091
51.5091
51.5091
51.5091
51.5091
53.651
51.5091
51.5091
51.5091
51.5091
53.651
51.5091
51.5091
51.5091
51.5091
51.5091
53.651
51.5091
51.5091
51.5091
51.5091
51.5091
53.651
51.5091
51.5091
51.5091
51.5091
53.651
51.5091
51.5091
51.5091
51.5091
53.651
51.5091
51.5091
51.5091
51.5091
53.651
51.5091
51.5091
51.5091
51.5091
51.5091
51.5091
53.651
51.5091
51.5091
51.5091
51.5091
51.5091
53.651
51.5091
51.5091
51.5091
51.5091
51.5091
53.651
51.5091
51.5091
51.5091
51.5091
51.5091
53.651
51.5091
51.5091
51.5091
51.5091
51.5091
53.651
51.5091
51.5091
51.5091
51.5091
51.5091
53.651
51.5091
51.5091
51.5091
51.5091
51.5091
53.651
51.5091
51.5091
51.5091
51.5091
51.5091
51.5091
51.5091
53.651
51.5091
51.5091
51.5091
51.5091
51.5091
51.5091
51.5091
51.5091
53.651
51.5091
51.5091
51.5091
51.5091
51.5091
53.651
51.5091
51.5091
51.5091
51.5091
51.5091
51.5091
53.651
51.5091
51.5091
51.5091
51.5091
51.5091
53.651
51.5091
51.5091
51.5091
51.5091
51.5091
51.5091
53.651
51.5091
51.5091
51.5091
51.5091
51.5091
53.651
51.5091
51.5091
51.5091
51.5091
51.5091
53.651
51.5091
51.5091
51.5091
51.5091
51.5091
51.5091
51.5091
51.5091
51.5091
51.5091
51.5091
51.5091
51.5091
51.5091
51.5091
51.5091
53.651
51.5091
51.5091
51.5091
51.5091
51.5091
51.5091
51.5091
53.651
51.5091
51.5091
51.5091
51.5091
51.5091
51.5091
51.5091
51.5091
51.5091
51.5091
53.651
51.5091
51.5091
51.5091
51.5091
51.5091
51.5091
51.5091
51.5091
51.5091
53.651
51.5091
51.5091
51.5091
51.5091
51.5091
51.5091
51.5091
51.5091
53.651
51.5091
51.5091
51.5091
51.5091
51.5091
51.5091
51.5091
51.5091
51.5091
51.5091
51.5091
53.651
51.5091
51.5091
51.5091
51.5091
51.5091
51.5091
53.651
51.5091
51.5091
51.5091
51.5091
51.5091
51.5091
51.5091
51.5091
51.5091
51.5091
51.5091
51.5091
51.5091
53.651
51.5091
51.5091
51.5091
51.5091
51.5091
51.5091
51.5091
51.5091
51.5091
51.5091
51.5091
51.5091
51.5091
51.5091
51.5091
51.5091
51.5091
51.5091
51.5091
53.651
51.5091
51.5091
51.5091
51.5091
51.5091
51.5091
51.5091
51.5091
51.5091
51.5091
51.5091
51.5091
51.5091
51.5091
51.5091
51.5091
51.5091
51.5091
51.5091
51.5091
53.651
51.5091
51.5091
51.5091
51.5091
51.5091
51.5091
51.5091
51.5091
51.5091
51.5091
51.5091
51.5091
51.5091
51.5091
51.5091
51.5091
51.5091
51.5091
51.5091
51.5091
51.5091
51.5091
51.5091
51.5091
51.5091
51.5091
51.5091
51.5091
49.3672
51.5091
51.5091
51.5091
51.5091
51.5091
51.5091
51.5091
51.5091
51.5091
51.5091
51.5091
51.5091
51.5091
51.5091
51.5091
51.5091
51.5091
51.5091
51.5091
49.3672
0
0
0
0
0
0
0
0
0
0
0
0
0
0
0
0
0
0
0
0
0
0
0
0
0
0
0
0
0
0
0
0
0
0
0
0
0
0
0
0
0
0
0
0
0
0
0
0
0
0
0
0
0
0
0
0
0
0
0
0
0
0
0
0
0
0
0
0
0
0
0
0
0
0
0
0
0
0
0
0
0
0
0
0
0
0
0
0
0
0
0
0
0
0
0
0
0
0
0
0
0
0
0
0
0
0
0
0
0
0
0
0
0
0
0
0
0
0
0
0
0
0
0
0
0
0
0
0
0
0
0
0
0
0
0
0
0
0
0
0
0
0
0
0
0
0
0
0
0
0
0
0
0
0
0
0
0
0
0
0
0
0
0
0
0
0
0
0
0
0
0
0
0
0
0
0
0
0
0
0
0
0
0
0
0
0
0
0
0
0
0
0
0
0
0
0
0
0
0
0
0
0
0
0
0
0
0
0
0
0
0
0
0
0
0
0
0
0
0
0
0
0
0
0
0
0
0
0
0
0
0
0
0
0
0
0
0
0
0
0
0
0
0
0
0
0
0
0
0
0
0
0
0
0
0
0
0
0
0
0
0
0
0
0
0
0
0
0
0
0
0
0
0
0
0
0
0
0
0
0
0
0
0
0
0
0
0
0
0
0
0
0
0
0
0
0
0
0
0
0
0
0
0
0
0
0
0
0
0
0
0
0
0
0
0
0
0
0
0
0
0
0
0
0
0
0
0
0
0
0
0
0
0
0
0
0
0
0
0
0
0
0
0
0
0
0
0
0
0
0
0
0
0
0
0
0
0
0
0
0
0
0
0
0
0
0
0
0
0
0
0
0
0
0
0
0
0
0
0
0
0
0
0
0
0
0
0
0
0
0
0
0
0
0
0
0
0
0
0
0
0
0
0
0
0
0
0
0
0
0
0
0
0
0
0
0
0
0
0
0
0
0
0
0
0
0
0
0
0
0
0
0
0
0
0
0
0
0
0
0
0
0
0
0
0
0
0
0
0
0
0
0
0
0
0
0
0
0
0
0
0
0
0
0
0
0
0
0
0
0
0
0
0
0
0
0
0
0
0
0
0
0
0
0
0
0
0
0
0
0
0
0
0
0
0
0
0
0
0
0
0
0
0
0
0
0
0
0
0
0
0
0
0
0
0
0
0
0
0
0
0
0
0
0
0
0
0
0
0
0
0
0
0
0
0
0
0
0
0
0
0
0
0
0
0
0
0
0
0
0
0
0
0
0
0
0
0
0
0
0
0
0
0
0
0
0
0
0
0
0
0
0
0
0
0
0
0
0
0
0
0
0
0
0
0
0
0
0
0
0
0
0
0
0
0
0
0
0
0
0
0
0
0
0
0
0
0
0
0
0
0
0
0
0
0
0
0
0
0
0
0
0
0
0
0
0
0
0
0
0
0
0
0
0
0
0
0
0
0
0
0
0
0
0
0
0
0
0
0
0
0
0
0
0
0
0
0
0
0
0
0
0
0
0
0
0
0
0
0
0
0
0
0
0
0
0
0
0
0
0
0
0
0
0
0
0
0
0
0
0
0
0
0
0
0
0
0
0
0
0
0
0
0
0
0
0
0
0
0
0
0
0
0
0
0
0
0
0
0
0
0
0
0
0
0
0
0
0
0
0
0
0
0
0
0
0
0
0
0
0
0
0
0
0
0
0
0
0
0
0
0
0
0
0
0
0
0
0
0
0
0
0
0
0
0
0
0
0
0
0
0
0
0
0
0
0
0
0
0
0
0
0
0
0
0
0
0
0
0
0
0
0
0
0
0
0
0
0
0
0
0
0
0
0
0
0
0
0
0
0
0
0
0
0
0
0
0
0
0
0
0
0
0
0
0
0
0
0
0
0
0
0
0
0
0
0
0
0
0
0
0
0
0
0
0
0
0
0
0
0
0
0
0
0
0
0
0
0
0
0
0
0
0
0
0
0
0
0
0
0
0
0
0
0
0
0
0
0
0
0
0
0
0
0
0
0
0
0
0
0
0
0
0
0
0
0
0
0
0
0
0
0
0
0
0
0
0
0
0
0
0
0
0
0
0
0
0
0
0
0
0
0
0
0
0
0
0
0
0
802.888
798.609
126.471
79.353
72.9276
70.7858
66.5021
66.5021
66.5021
64.3603
64.3603
62.2185
64.3603
64.3603
62.2185
64.3603
62.2185
62.2185
62.2185
64.3603
62.2185
62.2185
62.2185
62.2185
62.2185
62.2185
62.2185
62.2185
62.2185
62.2185
62.2185
62.2185
62.2185
62.2185
60.0766
62.2185
62.2185
60.0766
62.2185
60.0766
62.2185
60.0766
60.0766
62.2185
60.0766
60.0766
60.0766
57.9347
60.0766
60.0766
57.9347
60.0766
57.9347
60.0766
57.9347
57.9347
55.7929
57.9347
57.9347
55.7929
57.9347
57.9347
55.7929
57.9347
57.9347
57.9347
55.7929
57.9347
55.7929
57.9347
57.9347
55.7929
57.9347
55.7929
55.7929
57.9347
55.7929
55.7929
55.7929
55.7929
55.7929
55.7929
55.7929
55.7929
55.7929
55.7929
57.9347
55.7929
55.7929
55.7929
55.7929
55.7929
57.9347
55.7929
55.7929
55.7929
55.7929
55.7929
55.7929
55.7929
55.7929
55.7929
55.7929
55.7929
55.7929
55.7929
55.7929
55.7929
55.7929
57.9347
55.7929
55.7929
55.7929
55.7929
55.7929
55.7929
55.7929
57.9347
55.7929
55.7929
55.7929
55.7929
55.7929
55.7929
55.7929
55.7929
55.7929
53.651
55.7929
55.7929
55.7929
55.7929
55.7929
55.7929
55.7929
55.7929
55.7929
55.7929
55.7929
53.651
55.7929
57.9347
55.7929
55.7929
53.651
55.7929
55.7929
55.7929
55.7929
55.7929
55.7929
55.7929
55.7929
53.651
55.7929
55.7929
55.7929
55.7929
53.651
55.7929
55.7929
55.7929
55.7929
53.651
55.7929
55.7929
55.7929
55.7929
53.651
55.7929
55.7929
55.7929
53.651
55.7929
55.7929
53.651
55.7929
55.7929
55.7929
53.651
55.7929
55.7929
53.651
55.7929
55.7929
53.651
55.7929
55.7929
53.651
55.7929
53.651
55.7929
55.7929
53.651
55.7929
53.651
55.7929
53.651
55.7929
53.651
55.7929
53.651
55.7929
53.651
55.7929
53.651
55.7929
53.651
55.7929
53.651
55.7929
53.651
53.651
55.7929
53.651
53.651
55.7929
53.651
55.7929
53.651
53.651
53.651
55.7929
53.651
53.651
53.651
55.7929
53.651
53.651
53.651
53.651
55.7929
53.651
53.651
53.651
53.651
55.7929
53.651
53.651
53.651
53.651
55.7929
53.651
53.651
53.651
53.651
55.7929
53.651
53.651
53.651
53.651
53.651
53.651
53.651
53.651
53.651
53.651
53.651
53.651
53.651
53.651
53.651
53.651
53.651
53.651
53.651
53.651
53.651
53.651
53.651
53.651
53.651
53.651
53.651
53.651
53.651
53.651
53.651
53.651
53.651
53.651
53.651
53.651
51.5091
53.651
53.651
53.651
53.651
53.651
53.651
53.651
53.651
53.651
53.651
53.651
51.5091
53.651
53.651
53.651
53.651
53.651
51.5091
53.651
53.651
53.651
53.651
53.651
53.651
53.651
53.651
53.651
53.651
53.651
53.651
51.5091
53.651
53.651
53.651
53.651
53.651
51.5091
53.651
53.651
53.651
53.651
51.5091
53.651
53.651
53.651
51.5091
53.651
53.651
53.651
51.5091
53.651
53.651
53.651
53.651
51.5091
53.651
53.651
53.651
53.651
51.5091
53.651
53.651
53.651
51.5091
53.651
53.651
51.5091
53.651
53.651
51.5091
53.651
53.651
53.651
51.5091
53.651
53.651
51.5091
53.651
53.651
51.5091
53.651
53.651
51.5091
53.651
53.651
51.5091
53.651
53.651
51.5091
53.651
53.651
51.5091
53.651
53.651
51.5091
53.651
51.5091
53.651
53.651
51.5091
53.651
53.651
51.5091
53.651
51.5091
53.651
51.5091
53.651
53.651
51.5091
53.651
51.5091
53.651
51.5091
53.651
51.5091
53.651
53.651
51.5091
53.651
51.5091
53.651
51.5091
53.651
53.651
51.5091
53.651
51.5091
53.651
51.5091
53.651
51.5091
53.651
51.5091
53.651
53.651
51.5091
53.651
51.5091
53.651
51.5091
53.651
51.5091
53.651
51.5091
53.651
51.5091
53.651
51.5091
53.651
51.5091
53.651
51.5091
53.651
51.5091
53.651
51.5091
53.651
51.5091
53.651
51.5091
53.651
51.5091
53.651
51.5091
53.651
51.5091
53.651
53.651
51.5091
53.651
51.5091
53.651
51.5091
51.5091
53.651
51.5091
53.651
51.5091
53.651
51.5091
53.651
51.5091
53.651
51.5091
53.651
51.5091
51.5091
53.651
51.5091
53.651
51.5091
53.651
51.5091
51.5091
53.651
51.5091
53.651
51.5091
51.5091
53.651
51.5091
53.651
51.5091
53.651
51.5091
51.5091
53.651
51.5091
53.651
51.5091
51.5091
53.651
51.5091
53.651
51.5091
51.5091
53.651
51.5091
53.651
51.5091
53.651
51.5091
53.651
51.5091
51.5091
53.651
51.5091
53.651
51.5091
53.651
51.5091
53.651
51.5091
53.651
51.5091
51.5091
53.651
51.5091
53.651
51.5091
51.5091
53.651
51.5091
51.5091
53.651
51.5091
53.651
51.5091
51.5091
53.651
51.5091
51.5091
53.651
51.5091
53.651
51.5091
51.5091
53.651
51.5091
51.5091
53.651
51.5091
53.651
51.5091
53.651
51.5091
51.5091
53.651
51.5091
53.651
51.5091
51.5091
53.651
51.5091
53.651
51.5091
51.5091
53.651
51.5091
51.5091
53.651
51.5091
51.5091
53.651
51.5091
53.651
51.5091
51.5091
53.651
51.5091
51.5091
53.651
51.5091
51.5091
53.651
51.5091
51.5091
53.651
51.5091
51.5091
53.651
51.5091
51.5091
53.651
51.5091
51.5091
53.651
51.5091
51.5091
51.5091
53.651
51.5091
53.651
51.5091
51.5091
53.651
51.5091
51.5091
51.5091
53.651
51.5091
51.5091
53.651
51.5091
51.5091
53.651
51.5091
51.5091
53.651
51.5091
51.5091
53.651
51.5091
51.5091
51.5091
53.651
51.5091
51.5091
53.651
51.5091
51.5091
51.5091
53.651
51.5091
51.5091
51.5091
53.651
51.5091
51.5091
53.651
51.5091
51.5091
51.5091
53.651
51.5091
51.5091
51.5091
53.651
51.5091
51.5091
53.651
51.5091
51.5091
51.5091
53.651
51.5091
51.5091
53.651
51.5091
51.5091
51.5091
53.651
51.5091
51.5091
53.651
51.5091
51.5091
51.5091
53.651
51.5091
51.5091
51.5091
53.651
51.5091
51.5091
51.5091
53.651
51.5091
51.5091
53.651
51.5091
51.5091
51.5091
53.651
51.5091
51.5091
51.5091
53.651
51.5091
51.5091
51.5091
53.651
51.5091
51.5091
51.5091
53.651
51.5091
51.5091
51.5091
53.651
51.5091
51.5091
51.5091
51.5091
51.5091
51.5091
51.5091
51.5091
51.5091
51.5091
51.5091
51.5091
51.5091
51.5091
53.651
51.5091
51.5091
51.5091
51.5091
51.5091
53.651
53.651
51.5091
51.5091
51.5091
53.651
51.5091
51.5091
51.5091
51.5091
53.651
53.651
51.5091
51.5091
51.5091
51.5091
51.5091
51.5091
51.5091
51.5091
51.5091
53.651
51.5091
51.5091
51.5091
51.5091
53.651
53.651
51.5091
51.5091
51.5091
53.651
51.5091
51.5091
51.5091
51.5091
51.5091
53.651
53.651
51.5091
51.5091
53.651
53.651
51.5091
51.5091
51.5091
51.5091
53.651
51.5091
51.5091
51.5091
51.5091
53.651
51.5091
51.5091
51.5091
51.5091
53.651
53.651
51.5091
51.5091
51.5091
51.5091
51.5091
51.5091
51.5091
51.5091
51.5091
53.651
51.5091
51.5091
51.5091
51.5091
51.5091
53.651
51.5091
51.5091
51.5091
51.5091
53.651
51.5091
51.5091
51.5091
51.5091
51.5091
51.5091
53.651
51.5091
51.5091
51.5091
51.5091
51.5091
53.651
51.5091
51.5091
51.5091
51.5091
51.5091
53.651
51.5091
51.5091
51.5091
51.5091
51.5091
51.5091
53.651
51.5091
51.5091
51.5091
51.5091
53.651
51.5091
51.5091
51.5091
51.5091
53.651
51.5091
51.5091
51.5091
53.651
51.5091
51.5091
51.5091
53.651
51.5091
51.5091
51.5091
53.651
51.5091
51.5091
51.5091
51.5091
53.651
51.5091
51.5091
51.5091
51.5091
53.651
51.5091
51.5091
51.5091
51.5091
51.5091
53.651
51.5091
51.5091
51.5091
51.5091
53.651
51.5091
51.5091
51.5091
51.5091
53.651
51.5091
51.5091
51.5091
51.5091
53.651
51.5091
51.5091
51.5091
51.5091
53.651
51.5091
51.5091
51.5091
51.5091
53.651
51.5091
51.5091
51.5091
51.5091
53.651
51.5091
51.5091
51.5091
51.5091
51.5091
53.651
51.5091
51.5091
51.5091
51.5091
53.651
51.5091
51.5091
51.5091
51.5091
53.651
51.5091
51.5091
51.5091
51.5091
53.651
51.5091
51.5091
51.5091
51.5091
53.651
51.5091
51.5091
51.5091
51.5091
53.651
51.5091
51.5091
51.5091
51.5091
53.651
51.5091
51.5091
51.5091
51.5091
53.651
51.5091
51.5091
51.5091
51.5091
53.651
51.5091
51.5091
51.5091
53.651
51.5091
51.5091
51.5091
51.5091
53.651
51.5091
51.5091
51.5091
51.5091
53.651
51.5091
51.5091
51.5091
51.5091
51.5091
51.5091
51.5091
51.5091
51.5091
51.5091
51.5091
53.651
51.5091
51.5091
51.5091
51.5091
51.5091
51.5091
51.5091
51.5091
51.5091
51.5091
53.651
51.5091
51.5091
51.5091
51.5091
53.651
51.5091
51.5091
51.5091
51.5091
51.5091
53.651
51.5091
51.5091
51.5091
51.5091
53.651
51.5091
51.5091
51.5091
51.5091
51.5091
53.651
51.5091
51.5091
51.5091
51.5091
53.651
51.5091
51.5091
51.5091
51.5091
51.5091
53.651
51.5091
51.5091
51.5091
51.5091
51.5091
51.5091
51.5091
53.651
51.5091
51.5091
51.5091
51.5091
51.5091
53.651
51.5091
51.5091
51.5091
51.5091
51.5091
51.5091
53.651
51.5091
51.5091
51.5091
51.5091
51.5091
51.5091
51.5091
51.5091
53.651
51.5091
51.5091
51.5091
51.5091
51.5091
51.5091
51.5091
51.5091
51.5091
53.651
51.5091
51.5091
51.5091
51.5091
51.5091
51.5091
51.5091
51.5091
51.5091
51.5091
51.5091
51.5091
51.5091
51.5091
51.5091
51.5091
51.5091
51.5091
51.5091
51.5091
51.5091
51.5091
51.5091
51.5091
51.5091
51.5091
51.5091
51.5091
51.5091
51.5091
51.5091
51.5091
51.5091
51.5091
51.5091
51.5091
51.5091
51.5091
51.5091
51.5091
51.5091
51.5091
51.5091
51.5091
51.5091
51.5091
51.5091
51.5091
51.5091
51.5091
51.5091
51.5091
51.5091
51.5091
51.5091
51.5091
51.5091
51.5091
51.5091
51.5091
51.5091
51.5091
51.5091
51.5091
51.5091
53.651
51.5091
51.5091
49.3672
49.3672
51.5091
51.5091
51.5091
51.5091
51.5091
51.5091
51.5091
51.5091
51.5091
51.5091
51.5091
51.5091
51.5091
51.5091
51.5091
51.5091
51.5091
51.5091
51.5091
51.5091
51.5091
51.5091
51.5091
51.5091
51.5091
51.5091
51.5091
51.5091
51.5091
51.5091
51.5091
51.5091
51.5091
51.5091
51.5091
51.5091
51.5091
51.5091
51.5091
51.5091
51.5091
51.5091
51.5091
51.5091
51.5091
51.5091
51.5091
51.5091
51.5091
51.5091
51.5091
51.5091
51.5091
51.5091
51.5091
51.5091
51.5091
51.5091
51.5091
51.5091
51.5091
51.5091
51.5091
51.5091
51.5091
51.5091
51.5091
51.5091
51.5091
51.5091
51.5091
51.5091
51.5091
51.5091
51.5091
51.5091
51.5091
51.5091
51.5091
51.5091
51.5091
51.5091
51.5091
51.5091
51.5091
51.5091
51.5091
51.5091
51.5091
51.5091
51.5091
51.5091
51.5091
51.5091
51.5091
51.5091
51.5091
51.5091
51.5091
49.3672
51.5091
51.5091
51.5091
51.5091
51.5091
51.5091
21.522
0
0
0
0
0
0
0
0
0
0
0
0
0
0
0
0
0
0
0
0
0
0
0
0
0
0
0
0
0
0
0
0
0
0
0
0
0
0
0
0
0
0
0
0
0
0
0
0
0
0
0
0
0
0
0
0
0
0
0
0
0
0
0
0
0
0
0
0
0
0
0
0
0
0
0
0
0
0
0
0
0
0
0
0
0
0
0
0
0
0
0
0
0
0
0
0
0
0
0
0
0
0
0
0
0
0
0
0
0
0
0
0
0
0
0
0
0
0
0
0
0
0
0
0
0
0
0
0
0
0
0
0
0
0
0
0
0
0
0
0
0
0
0
0
0
0
0
0
0
0
0
0
0
0
0
0
0
0
0
0
0
0
0
0
0
0
0
0
0
0
0
0
0
0
0
0
0
0
0
0
0
0
0
0
0
0
0
0
0
0
0
0
0
0
0
0
0
0
0
0
0
0
0
0
0
0
0
0
0
0
0
0
0
0
0
0
0
0
0
0
0
0
0
0
0
0
0
0
0
0
0
0
0
0
0
0
0
0
0
0
0
0
0
0
0
0
0
0
0
0
0
0
0
0
0
0
0
0
0
0
0
0
0
0
0
0
0
0
0
0
0
0
0
0
0
0
0
0
0
0
0
0
0
0
0
0
0
0
0
0
0
0
0
0
0
0
0
0
0
0
0
0
0
0
0
0
0
0
0
0
0
0
0
0
0
0
0
0
0
0
0
0
0
0
0
0
0
0
0
0
0
0
0
0
0
0
0
0
0
0
0
0
0
0
0
0
0
0
0
0
0
0
0
0
0
0
0
0
0
0
0
0
0
0
0
0
0
0
0
0
0
0
0
0
0
0
0
0
0
0
0
0
0
0
0
0
0
0
0
0
0
0
0
0
0
0
0
0
0
0
0
0
0
0
0
0
0
0
0
0
0
0
0
0
0
0
0
0
0
0
0
0
0
0
0
0
0
0
0
0
0
0
0
0
0
0
0
0
0
0
0
0
0
0
0
0
0
0
0
0
0
0
0
0
0
0
0
0
0
0
0
0
0
0
0
0
0
0
0
0
0
0
0
0
0
0
0
0
0
0
0
0
0
0
0
0
0
0
0
0
0
0
0
0
0
0
0
0
0
0
0
0
0
0
0
0
0
0
0
0
0
0
0
0
0
0
0
0
0
0
0
0
0
0
0
0
0
0
0
0
0
0
0
0
0
0
0
0
0
0
0
0
0
0
0
0
0
0
0
0
0
0
0
0
0
0
0
0
0
0
0
0
0
0
0
0
0
0
0
0
0
0
0
0
0
0
0
0
0
0
0
0
0
0
0
0
0
0
0
0
0
0
0
0
0
0
0
0
0
0
0
0
0
0
0
0
0
0
0
0
0
0
0
0
0
0
0
0
0
0
0
0
0
0
0
0
0
0
0
0
0
0
0
0
0
0
0
0
0
0
0
0
0
0
0
0
0
0
0
0
0
0
0
0
0
0
0
0
0
0
0
0
0
0
0
0
0
0
0
0
0
0
0
0
0
0
0
0
0
0
0
0
0
0
0
0
0
0
0
0
0
0
0
0
0
0
0
0
0
0
0
0
0
0
0
0
0
0
0
0
0
0
0
0
0
0
0
0
0
0
0
0
0
0
0
0
0
0
0
0
0
0
0
0
0
0
0
0
0
0
0
0
0
0
0
0
0
0
0
0
0
0
0
0
0
0
0
0
0
0
0
0
0
0
0
0
0
0
0
0
0
0
0
0
0
0
0
0
0
0
0
0
0
0
0
0
0
0
0
0
0
0
0
0
0
0
0
0
0
0
0
0
0
0
0
0
0
0
0
0
0
0
0
0
0
0
0
0
0
0
0
0
0
0
0
0
0
0
0
0
0
0
0
0
0
0
0
0
0
0
0
0
0
0
0
0
0
0
0
0
0
0
0
0
0
0
0
0
0
0
0
0
0
0
0
0
0
0
0
0
0
0
0
0
0
0
0
0
0
0
0
0
0
0
0
0
0
0
0
0
0
0
0
0
0
0
0
0
0
0
0
0
0
0
0
0
0
0
0
0
0
0
0
0
0
0
0
0
0
0
0
0
0
0
0
0
0
0
338.46
338.46
338.46
479.749
77.2112
77.2112
77.2112
66.5021
66.5021
66.5021
66.5021
64.3603
64.3603
64.3603
64.3603
64.3603
62.2185
64.3603
64.3603
62.2185
62.2185
62.2185
62.2185
62.2185
62.2185
62.2185
62.2185
62.2185
62.2185
62.2185
62.2185
62.2185
62.2185
62.2185
62.2185
62.2185
62.2185
62.2185
60.0766
62.2185
62.2185
62.2185
62.2185
60.0766
60.0766
62.2185
60.0766
62.2185
62.2185
60.0766
60.0766
60.0766
60.0766
60.0766
57.9347
60.0766
60.0766
57.9347
57.9347
57.9347
55.7929
57.9347
57.9347
57.9347
57.9347
55.7929
55.7929
55.7929
57.9347
57.9347
57.9347
57.9347
57.9347
57.9347
57.9347
55.7929
55.7929
55.7929
55.7929
55.7929
55.7929
55.7929
55.7929
55.7929
55.7929
57.9347
57.9347
55.7929
55.7929
55.7929
55.7929
55.7929
55.7929
55.7929
55.7929
55.7929
55.7929
57.9347
55.7929
55.7929
55.7929
55.7929
55.7929
55.7929
55.7929
55.7929
55.7929
55.7929
55.7929
55.7929
55.7929
55.7929
55.7929
55.7929
55.7929
55.7929
55.7929
55.7929
55.7929
55.7929
55.7929
55.7929
55.7929
55.7929
55.7929
53.651
53.651
53.651
55.7929
55.7929
55.7929
55.7929
55.7929
55.7929
55.7929
55.7929
55.7929
55.7929
53.651
55.7929
55.7929
55.7929
55.7929
55.7929
55.7929
53.651
55.7929
55.7929
55.7929
55.7929
53.651
53.651
55.7929
55.7929
55.7929
55.7929
55.7929
53.651
53.651
53.651
55.7929
53.651
53.651
53.651
53.651
53.651
53.651
55.7929
55.7929
55.7929
55.7929
55.7929
53.651
53.651
53.651
53.651
55.7929
55.7929
55.7929
55.7929
53.651
53.651
53.651
55.7929
53.651
53.651
55.7929
55.7929
55.7929
55.7929
55.7929
55.7929
53.651
53.651
53.651
53.651
55.7929
55.7929
55.7929
53.651
53.651
53.651
53.651
53.651
53.651
53.651
53.651
53.651
55.7929
53.651
53.651
53.651
55.7929
53.651
53.651
55.7929
53.651
53.651
53.651
55.7929
55.7929
55.7929
53.651
53.651
53.651
53.651
55.7929
53.651
53.651
53.651
53.651
53.651
53.651
55.7929
53.651
53.651
53.651
53.651
53.651
53.651
53.651
53.651
53.651
53.651
53.651
51.5091
51.5091
51.5091
53.651
53.651
53.651
53.651
53.651
53.651
53.651
53.651
51.5091
53.651
53.651
55.7929
53.651
53.651
53.651
53.651
53.651
53.651
53.651
53.651
53.651
53.651
53.651
51.5091
51.5091
53.651
53.651
53.651
53.651
53.651
53.651
53.651
53.651
53.651
53.651
53.651
53.651
53.651
53.651
53.651
53.651
53.651
51.5091
51.5091
53.651
53.651
53.651
53.651
53.651
53.651
53.651
53.651
53.651
53.651
53.651
53.651
53.651
53.651
53.651
53.651
53.651
53.651
53.651
53.651
53.651
53.651
53.651
53.651
51.5091
51.5091
51.5091
53.651
53.651
51.5091
51.5091
53.651
53.651
53.651
51.5091
53.651
53.651
53.651
51.5091
53.651
53.651
53.651
53.651
53.651
53.651
53.651
53.651
53.651
51.5091
53.651
53.651
53.651
53.651
53.651
53.651
53.651
51.5091
51.5091
51.5091
53.651
53.651
53.651
51.5091
53.651
53.651
53.651
53.651
51.5091
51.5091
53.651
53.651
53.651
51.5091
53.651
53.651
53.651
53.651
53.651
53.651
53.651
53.651
53.651
53.651
53.651
53.651
51.5091
51.5091
51.5091
53.651
53.651
51.5091
51.5091
51.5091
51.5091
53.651
51.5091
51.5091
51.5091
53.651
51.5091
51.5091
53.651
53.651
53.651
53.651
51.5091
53.651
53.651
53.651
51.5091
51.5091
51.5091
53.651
51.5091
51.5091
51.5091
53.651
53.651
51.5091
53.651
51.5091
51.5091
51.5091
53.651
51.5091
51.5091
51.5091
51.5091
51.5091
51.5091
51.5091
51.5091
51.5091
51.5091
53.651
53.651
53.651
53.651
53.651
51.5091
51.5091
51.5091
53.651
51.5091
51.5091
51.5091
53.651
51.5091
53.651
53.651
53.651
53.651
53.651
51.5091
53.651
51.5091
51.5091
51.5091
53.651
53.651
51.5091
53.651
53.651
53.651
53.651
53.651
53.651
53.651
51.5091
51.5091
51.5091
53.651
51.5091
51.5091
51.5091
53.651
53.651
53.651
51.5091
53.651
53.651
51.5091
53.651
53.651
53.651
51.5091
51.5091
51.5091
53.651
53.651
53.651
53.651
51.5091
51.5091
51.5091
51.5091
51.5091
51.5091
53.651
53.651
53.651
53.651
53.651
53.651
53.651
53.651
53.651
53.651
53.651
53.651
51.5091
51.5091
53.651
51.5091
51.5091
51.5091
51.5091
53.651
53.651
53.651
51.5091
51.5091
53.651
51.5091
51.5091
53.651
53.651
53.651
51.5091
51.5091
53.651
51.5091
51.5091
53.651
51.5091
51.5091
51.5091
51.5091
53.651
51.5091
51.5091
53.651
53.651
51.5091
51.5091
51.5091
51.5091
51.5091
51.5091
51.5091
51.5091
51.5091
51.5091
51.5091
51.5091
51.5091
51.5091
51.5091
51.5091
51.5091
51.5091
51.5091
51.5091
51.5091
51.5091
53.651
51.5091
51.5091
51.5091
51.5091
51.5091
51.5091
51.5091
51.5091
53.651
53.651
51.5091
53.651
53.651
53.651
53.651
53.651
53.651
51.5091
53.651
51.5091
51.5091
53.651
51.5091
51.5091
51.5091
53.651
51.5091
51.5091
51.5091
51.5091
51.5091
51.5091
53.651
51.5091
53.651
53.651
51.5091
51.5091
51.5091
53.651
53.651
51.5091
53.651
53.651
51.5091
53.651
51.5091
51.5091
51.5091
51.5091
51.5091
51.5091
51.5091
53.651
51.5091
51.5091
51.5091
51.5091
51.5091
51.5091
53.651
53.651
51.5091
51.5091
53.651
53.651
51.5091
53.651
53.651
53.651
51.5091
53.651
53.651
51.5091
51.5091
53.651
53.651
51.5091
53.651
53.651
51.5091
53.651
53.651
53.651
51.5091
53.651
51.5091
51.5091
53.651
51.5091
51.5091
51.5091
51.5091
51.5091
51.5091
51.5091
51.5091
51.5091
51.5091
51.5091
51.5091
51.5091
51.5091
51.5091
51.5091
51.5091
51.5091
51.5091
51.5091
51.5091
53.651
53.651
51.5091
51.5091
51.5091
51.5091
51.5091
51.5091
51.5091
51.5091
53.651
53.651
51.5091
51.5091
51.5091
53.651
53.651
51.5091
53.651
53.651
53.651
51.5091
51.5091
53.651
53.651
51.5091
51.5091
51.5091
51.5091
51.5091
53.651
53.651
51.5091
53.651
53.651
51.5091
51.5091
51.5091
51.5091
51.5091
51.5091
53.651
53.651
51.5091
51.5091
53.651
53.651
51.5091
51.5091
51.5091
51.5091
51.5091
53.651
53.651
51.5091
51.5091
51.5091
53.651
51.5091
51.5091
51.5091
51.5091
51.5091
51.5091
51.5091
51.5091
51.5091
51.5091
51.5091
53.651
53.651
53.651
51.5091
51.5091
51.5091
51.5091
53.651
53.651
51.5091
51.5091
53.651
53.651
51.5091
51.5091
51.5091
51.5091
51.5091
53.651
53.651
51.5091
51.5091
53.651
53.651
51.5091
51.5091
51.5091
51.5091
51.5091
51.5091
51.5091
53.651
51.5091
51.5091
51.5091
53.651
51.5091
51.5091
51.5091
51.5091
53.651
51.5091
51.5091
51.5091
51.5091
51.5091
51.5091
51.5091
51.5091
51.5091
51.5091
53.651
53.651
51.5091
53.651
53.651
51.5091
51.5091
51.5091
51.5091
51.5091
51.5091
51.5091
51.5091
51.5091
51.5091
51.5091
51.5091
51.5091
51.5091
51.5091
53.651
53.651
51.5091
51.5091
51.5091
51.5091
51.5091
51.5091
51.5091
53.651
51.5091
51.5091
51.5091
51.5091
51.5091
51.5091
51.5091
51.5091
51.5091
51.5091
51.5091
51.5091
51.5091
51.5091
51.5091
51.5091
51.5091
51.5091
51.5091
51.5091
51.5091
51.5091
51.5091
51.5091
51.5091
51.5091
51.5091
51.5091
51.5091
51.5091
53.651
51.5091
51.5091
51.5091
53.651
53.651
51.5091
51.5091
51.5091
51.5091
51.5091
53.651
51.5091
51.5091
51.5091
51.5091
51.5091
53.651
53.651
51.5091
53.651
53.651
53.651
51.5091
51.5091
51.5091
53.651
51.5091
51.5091
51.5091
51.5091
53.651
51.5091
51.5091
51.5091
53.651
51.5091
51.5091
51.5091
53.651
53.651
51.5091
51.5091
51.5091
51.5091
53.651
51.5091
51.5091
51.5091
51.5091
51.5091
51.5091
51.5091
51.5091
51.5091
51.5091
51.5091
51.5091
51.5091
51.5091
53.651
51.5091
51.5091
51.5091
51.5091
51.5091
51.5091
51.5091
51.5091
51.5091
51.5091
51.5091
51.5091
51.5091
53.651
51.5091
51.5091
51.5091
53.651
53.651
53.651
51.5091
51.5091
51.5091
51.5091
53.651
51.5091
51.5091
51.5091
51.5091
51.5091
51.5091
51.5091
51.5091
51.5091
51.5091
53.651
53.651
51.5091
51.5091
51.5091
51.5091
51.5091
53.651
51.5091
51.5091
51.5091
51.5091
51.5091
51.5091
51.5091
53.651
53.651
51.5091
51.5091
51.5091
51.5091
51.5091
51.5091
51.5091
51.5091
51.5091
51.5091
51.5091
51.5091
51.5091
53.651
53.651
51.5091
51.5091
51.5091
51.5091
51.5091
51.5091
51.5091
51.5091
51.5091
51.5091
51.5091
51.5091
51.5091
51.5091
51.5091
51.5091
51.5091
51.5091
51.5091
51.5091
51.5091
51.5091
51.5091
51.5091
53.651
51.5091
51.5091
51.5091
51.5091
51.5091
51.5091
51.5091
51.5091
51.5091
51.5091
51.5091
51.5091
51.5091
51.5091
51.5091
51.5091
51.5091
51.5091
51.5091
51.5091
51.5091
51.5091
51.5091
51.5091
51.5091
51.5091
53.651
51.5091
51.5091
51.5091
51.5091
51.5091
51.5091
51.5091
51.5091
51.5091
51.5091
51.5091
51.5091
51.5091
51.5091
51.5091
51.5091
51.5091
51.5091
51.5091
51.5091
51.5091
53.651
53.651
51.5091
51.5091
51.5091
51.5091
51.5091
51.5091
51.5091
51.5091
51.5091
51.5091
51.5091
51.5091
51.5091
51.5091
51.5091
51.5091
51.5091
51.5091
51.5091
51.5091
51.5091
51.5091
51.5091
51.5091
51.5091
51.5091
51.5091
51.5091
51.5091
51.5091
51.5091
51.5091
51.5091
51.5091
51.5091
51.5091
51.5091
51.5091
51.5091
51.5091
51.5091
51.5091
51.5091
51.5091
51.5091
51.5091
53.651
53.651
51.5091
51.5091
51.5091
51.5091
51.5091
51.5091
51.5091
51.5091
51.5091
51.5091
51.5091
51.5091
51.5091
51.5091
51.5091
51.5091
51.5091
51.5091
51.5091
51.5091
49.3672
51.5091
51.5091
51.5091
51.5091
51.5091
51.5091
51.5091
53.651
53.651
51.5091
51.5091
51.5091
51.5091
51.5091
51.5091
51.5091
51.5091
51.5091
51.5091
51.5091
51.5091
51.5091
51.5091
51.5091
51.5091
51.5091
51.5091
51.5091
51.5091
51.5091
51.5091
51.5091
51.5091
51.5091
51.5091
51.5091
51.5091
51.5091
51.5091
51.5091
51.5091
51.5091
51.5091
51.5091
51.5091
51.5091
51.5091
51.5091
51.5091
51.5091
51.5091
51.5091
51.5091
51.5091
51.5091
49.3672
51.5091
51.5091
51.5091
51.5091
51.5091
51.5091
51.5091
51.5091
51.5091
51.5091
51.5091
51.5091
51.5091
51.5091
51.5091
51.5091
51.5091
51.5091
51.5091
51.5091
51.5091
51.5091
49.3672
51.5091
51.5091
51.5091
51.5091
51.5091
51.5091
51.5091
51.5091
51.5091
51.5091
51.5091
51.5091
51.5091
51.5091
51.5091
51.5091
51.5091
49.3672
51.5091
51.5091
51.5091
51.5091
51.5091
51.5091
49.3672
51.5091
51.5091
4.38596
0
0
0
0
0
0
0
0
0
0
0
0
0
0
0
0
0
0
0
0
0
0
0
0
0
0
0
0
0
0
0
0
0
0
0
0
0
0
0
0
0
0
0
0
0
0
0
0
0
0
0
0
0
0
0
0
0
0
0
0
0
0
0
0
0
0
0
0
0
0
0
0
0
0
0
0
0
0
0
0
0
0
0
0
0
0
0
0
0
0
0
0
0
0
0
0
0
0
0
0
0
0
0
0
0
0
0
0
0
0
0
0
0
0
0
0
0
0
0
0
0
0
0
0
0
0
0
0
0
0
0
0
0
0
0
0
0
0
0
0
0
0
0
0
0
0
0
0
0
0
0
0
0
0
0
0
0
0
0
0
0
0
0
0
0
0
0
0
0
0
0
0
0
0
0
0
0
0
0
0
0
0
0
0
0
0
0
0
0
0
0
0
0
0
0
0
0
0
0
0
0
0
0
0
0
0
0
0
0
0
0
0
0
0
0
0
0
0
0
0
0
0
0
0
0
0
0
0
0
0
0
0
0
0
0
0
0
0
0
0
0
0
0
0
0
0
0
0
0
0
0
0
0
0
0
0
0
0
0
0
0
0
0
0
0
0
0
0
0
0
0
0
0
0
0
0
0
0
0
0
0
0
0
0
0
0
0
0
0
0
0
0
0
0
0
0
0
0
0
0
0
0
0
0
0
0
0
0
0
0
0
0
0
0
0
0
0
0
0
0
0
0
0
0
0
0
0
0
0
0
0
0
0
0
0
0
0
0
0
0
0
0
0
0
0
0
0
0
0
0
0
0
0
0
0
0
0
0
0
0
0
0
0
0
0
0
0
0
0
0
0
0
0
0
0
0
0
0
0
0
0
0
0
0
0
0
0
0
0
0
0
0
0
0
0
0
0
0
0
0
0
0
0
0
0
0
0
0
0
0
0
0
0
0
0
0
0
0
0
0
0
0
0
0
0
0
0
0
0
0
0
0
0
0
0
0
0
0
0
0
0
0
0
0
0
0
0
0
0
0
0
0
0
0
0
0
0
0
0
0
0
0
0
0
0
0
0
0
0
0
0
0
0
0
0
0
0
0
0
0
0
0
0
0
0
0
0
0
0
0
0
0
0
0
0
0
0
0
0
0
0
0
0
0
0
0
0
0
0
0
0
0
0
0
0
0
0
0
0
0
0
0
0
0
0
0
0
0
0
0
0
0
0
0
0
0
0
0
0
0
0
0
0
0
0
0
0
0
0
0
0
0
0
0
0
0
0
0
0
0
0
0
0
0
0
0
0
0
0
0
0
2.24392
0
0
0
0
0
0
0
0
0
0
0
0
0
0
0
0
0
0
0
0
0
0
0
0
0
0
0
0
0
0
0
0
0
0
0
0
0
0
0
0
0
0
0
0
0
0
0
0
0
0
0
0
0
0
0
0
0
0
0
0
0
0
0
0
0
0
0
0
0
0
0
0
0
0
0
0
0
0
0
0
0
0
0
0
0
0
0
0
0
0
0
0
0
0
0
0
0
0
0
0
0
0
0
0
0
0
0
0
0
0
0
0
0
0
0
0
0
0
0
0
0
0
0
0
0
0
0
0
0
0
0
0
0
0
0
0
0
0
0
0
0
0
0
0
0
0
0
0
0
0
0
0
2.24392
0
0
0
0
0
0
0
0
0
0
0
0
0
0
0
0
0
0
0
0
0
0
0
0
0
0
0
0
0
0
0
0
0
0
0
0
0
0
0
0
0
0
0
0
0
0
0
0
0
0
0
0
0
0
0
0
0
0
0
0
0
0
0
0
0
0
0
0
0
0
0
0
0
0
0
0
0
0
0
0
0
0
0
0
0
0
0
0
0
0
0
0
0
0
0
0
0
0
0
0
0
0
0
0
0
0
0
0
0
0
0
0
0
0
0
0
0
0
0
0
0
0
0
0
0
0
0
0
0
0
0
0
0
0
0
0
0
0
0
0
0
0
0
0
0
0
0
0
0
0
0
0
0
0
0
0
0
0
0
0
0
0
0
0
0
0
0
0
0
0
0
0
0
0
0
0
0
0
0
0
0
0
0
0
0
0
0
0
0
0
0
0
0
0
0
0
0
0
0
0
0
0
0
0
0
0
0
0
0
0
0
0
0
0
0
0
0
0
0
0
0
336.319
856.373
496.873
87.9202
77.2112
70.7858
68.644
66.5021
64.3603
66.5021
62.2185
64.3603
64.3603
62.2185
64.3603
62.2185
62.2185
64.3603
62.2185
62.2185
62.2185
64.3603
62.2185
62.2185
62.2185
62.2185
62.2185
62.2185
62.2185
62.2185
62.2185
62.2185
62.2185
62.2185
60.0766
62.2185
62.2185
62.2185
60.0766
62.2185
62.2185
60.0766
62.2185
60.0766
60.0766
62.2185
60.0766
60.0766
60.0766
60.0766
60.0766
57.9347
60.0766
57.9347
57.9347
60.0766
55.7929
57.9347
57.9347
57.9347
55.7929
57.9347
55.7929
57.9347
57.9347
57.9347
57.9347
57.9347
55.7929
57.9347
57.9347
55.7929
57.9347
55.7929
57.9347
55.7929
55.7929
55.7929
55.7929
55.7929
55.7929
55.7929
55.7929
55.7929
55.7929
57.9347
55.7929
55.7929
55.7929
55.7929
55.7929
57.9347
55.7929
55.7929
55.7929
55.7929
55.7929
55.7929
55.7929
55.7929
55.7929
55.7929
55.7929
55.7929
55.7929
55.7929
55.7929
55.7929
57.9347
55.7929
55.7929
55.7929
55.7929
55.7929
55.7929
57.9347
55.7929
55.7929
55.7929
55.7929
55.7929
55.7929
55.7929
55.7929
55.7929
55.7929
53.651
55.7929
55.7929
55.7929
55.7929
55.7929
55.7929
55.7929
55.7929
55.7929
55.7929
55.7929
55.7929
55.7929
55.7929
55.7929
55.7929
55.7929
55.7929
55.7929
55.7929
53.651
55.7929
55.7929
55.7929
55.7929
55.7929
55.7929
53.651
55.7929
55.7929
55.7929
55.7929
53.651
55.7929
55.7929
55.7929
55.7929
55.7929
55.7929
53.651
55.7929
55.7929
55.7929
55.7929
53.651
55.7929
55.7929
55.7929
53.651
55.7929
55.7929
53.651
55.7929
55.7929
53.651
55.7929
55.7929
53.651
55.7929
53.651
55.7929
55.7929
53.651
55.7929
53.651
55.7929
55.7929
53.651
55.7929
53.651
55.7929
53.651
55.7929
53.651
55.7929
53.651
55.7929
53.651
55.7929
53.651
55.7929
53.651
53.651
55.7929
53.651
53.651
55.7929
53.651
53.651
55.7929
53.651
55.7929
53.651
55.7929
53.651
53.651
55.7929
53.651
53.651
55.7929
53.651
53.651
53.651
55.7929
53.651
53.651
53.651
55.7929
53.651
53.651
53.651
53.651
53.651
53.651
55.7929
53.651
53.651
53.651
53.651
53.651
53.651
53.651
55.7929
53.651
53.651
53.651
53.651
53.651
53.651
55.7929
53.651
53.651
53.651
53.651
53.651
53.651
53.651
53.651
53.651
53.651
53.651
53.651
53.651
53.651
53.651
53.651
53.651
55.7929
53.651
53.651
53.651
51.5091
55.7929
51.5091
53.651
53.651
53.651
53.651
53.651
53.651
53.651
53.651
53.651
53.651
53.651
53.651
53.651
53.651
53.651
53.651
53.651
51.5091
53.651
53.651
53.651
53.651
53.651
53.651
53.651
51.5091
53.651
53.651
53.651
53.651
51.5091
53.651
53.651
53.651
53.651
53.651
53.651
53.651
53.651
53.651
51.5091
53.651
53.651
53.651
53.651
53.651
51.5091
53.651
53.651
53.651
51.5091
53.651
53.651
53.651
51.5091
53.651
53.651
53.651
51.5091
53.651
53.651
53.651
51.5091
53.651
53.651
51.5091
51.5091
53.651
53.651
51.5091
53.651
53.651
51.5091
53.651
51.5091
51.5091
53.651
53.651
51.5091
53.651
53.651
53.651
51.5091
53.651
53.651
51.5091
53.651
53.651
51.5091
53.651
53.651
51.5091
53.651
53.651
51.5091
53.651
53.651
51.5091
53.651
53.651
51.5091
53.651
53.651
51.5091
53.651
51.5091
53.651
53.651
51.5091
53.651
51.5091
53.651
51.5091
53.651
53.651
51.5091
53.651
51.5091
53.651
53.651
51.5091
53.651
51.5091
53.651
51.5091
53.651
51.5091
51.5091
53.651
51.5091
53.651
53.651
51.5091
53.651
51.5091
53.651
51.5091
53.651
51.5091
53.651
53.651
51.5091
53.651
51.5091
53.651
51.5091
53.651
51.5091
53.651
51.5091
53.651
51.5091
53.651
51.5091
53.651
51.5091
53.651
51.5091
53.651
51.5091
53.651
53.651
51.5091
53.651
51.5091
53.651
51.5091
53.651
51.5091
53.651
51.5091
53.651
51.5091
53.651
51.5091
53.651
51.5091
53.651
51.5091
53.651
51.5091
53.651
51.5091
53.651
51.5091
53.651
51.5091
53.651
51.5091
53.651
51.5091
51.5091
53.651
51.5091
53.651
51.5091
53.651
51.5091
53.651
51.5091
53.651
51.5091
53.651
51.5091
53.651
51.5091
53.651
51.5091
53.651
51.5091
51.5091
53.651
51.5091
53.651
51.5091
53.651
51.5091
53.651
51.5091
51.5091
53.651
51.5091
53.651
51.5091
51.5091
53.651
51.5091
53.651
51.5091
51.5091
53.651
51.5091
51.5091
53.651
51.5091
53.651
51.5091
51.5091
53.651
51.5091
53.651
51.5091
51.5091
53.651
51.5091
53.651
51.5091
53.651
51.5091
51.5091
53.651
51.5091
53.651
51.5091
51.5091
53.651
51.5091
53.651
51.5091
51.5091
53.651
51.5091
53.651
51.5091
51.5091
53.651
51.5091
51.5091
53.651
51.5091
51.5091
53.651
51.5091
53.651
51.5091
51.5091
53.651
51.5091
51.5091
53.651
51.5091
51.5091
53.651
51.5091
53.651
51.5091
51.5091
53.651
51.5091
51.5091
53.651
51.5091
51.5091
53.651
51.5091
53.651
51.5091
51.5091
53.651
51.5091
51.5091
53.651
51.5091
51.5091
53.651
51.5091
51.5091
53.651
51.5091
51.5091
53.651
51.5091
51.5091
53.651
51.5091
51.5091
53.651
51.5091
51.5091
53.651
51.5091
51.5091
51.5091
53.651
51.5091
51.5091
53.651
51.5091
51.5091
53.651
51.5091
51.5091
51.5091
53.651
51.5091
51.5091
51.5091
53.651
51.5091
51.5091
53.651
51.5091
51.5091
51.5091
53.651
51.5091
51.5091
51.5091
53.651
51.5091
51.5091
51.5091
53.651
51.5091
51.5091
51.5091
53.651
51.5091
51.5091
51.5091
53.651
51.5091
51.5091
51.5091
53.651
51.5091
51.5091
51.5091
53.651
51.5091
51.5091
51.5091
51.5091
53.651
51.5091
51.5091
51.5091
53.651
51.5091
51.5091
53.651
51.5091
51.5091
51.5091
53.651
51.5091
51.5091
51.5091
53.651
51.5091
51.5091
53.651
51.5091
51.5091
51.5091
53.651
51.5091
51.5091
51.5091
53.651
51.5091
51.5091
51.5091
53.651
51.5091
51.5091
53.651
51.5091
51.5091
51.5091
53.651
51.5091
51.5091
51.5091
53.651
51.5091
51.5091
51.5091
53.651
51.5091
51.5091
51.5091
53.651
51.5091
51.5091
51.5091
53.651
51.5091
51.5091
51.5091
53.651
51.5091
51.5091
51.5091
51.5091
53.651
51.5091
51.5091
53.651
51.5091
51.5091
53.651
51.5091
51.5091
51.5091
53.651
51.5091
51.5091
51.5091
53.651
51.5091
51.5091
51.5091
53.651
51.5091
51.5091
51.5091
53.651
51.5091
51.5091
51.5091
53.651
51.5091
51.5091
51.5091
53.651
51.5091
51.5091
51.5091
53.651
51.5091
51.5091
51.5091
53.651
51.5091
51.5091
51.5091
51.5091
53.651
51.5091
51.5091
53.651
51.5091
51.5091
51.5091
51.5091
53.651
51.5091
51.5091
51.5091
53.651
51.5091
51.5091
51.5091
51.5091
53.651
51.5091
51.5091
51.5091
53.651
51.5091
51.5091
51.5091
53.651
51.5091
51.5091
53.651
51.5091
51.5091
51.5091
53.651
51.5091
51.5091
51.5091
51.5091
53.651
51.5091
51.5091
51.5091
53.651
51.5091
51.5091
51.5091
51.5091
53.651
51.5091
51.5091
51.5091
53.651
51.5091
51.5091
51.5091
53.651
51.5091
51.5091
51.5091
51.5091
53.651
51.5091
51.5091
51.5091
51.5091
53.651
51.5091
51.5091
51.5091
53.651
51.5091
51.5091
51.5091
51.5091
53.651
51.5091
51.5091
51.5091
51.5091
53.651
51.5091
51.5091
51.5091
51.5091
51.5091
53.651
51.5091
51.5091
51.5091
51.5091
51.5091
53.651
51.5091
51.5091
51.5091
51.5091
51.5091
53.651
51.5091
51.5091
51.5091
53.651
51.5091
51.5091
51.5091
53.651
51.5091
51.5091
51.5091
51.5091
53.651
51.5091
51.5091
51.5091
51.5091
53.651
51.5091
51.5091
51.5091
53.651
51.5091
51.5091
51.5091
51.5091
53.651
51.5091
51.5091
51.5091
51.5091
53.651
51.5091
51.5091
51.5091
53.651
51.5091
51.5091
51.5091
53.651
51.5091
51.5091
51.5091
53.651
51.5091
51.5091
51.5091
53.651
51.5091
51.5091
51.5091
53.651
51.5091
51.5091
51.5091
53.651
51.5091
51.5091
51.5091
53.651
51.5091
51.5091
51.5091
53.651
51.5091
51.5091
51.5091
51.5091
53.651
51.5091
51.5091
51.5091
53.651
51.5091
51.5091
51.5091
53.651
51.5091
51.5091
51.5091
51.5091
53.651
51.5091
51.5091
51.5091
51.5091
53.651
51.5091
51.5091
51.5091
53.651
51.5091
51.5091
51.5091
51.5091
53.651
51.5091
51.5091
51.5091
53.651
51.5091
51.5091
51.5091
53.651
51.5091
51.5091
51.5091
53.651
51.5091
51.5091
51.5091
53.651
51.5091
51.5091
51.5091
53.651
51.5091
51.5091
51.5091
51.5091
53.651
51.5091
51.5091
51.5091
53.651
51.5091
51.5091
51.5091
53.651
51.5091
51.5091
51.5091
51.5091
53.651
51.5091
51.5091
51.5091
51.5091
51.5091
53.651
51.5091
51.5091
51.5091
51.5091
51.5091
51.5091
53.651
51.5091
51.5091
51.5091
51.5091
53.651
51.5091
51.5091
51.5091
51.5091
53.651
51.5091
51.5091
51.5091
51.5091
53.651
51.5091
51.5091
51.5091
51.5091
53.651
53.651
53.651
51.5091
51.5091
51.5091
53.651
51.5091
51.5091
51.5091
51.5091
53.651
51.5091
51.5091
51.5091
51.5091
53.651
51.5091
51.5091
51.5091
51.5091
51.5091
53.651
51.5091
51.5091
51.5091
51.5091
51.5091
53.651
51.5091
51.5091
51.5091
51.5091
51.5091
51.5091
51.5091
51.5091
51.5091
51.5091
51.5091
51.5091
53.651
53.651
51.5091
51.5091
51.5091
53.651
53.651
51.5091
51.5091
51.5091
51.5091
51.5091
51.5091
53.651
53.651
51.5091
51.5091
51.5091
51.5091
53.651
53.651
51.5091
51.5091
51.5091
51.5091
51.5091
51.5091
53.651
51.5091
51.5091
51.5091
51.5091
51.5091
51.5091
53.651
51.5091
51.5091
51.5091
51.5091
51.5091
51.5091
51.5091
53.651
53.651
51.5091
51.5091
51.5091
51.5091
51.5091
51.5091
51.5091
51.5091
51.5091
51.5091
51.5091
53.651
51.5091
51.5091
51.5091
51.5091
51.5091
51.5091
51.5091
51.5091
51.5091
51.5091
53.651
51.5091
51.5091
51.5091
51.5091
51.5091
51.5091
51.5091
51.5091
51.5091
51.5091
51.5091
51.5091
51.5091
51.5091
51.5091
51.5091
51.5091
51.5091
51.5091
53.651
49.3672
49.3672
51.5091
51.5091
51.5091
51.5091
51.5091
51.5091
51.5091
51.5091
51.5091
51.5091
51.5091
51.5091
51.5091
51.5091
51.5091
51.5091
51.5091
53.651
53.651
51.5091
51.5091
51.5091
51.5091
42.9415
0
0
0
0
0
0
0
0
0
0
0
0
0
0
0
0
0
0
0
0
0
0
0
0
0
0
0
0
0
0
0
0
0
0
0
0
0
0
0
0
0
0
0
0
0
0
0
0
0
0
0
0
0
0
0
0
0
0
0
0
0
0
0
0
0
0
0
0
0
0
0
0
0
0
0
0
0
0
0
0
0
0
0
0
0
0
0
0
0
0
0
0
0
0
0
0
0
0
0
0
0
0
0
0
0
0
0
0
0
0
0
0
0
0
0
0
0
0
0
0
0
0
0
0
0
0
0
0
0
0
0
0
0
0
0
0
0
0
0
0
0
0
0
0
0
0
0
0
0
0
0
0
0
0
0
0
0
0
0
0
0
0
0
0
0
0
0
0
0
0
0
0
0
0
0
0
0
0
0
0
0
0
0
0
0
0
0
0
0
0
0
0
0
0
0
0
0
0
0
0
0
0
0
0
0
0
0
0
0
0
0
0
0
0
0
0
0
0
0
0
0
0
0
0
0
0
0
0
0
0
0
0
0
0
0
0
0
0
0
0
0
0
0
0
0
0
0
0
0
0
0
0
0
0
0
0
0
0
0
0
0
0
0
0
0
0
0
0
0
0
0
0
0
0
0
0
0
0
0
0
0
0
0
0
0
0
0
0
0
0
0
0
0
0
0
0
0
0
0
0
0
0
0
0
0
0
0
0
0
0
0
0
0
0
0
0
0
0
0
0
0
0
0
0
0
0
0
0
0
0
0
0
0
0
0
0
0
0
0
0
0
0
0
0
0
0
0
0
0
0
0
0
0
0
0
0
0
0
0
0
0
0
0
0
0
0
0
0
0
0
0
0
0
0
0
0
0
0
0
0
0
0
0
0
0
0
0
0
0
0
0
0
0
0
0
0
0
0
0
0
0
0
0
0
0
0
0
0
0
0
0
0
0
0
0
0
0
0
0
0
0
0
0
0
0
0
0
0
0
0
0
0
0
0
0
0
0
0
0
0
0
0
0
0
0
0
0
0
0
0
0
0
0
0
0
0
0
0
0
0
0
0
0
0
0
0
0
0
0
0
0
0
0
0
0
0
0
0
0
0
0
0
0
0
0
0
0
0
0
0
0
0
0
0
0
0
0
0
0
0
0
0
0
0
0
0
0
0
0
0
0
0
0
0
0
0
0
0
0
0
0
0
0
0
0
0
0
0
0
0
0
0
0
0
0
0
0
0
0
0
0
0
0
0
0
0
0
0
0
0
0
0
0
0
0
0
0
0
0
0
0
0
0
0
0
0
0
0
0
0
0
0
0
0
0
0
0
0
0
0
0
0
0
0
0
0
0
0
0
0
0
0
0
0
0
0
0
0
0
0
0
0
0
0
0
0
0
0
0
0
0
0
0
0
0
0
0
0
0
0
0
0
0
0
0
0
0
0
0
0
0
0
0
0
0
0
0
0
0
0
0
0
0
0
0
0
0
0
0
0
0
0
0
0
0
0
0
0
0
0
0
0
0
0
0
0
0
0
0
0
0
0
0
0
0
0
0
0
0
0
0
0
0
0
0
0
0
0
0
0
0
0
0
0
0
0
0
0
0
0
0
0
0
0
0
0
0
0
0
0
0
0
0
0
0
0
0
0
0
0
0
0
0
0
0
0
0
0
0
0
0
0
0
0
0
0
0
0
0
0
0
0
0
0
0
0
0
0
0
0
0
0
0
0
0
0
0
0
0
0
0
0
0
0
0
0
0
0
0
0
0
0
0
0
0
0
0
0
0
0
0
0
0
0
0
0
0
0
0
0
0
0
0
0
0
0
0
0
0
0
0
0
0
0
0
0
0
0
0
0
0
0
0
0
0
0
0
0
0
0
0
0
0
0
0
0
0
0
0
0
0
0
0
0
0
0
0
0
0
0
0
0
0
0
0
0
0
0
0
0
0
0
0
0
0
0
0
0
0
0
0
0
0
0
0
0
0
0
0
0
0
0
0
0
0
0
0
0
0
0
0
0
0
0
0
0
0
0
0
0
0
0
0
0
0
0
0
0
0
0
0
0
0
0
0
0
0
0
0
0
0
0
0
0
0
0
0
0
0
0
0
0
0
0
0
0
0
0
0
0
0
0
0
0
0
0
659.528
659.528
659.528
79.353
68.644
68.644
68.644
64.3603
64.3603
64.3603
64.3603
64.3603
64.3603
64.3603
64.3603
64.3603
62.2185
62.2185
62.2185
62.2185
62.2185
62.2185
64.3603
62.2185
62.2185
62.2185
62.2185
62.2185
62.2185
62.2185
62.2185
62.2185
62.2185
60.0766
60.0766
62.2185
62.2185
62.2185
62.2185
62.2185
62.2185
62.2185
60.0766
60.0766
60.0766
60.0766
60.0766
60.0766
60.0766
60.0766
60.0766
57.9347
57.9347
57.9347
57.9347
57.9347
57.9347
57.9347
57.9347
57.9347
57.9347
57.9347
57.9347
55.7929
57.9347
57.9347
57.9347
57.9347
57.9347
57.9347
55.7929
55.7929
57.9347
57.9347
55.7929
57.9347
57.9347
57.9347
55.7929
55.7929
55.7929
55.7929
55.7929
55.7929
55.7929
55.7929
55.7929
55.7929
55.7929
55.7929
55.7929
57.9347
57.9347
57.9347
55.7929
55.7929
55.7929
55.7929
55.7929
55.7929
55.7929
55.7929
55.7929
55.7929
55.7929
55.7929
57.9347
57.9347
57.9347
55.7929
55.7929
55.7929
55.7929
55.7929
57.9347
57.9347
57.9347
55.7929
55.7929
55.7929
55.7929
55.7929
55.7929
55.7929
55.7929
55.7929
55.7929
55.7929
55.7929
55.7929
55.7929
55.7929
55.7929
55.7929
55.7929
55.7929
55.7929
55.7929
55.7929
53.651
55.7929
55.7929
55.7929
55.7929
55.7929
55.7929
55.7929
55.7929
55.7929
53.651
53.651
55.7929
55.7929
55.7929
55.7929
55.7929
55.7929
55.7929
55.7929
53.651
55.7929
55.7929
55.7929
55.7929
55.7929
53.651
55.7929
55.7929
55.7929
55.7929
53.651
55.7929
55.7929
55.7929
55.7929
55.7929
53.651
55.7929
55.7929
55.7929
55.7929
55.7929
55.7929
55.7929
55.7929
55.7929
55.7929
53.651
55.7929
55.7929
55.7929
55.7929
55.7929
55.7929
55.7929
53.651
53.651
53.651
53.651
53.651
53.651
55.7929
55.7929
53.651
53.651
55.7929
55.7929
53.651
53.651
55.7929
53.651
53.651
53.651
53.651
53.651
55.7929
53.651
53.651
53.651
53.651
55.7929
55.7929
55.7929
53.651
53.651
53.651
53.651
55.7929
53.651
53.651
53.651
55.7929
53.651
55.7929
55.7929
55.7929
53.651
53.651
55.7929
53.651
53.651
53.651
53.651
55.7929
53.651
53.651
53.651
53.651
53.651
53.651
53.651
53.651
53.651
53.651
53.651
53.651
53.651
53.651
53.651
53.651
53.651
53.651
53.651
53.651
53.651
55.7929
53.651
53.651
53.651
53.651
53.651
53.651
53.651
53.651
53.651
53.651
55.7929
53.651
53.651
53.651
53.651
53.651
53.651
53.651
53.651
53.651
53.651
53.651
53.651
53.651
53.651
53.651
53.651
51.5091
55.7929
51.5091
53.651
53.651
53.651
53.651
53.651
53.651
53.651
53.651
53.651
51.5091
51.5091
51.5091
53.651
53.651
53.651
53.651
53.651
53.651
53.651
53.651
53.651
53.651
53.651
53.651
53.651
53.651
53.651
53.651
53.651
53.651
53.651
53.651
53.651
53.651
53.651
53.651
53.651
53.651
53.651
53.651
53.651
51.5091
53.651
53.651
53.651
53.651
51.5091
53.651
53.651
53.651
53.651
51.5091
53.651
53.651
53.651
53.651
53.651
53.651
53.651
53.651
51.5091
53.651
53.651
53.651
53.651
51.5091
53.651
53.651
53.651
53.651
51.5091
53.651
51.5091
51.5091
51.5091
53.651
51.5091
51.5091
53.651
53.651
51.5091
53.651
53.651
51.5091
51.5091
53.651
51.5091
53.651
53.651
53.651
53.651
53.651
53.651
53.651
53.651
53.651
53.651
53.651
51.5091
51.5091
53.651
51.5091
53.651
53.651
53.651
53.651
51.5091
51.5091
51.5091
51.5091
53.651
53.651
51.5091
53.651
51.5091
51.5091
51.5091
51.5091
53.651
53.651
51.5091
51.5091
51.5091
51.5091
51.5091
51.5091
53.651
53.651
51.5091
51.5091
51.5091
53.651
53.651
53.651
51.5091
53.651
51.5091
51.5091
51.5091
53.651
51.5091
51.5091
51.5091
53.651
51.5091
51.5091
51.5091
51.5091
51.5091
53.651
53.651
53.651
53.651
53.651
53.651
53.651
53.651
53.651
51.5091
53.651
53.651
53.651
53.651
53.651
51.5091
51.5091
53.651
53.651
51.5091
51.5091
53.651
53.651
53.651
51.5091
51.5091
51.5091
51.5091
53.651
53.651
53.651
53.651
53.651
53.651
53.651
53.651
53.651
53.651
53.651
51.5091
51.5091
53.651
53.651
51.5091
51.5091
51.5091
53.651
53.651
51.5091
53.651
51.5091
51.5091
53.651
53.651
53.651
53.651
51.5091
51.5091
51.5091
51.5091
51.5091
51.5091
51.5091
51.5091
51.5091
53.651
53.651
51.5091
51.5091
51.5091
51.5091
53.651
53.651
53.651
53.651
53.651
53.651
53.651
53.651
51.5091
51.5091
51.5091
51.5091
51.5091
51.5091
53.651
51.5091
51.5091
51.5091
51.5091
51.5091
51.5091
51.5091
51.5091
51.5091
51.5091
51.5091
51.5091
51.5091
53.651
53.651
51.5091
51.5091
51.5091
51.5091
53.651
51.5091
51.5091
53.651
53.651
51.5091
51.5091
51.5091
51.5091
51.5091
51.5091
51.5091
53.651
51.5091
51.5091
51.5091
51.5091
51.5091
53.651
53.651
51.5091
51.5091
51.5091
51.5091
53.651
51.5091
51.5091
53.651
53.651
53.651
53.651
53.651
53.651
51.5091
51.5091
51.5091
53.651
53.651
51.5091
51.5091
53.651
51.5091
51.5091
51.5091
53.651
53.651
53.651
51.5091
51.5091
51.5091
51.5091
53.651
53.651
51.5091
51.5091
51.5091
53.651
51.5091
51.5091
51.5091
51.5091
51.5091
51.5091
51.5091
51.5091
53.651
53.651
53.651
53.651
51.5091
51.5091
51.5091
51.5091
51.5091
51.5091
51.5091
51.5091
51.5091
51.5091
53.651
51.5091
53.651
53.651
53.651
53.651
51.5091
53.651
51.5091
51.5091
51.5091
51.5091
51.5091
51.5091
51.5091
51.5091
51.5091
51.5091
51.5091
53.651
51.5091
51.5091
51.5091
51.5091
53.651
53.651
53.651
51.5091
53.651
53.651
53.651
51.5091
53.651
51.5091
51.5091
53.651
51.5091
51.5091
53.651
53.651
51.5091
53.651
51.5091
53.651
53.651
53.651
53.651
53.651
51.5091
53.651
53.651
51.5091
51.5091
53.651
51.5091
53.651
51.5091
51.5091
51.5091
51.5091
51.5091
51.5091
51.5091
53.651
53.651
51.5091
51.5091
53.651
51.5091
51.5091
53.651
51.5091
51.5091
53.651
51.5091
51.5091
51.5091
51.5091
51.5091
51.5091
51.5091
51.5091
53.651
51.5091
51.5091
51.5091
51.5091
51.5091
53.651
51.5091
51.5091
53.651
53.651
51.5091
53.651
51.5091
53.651
51.5091
51.5091
51.5091
53.651
51.5091
51.5091
51.5091
51.5091
51.5091
51.5091
53.651
51.5091
53.651
51.5091
51.5091
51.5091
51.5091
53.651
51.5091
51.5091
51.5091
51.5091
51.5091
53.651
51.5091
51.5091
51.5091
53.651
53.651
51.5091
53.651
51.5091
51.5091
51.5091
51.5091
51.5091
53.651
53.651
51.5091
53.651
51.5091
51.5091
53.651
51.5091
53.651
53.651
51.5091
51.5091
51.5091
53.651
51.5091
51.5091
53.651
53.651
51.5091
51.5091
53.651
51.5091
53.651
53.651
51.5091
51.5091
51.5091
53.651
51.5091
51.5091
51.5091
51.5091
51.5091
51.5091
53.651
51.5091
51.5091
51.5091
53.651
51.5091
51.5091
51.5091
51.5091
51.5091
51.5091
51.5091
53.651
51.5091
51.5091
51.5091
51.5091
51.5091
51.5091
51.5091
53.651
51.5091
51.5091
51.5091
53.651
51.5091
51.5091
51.5091
53.651
51.5091
51.5091
51.5091
51.5091
51.5091
51.5091
51.5091
53.651
51.5091
51.5091
51.5091
51.5091
51.5091
51.5091
53.651
53.651
53.651
51.5091
53.651
53.651
51.5091
51.5091
51.5091
53.651
51.5091
51.5091
51.5091
51.5091
53.651
51.5091
51.5091
51.5091
53.651
51.5091
51.5091
53.651
53.651
51.5091
51.5091
53.651
53.651
51.5091
51.5091
51.5091
53.651
51.5091
51.5091
51.5091
51.5091
53.651
51.5091
51.5091
51.5091
51.5091
53.651
51.5091
51.5091
53.651
53.651
51.5091
51.5091
53.651
53.651
53.651
51.5091
51.5091
53.651
51.5091
51.5091
51.5091
51.5091
53.651
51.5091
51.5091
51.5091
53.651
51.5091
51.5091
51.5091
53.651
51.5091
51.5091
51.5091
51.5091
51.5091
51.5091
51.5091
53.651
51.5091
51.5091
51.5091
51.5091
53.651
51.5091
51.5091
51.5091
51.5091
53.651
51.5091
51.5091
51.5091
53.651
51.5091
51.5091
51.5091
51.5091
51.5091
51.5091
51.5091
51.5091
51.5091
53.651
51.5091
51.5091
51.5091
51.5091
51.5091
53.651
51.5091
51.5091
51.5091
51.5091
53.651
51.5091
51.5091
51.5091
51.5091
51.5091
51.5091
51.5091
51.5091
53.651
53.651
53.651
51.5091
51.5091
51.5091
51.5091
51.5091
51.5091
51.5091
53.651
51.5091
51.5091
51.5091
51.5091
53.651
51.5091
51.5091
51.5091
53.651
53.651
53.651
51.5091
51.5091
53.651
51.5091
51.5091
51.5091
51.5091
51.5091
53.651
51.5091
51.5091
51.5091
51.5091
51.5091
51.5091
51.5091
51.5091
51.5091
51.5091
53.651
51.5091
51.5091
51.5091
51.5091
53.651
51.5091
51.5091
51.5091
51.5091
51.5091
53.651
51.5091
51.5091
51.5091
51.5091
53.651
53.651
53.651
51.5091
51.5091
51.5091
51.5091
53.651
53.651
51.5091
51.5091
51.5091
51.5091
51.5091
53.651
53.651
51.5091
51.5091
51.5091
51.5091
51.5091
51.5091
51.5091
51.5091
51.5091
51.5091
51.5091
53.651
51.5091
51.5091
51.5091
51.5091
51.5091
51.5091
53.651
51.5091
51.5091
51.5091
51.5091
51.5091
51.5091
53.651
53.651
51.5091
51.5091
51.5091
51.5091
51.5091
53.651
51.5091
51.5091
51.5091
51.5091
51.5091
51.5091
51.5091
53.651
51.5091
51.5091
51.5091
51.5091
51.5091
51.5091
51.5091
51.5091
51.5091
51.5091
51.5091
51.5091
51.5091
51.5091
51.5091
51.5091
51.5091
53.651
51.5091
51.5091
51.5091
51.5091
51.5091
51.5091
51.5091
51.5091
51.5091
51.5091
51.5091
53.651
51.5091
51.5091
51.5091
51.5091
51.5091
51.5091
51.5091
51.5091
51.5091
51.5091
51.5091
51.5091
51.5091
51.5091
51.5091
51.5091
51.5091
51.5091
51.5091
51.5091
51.5091
51.5091
51.5091
51.5091
51.5091
51.5091
51.5091
51.5091
51.5091
51.5091
51.5091
51.5091
51.5091
51.5091
53.651
51.5091
51.5091
51.5091
51.5091
51.5091
51.5091
51.5091
51.5091
51.5091
51.5091
51.5091
53.651
51.5091
51.5091
51.5091
51.5091
51.5091
51.5091
51.5091
51.5091
51.5091
51.5091
51.5091
51.5091
51.5091
51.5091
53.651
51.5091
51.5091
51.5091
51.5091
51.5091
51.5091
51.5091
51.5091
51.5091
51.5091
51.5091
51.5091
51.5091
51.5091
51.5091
51.5091
51.5091
51.5091
51.5091
51.5091
51.5091
51.5091
51.5091
51.5091
51.5091
51.5091
51.5091
51.5091
51.5091
51.5091
51.5091
51.5091
51.5091
51.5091
51.5091
51.5091
51.5091
51.5091
51.5091
51.5091
51.5091
51.5091
51.5091
51.5091
51.5091
49.3672
49.3672
0
0
0
0
0
0
0
0
0
0
0
0
0
0
0
0
0
0
0
0
0
0
0
0
0
0
0
0
0
0
0
0
0
0
0
0
0
0
0
0
0
0
0
0
0
0
0
0
0
0
0
0
0
0
0
0
0
0
0
0
0
0
0
0
0
0
0
0
0
0
0
0
0
0
0
0
0
0
0
0
0
0
0
0
0
0
0
0
0
0
0
0
0
0
0
0
0
0
0
0
0
0
0
0
0
0
0
0
0
0
0
0
0
0
0
0
0
0
0
0
0
0
0
0
0
0
0
0
0
0
0
0
0
0
0
0
0
0
0
0
0
0
0
0
0
0
0
0
0
0
0
0
0
0
0
0
0
0
0
0
0
0
0
0
0
0
0
0
0
0
0
0
0
0
0
0
0
0
0
0
0
0
0
0
0
0
0
0
0
0
0
0
0
0
0
0
0
0
0
0
0
0
0
0
0
0
0
0
0
0
0
0
0
0
0
0
0
0
0
0
0
0
0
0
0
0
0
0
0
0
0
0
0
0
0
0
0
0
0
0
0
0
0
0
0
0
0
0
0
0
0
0
0
0
0
0
0
0
0
0
0
0
0
0
0
0
0
0
0
0
0
0
0
0
0
0
0
0
0
0
0
0
0
0
0
0
0
0
0
0
0
0
0
0
0
0
0
0
0
0
0
0
0
0
0
0
0
0
0
0
0
0
0
0
0
0
0
0
0
0
0
0
0
0
0
0
0
0
0
0
0
0
0
0
0
0
0
0
0
0
0
0
0
0
0
0
0
0
0
0
0
0
0
0
0
0
0
0
0
0
0
0
0
0
0
0
0
0
0
0
0
0
0
0
0
0
0
0
0
0
0
0
0
0
0
0
0
0
0
0
0
0
0
0
0
0
0
0
0
0
0
0
0
0
0
0
0
0
0
0
0
0
0
0
0
0
0
0
0
0
0
0
0
0
0
0
0
0
0
0
0
0
0
0
0
0
0
0
0
0
0
0
0
0
0
0
0
0
0
0
0
0
0
0
0
0
0
0
0
0
0
0
0
0
0
0
0
0
0
0
0
0
0
0
0
0
0
0
0
0
0
0
0
0
0
0
0
0
0
0
0
0
0
0
0
0
0
0
0
0
0
0
0
0
0
0
0
0
0
0
0
0
0
0
0
0
0
0
0
0
0
0
0
0
0
0
0
0
0
0
0
0
0
0
0
0
0
0
0
0
0
0
0
0
0
0
0
0
0
0
0
0
0
0
0
0
0
0
0
0
0
0
0
0
0
0
0
0
0
0
0
0
0
0
0
0
0
0
0
0
0
0
0
0
0
0
0
0
0
0
0
0
0
0
0
0
0
0
0
0
0
0
0
0
0
0
0
0
0
0
0
0
0
0
0
0
0
0
0
0
0
0
0
0
0
0
0
0
0
0
0
0
0
0
0
0
0
0
0
0
0
0
0
0
0
0
0
0
0
0
0
0
0
0
0
0
0
0
0
0
0
0
0
0
0
0
0
0
0
0
0
0
0
0
0
0
0
0
0
0
0
0
0
0
0
0
0
0
0
0
0
0
0
0
0
0
0
0
0
0
0
0
0
0
0
0
0
0
0
0
0
0
0
0
0
0
0
0
0
0
0
0
0
0
0
0
0
0
0
0
0
0
0
0
0
0
0
0
0
0
0
0
0
0
0
0
0
0
0
0
0
0
0
0
0
0
0
0
0
0
0
0
0
0
0
0
0
0
0
0
0
0
0
0
0
0
0
0
0
0
0
0
0
0
0
0
0
0
0
0
0
0
0
0
0
0
0
0
0
0
0
0
0
0
0
0
0
0
0
0
0
0
0
0
0
0
0
0
0
0
0
0
0
0
0
0
0
0
0
0
0
0
0
0
0
0
0
0
0
0
0
0
0
0
0
0
0
0
0
0
0
0
0
0
0
0
0
0
0
0
0
0
0
0
0
0
0
0
0
0
0
0
0
0
0
0
0
0
0
0
0
0
0
0
0
0
0
0
0
0
0
0
0
0
0
0
0
0
0
0
0
0
0
0
0
0
0
0
0
0
0
0
0
0
0
0
0
0
0
0
0
0
0
0
0
0
0
0
0
0
0
0
0
0
0
0
0
0
0
0
0
0
0
805.028
805.028
128.613
72.9276
72.9276
70.7858
66.5021
66.5021
64.3603
66.5021
62.2185
62.2185
64.3603
62.2185
62.2185
64.3603
62.2185
64.3603
64.3603
62.2185
62.2185
64.3603
64.3603
62.2185
62.2185
62.2185
62.2185
62.2185
62.2185
62.2185
62.2185
62.2185
62.2185
62.2185
62.2185
60.0766
62.2185
62.2185
60.0766
60.0766
62.2185
60.0766
62.2185
60.0766
62.2185
60.0766
60.0766
60.0766
57.9347
60.0766
62.2185
57.9347
57.9347
57.9347
60.0766
57.9347
57.9347
57.9347
57.9347
57.9347
60.0766
57.9347
57.9347
57.9347
57.9347
57.9347
57.9347
57.9347
55.7929
57.9347
57.9347
55.7929
57.9347
55.7929
55.7929
55.7929
57.9347
55.7929
55.7929
55.7929
55.7929
55.7929
55.7929
57.9347
55.7929
55.7929
55.7929
57.9347
55.7929
55.7929
57.9347
55.7929
55.7929
55.7929
55.7929
55.7929
55.7929
55.7929
55.7929
55.7929
55.7929
55.7929
55.7929
55.7929
55.7929
55.7929
55.7929
57.9347
55.7929
55.7929
55.7929
55.7929
55.7929
57.9347
55.7929
55.7929
55.7929
55.7929
55.7929
55.7929
55.7929
55.7929
53.651
55.7929
55.7929
55.7929
55.7929
55.7929
55.7929
55.7929
55.7929
55.7929
55.7929
55.7929
53.651
55.7929
55.7929
55.7929
55.7929
55.7929
55.7929
55.7929
55.7929
53.651
55.7929
55.7929
55.7929
55.7929
53.651
55.7929
55.7929
55.7929
53.651
55.7929
55.7929
55.7929
55.7929
53.651
55.7929
55.7929
55.7929
55.7929
55.7929
53.651
55.7929
55.7929
55.7929
53.651
55.7929
55.7929
55.7929
53.651
55.7929
55.7929
53.651
55.7929
55.7929
55.7929
53.651
55.7929
55.7929
53.651
55.7929
55.7929
53.651
55.7929
53.651
55.7929
55.7929
53.651
55.7929
53.651
55.7929
53.651
55.7929
53.651
55.7929
53.651
55.7929
53.651
55.7929
53.651
55.7929
53.651
55.7929
53.651
53.651
55.7929
53.651
55.7929
53.651
53.651
55.7929
53.651
55.7929
53.651
55.7929
53.651
53.651
55.7929
53.651
53.651
55.7929
53.651
53.651
55.7929
53.651
53.651
53.651
55.7929
53.651
53.651
55.7929
53.651
53.651
53.651
53.651
55.7929
53.651
53.651
53.651
53.651
55.7929
53.651
53.651
53.651
55.7929
53.651
53.651
53.651
53.651
53.651
53.651
55.7929
53.651
53.651
53.651
53.651
53.651
53.651
53.651
53.651
53.651
55.7929
53.651
53.651
53.651
53.651
53.651
53.651
53.651
53.651
53.651
53.651
53.651
53.651
55.7929
53.651
53.651
53.651
53.651
53.651
53.651
53.651
53.651
53.651
51.5091
53.651
53.651
53.651
53.651
53.651
53.651
53.651
53.651
53.651
53.651
53.651
53.651
53.651
53.651
53.651
53.651
53.651
53.651
53.651
53.651
53.651
51.5091
53.651
53.651
53.651
53.651
53.651
53.651
53.651
53.651
53.651
53.651
51.5091
53.651
53.651
53.651
53.651
53.651
51.5091
53.651
53.651
53.651
51.5091
53.651
53.651
53.651
53.651
51.5091
53.651
53.651
53.651
51.5091
53.651
53.651
53.651
51.5091
53.651
53.651
51.5091
53.651
53.651
53.651
51.5091
53.651
53.651
51.5091
53.651
53.651
51.5091
53.651
53.651
53.651
51.5091
53.651
53.651
51.5091
53.651
53.651
51.5091
53.651
53.651
51.5091
53.651
53.651
51.5091
53.651
53.651
51.5091
53.651
53.651
51.5091
53.651
53.651
51.5091
53.651
53.651
51.5091
53.651
53.651
51.5091
53.651
53.651
51.5091
53.651
53.651
51.5091
53.651
51.5091
53.651
53.651
51.5091
53.651
51.5091
53.651
51.5091
53.651
53.651
51.5091
53.651
51.5091
53.651
51.5091
53.651
53.651
51.5091
53.651
51.5091
53.651
51.5091
53.651
53.651
51.5091
53.651
51.5091
53.651
51.5091
53.651
51.5091
53.651
53.651
51.5091
53.651
51.5091
53.651
53.651
51.5091
53.651
51.5091
53.651
51.5091
53.651
51.5091
53.651
53.651
51.5091
53.651
51.5091
53.651
51.5091
53.651
51.5091
53.651
51.5091
53.651
51.5091
53.651
51.5091
53.651
51.5091
53.651
51.5091
53.651
51.5091
53.651
51.5091
53.651
53.651
51.5091
53.651
51.5091
53.651
51.5091
53.651
51.5091
51.5091
53.651
51.5091
53.651
51.5091
53.651
51.5091
53.651
51.5091
53.651
51.5091
53.651
51.5091
53.651
51.5091
53.651
51.5091
53.651
51.5091
53.651
51.5091
51.5091
53.651
51.5091
53.651
51.5091
51.5091
53.651
53.651
51.5091
51.5091
51.5091
53.651
51.5091
53.651
53.651
53.651
51.5091
53.651
51.5091
51.5091
53.651
51.5091
53.651
51.5091
53.651
51.5091
53.651
51.5091
51.5091
53.651
51.5091
53.651
51.5091
53.651
51.5091
51.5091
53.651
51.5091
53.651
51.5091
53.651
51.5091
53.651
51.5091
51.5091
53.651
51.5091
53.651
51.5091
53.651
51.5091
51.5091
53.651
51.5091
53.651
51.5091
53.651
51.5091
51.5091
53.651
51.5091
53.651
51.5091
53.651
51.5091
51.5091
53.651
51.5091
53.651
51.5091
51.5091
53.651
51.5091
51.5091
53.651
51.5091
53.651
51.5091
51.5091
53.651
51.5091
53.651
51.5091
51.5091
53.651
51.5091
53.651
51.5091
51.5091
53.651
51.5091
51.5091
53.651
51.5091
53.651
51.5091
51.5091
53.651
51.5091
53.651
51.5091
51.5091
53.651
51.5091
51.5091
53.651
51.5091
51.5091
53.651
51.5091
51.5091
53.651
51.5091
51.5091
53.651
51.5091
51.5091
53.651
51.5091
51.5091
53.651
51.5091
51.5091
53.651
51.5091
53.651
51.5091
51.5091
53.651
51.5091
51.5091
53.651
51.5091
51.5091
51.5091
53.651
51.5091
51.5091
53.651
51.5091
51.5091
53.651
51.5091
51.5091
53.651
51.5091
51.5091
53.651
51.5091
51.5091
53.651
51.5091
51.5091
51.5091
53.651
51.5091
51.5091
51.5091
53.651
51.5091
51.5091
53.651
51.5091
51.5091
51.5091
53.651
51.5091
51.5091
51.5091
53.651
51.5091
51.5091
51.5091
53.651
51.5091
51.5091
51.5091
51.5091
53.651
51.5091
51.5091
51.5091
53.651
51.5091
51.5091
51.5091
53.651
51.5091
51.5091
51.5091
53.651
51.5091
51.5091
51.5091
53.651
51.5091
51.5091
51.5091
53.651
51.5091
51.5091
53.651
51.5091
51.5091
51.5091
53.651
51.5091
51.5091
51.5091
53.651
51.5091
51.5091
53.651
51.5091
51.5091
51.5091
53.651
51.5091
51.5091
53.651
51.5091
51.5091
51.5091
51.5091
53.651
51.5091
51.5091
53.651
51.5091
51.5091
51.5091
51.5091
53.651
51.5091
51.5091
51.5091
53.651
51.5091
51.5091
51.5091
53.651
51.5091
51.5091
53.651
51.5091
51.5091
51.5091
53.651
51.5091
51.5091
51.5091
53.651
51.5091
51.5091
51.5091
53.651
51.5091
51.5091
51.5091
53.651
51.5091
51.5091
51.5091
53.651
51.5091
51.5091
51.5091
53.651
51.5091
51.5091
53.651
51.5091
51.5091
51.5091
53.651
51.5091
51.5091
51.5091
53.651
51.5091
51.5091
51.5091
53.651
51.5091
51.5091
51.5091
53.651
51.5091
51.5091
51.5091
53.651
51.5091
51.5091
51.5091
51.5091
53.651
51.5091
51.5091
51.5091
53.651
51.5091
51.5091
51.5091
53.651
51.5091
51.5091
51.5091
53.651
51.5091
51.5091
51.5091
53.651
51.5091
51.5091
51.5091
53.651
51.5091
51.5091
51.5091
51.5091
53.651
51.5091
51.5091
51.5091
53.651
51.5091
51.5091
51.5091
51.5091
53.651
51.5091
51.5091
51.5091
51.5091
51.5091
53.651
51.5091
51.5091
51.5091
51.5091
53.651
51.5091
51.5091
51.5091
51.5091
53.651
51.5091
51.5091
51.5091
51.5091
51.5091
53.651
51.5091
51.5091
51.5091
51.5091
53.651
51.5091
51.5091
51.5091
51.5091
53.651
51.5091
51.5091
51.5091
51.5091
53.651
51.5091
51.5091
51.5091
51.5091
51.5091
53.651
51.5091
51.5091
51.5091
51.5091
51.5091
53.651
51.5091
51.5091
51.5091
51.5091
51.5091
51.5091
53.651
51.5091
51.5091
51.5091
51.5091
51.5091
51.5091
51.5091
53.651
51.5091
51.5091
51.5091
51.5091
51.5091
51.5091
51.5091
53.651
51.5091
51.5091
51.5091
51.5091
51.5091
53.651
51.5091
51.5091
51.5091
51.5091
51.5091
51.5091
51.5091
51.5091
53.651
51.5091
51.5091
51.5091
51.5091
51.5091
51.5091
53.651
51.5091
51.5091
51.5091
51.5091
51.5091
51.5091
53.651
51.5091
51.5091
51.5091
51.5091
51.5091
53.651
51.5091
51.5091
51.5091
51.5091
51.5091
51.5091
53.651
51.5091
51.5091
51.5091
51.5091
53.651
51.5091
51.5091
51.5091
51.5091
51.5091
51.5091
51.5091
53.651
51.5091
51.5091
51.5091
51.5091
53.651
51.5091
51.5091
51.5091
51.5091
53.651
51.5091
51.5091
51.5091
51.5091
51.5091
51.5091
53.651
51.5091
51.5091
51.5091
51.5091
51.5091
53.651
51.5091
51.5091
51.5091
51.5091
51.5091
51.5091
51.5091
53.651
51.5091
51.5091
51.5091
51.5091
51.5091
51.5091
53.651
51.5091
51.5091
51.5091
51.5091
51.5091
51.5091
53.651
51.5091
51.5091
51.5091
51.5091
51.5091
51.5091
51.5091
53.651
51.5091
51.5091
51.5091
51.5091
51.5091
51.5091
53.651
51.5091
51.5091
51.5091
51.5091
51.5091
51.5091
51.5091
53.651
51.5091
51.5091
51.5091
51.5091
51.5091
51.5091
51.5091
53.651
51.5091
51.5091
51.5091
51.5091
51.5091
51.5091
51.5091
51.5091
51.5091
51.5091
51.5091
51.5091
51.5091
53.651
51.5091
51.5091
51.5091
51.5091
51.5091
51.5091
51.5091
51.5091
51.5091
51.5091
51.5091
51.5091
51.5091
51.5091
51.5091
53.651
51.5091
51.5091
51.5091
51.5091
51.5091
51.5091
51.5091
51.5091
51.5091
51.5091
51.5091
51.5091
51.5091
51.5091
51.5091
51.5091
51.5091
51.5091
51.5091
51.5091
51.5091
51.5091
51.5091
51.5091
51.5091
51.5091
53.651
51.5091
51.5091
51.5091
51.5091
51.5091
51.5091
51.5091
51.5091
51.5091
51.5091
51.5091
51.5091
51.5091
51.5091
51.5091
51.5091
51.5091
51.5091
51.5091
51.5091
51.5091
51.5091
51.5091
51.5091
51.5091
51.5091
51.5091
51.5091
51.5091
51.5091
51.5091
51.5091
51.5091
51.5091
51.5091
51.5091
51.5091
51.5091
51.5091
51.5091
51.5091
51.5091
51.5091
51.5091
51.5091
51.5091
51.5091
51.5091
51.5091
51.5091
51.5091
51.5091
51.5091
51.5091
51.5091
51.5091
51.5091
51.5091
51.5091
51.5091
51.5091
51.5091
49.3672
51.5091
51.5091
51.5091
51.5091
51.5091
51.5091
51.5091
51.5091
51.5091
51.5091
51.5091
51.5091
51.5091
51.5091
51.5091
51.5091
51.5091
51.5091
51.5091
51.5091
51.5091
51.5091
51.5091
51.5091
51.5091
51.5091
51.5091
51.5091
51.5091
51.5091
51.5091
49.3672
51.5091
51.5091
27.948
0
0
0
0
0
0
0
0
0
0
0
0
0
0
0
0
0
0
0
0
0
0
0
0
0
0
0
0
0
0
0
0
0
0
0
0
0
0
0
0
0
0
0
0
0
0
0
0
0
0
0
0
0
0
0
0
0
0
0
0
0
0
0
0
0
0
0
0
0
0
0
0
0
0
0
0
0
0
0
0
0
0
0
0
0
0
0
0
0
0
0
0
0
0
0
0
0
0
0
0
0
0
0
0
0
0
0
0
0
0
0
0
0
0
0
0
0
0
0
0
0
0
0
0
0
0
0
0
0
0
0
0
0
0
0
0
0
0
0
0
0
0
0
0
0
0
0
0
0
0
0
0
0
0
0
0
0
0
0
0
0
0
0
0
0
0
0
0
0
0
0
0
0
0
0
0
0
0
0
0
0
0
0
0
0
0
0
0
0
0
0
0
0
0
0
0
0
0
0
0
0
0
0
0
0
0
0
0
0
0
0
0
0
0
0
0
0
0
0
0
0
0
0
0
0
0
0
0
0
0
0
0
0
0
0
0
0
0
0
0
0
0
0
0
0
0
0
0
0
0
0
0
0
0
0
0
0
0
0
0
0
0
0
0
0
0
0
0
0
0
0
0
0
0
0
0
0
0
0
0
0
0
0
0
0
0
0
0
0
0
0
0
0
0
0
0
0
0
0
0
0
0
0
0
0
0
0
0
0
0
0
0
0
0
0
0
0
0
0
0
0
0
0
0
0
0
0
0
0
0
0
0
0
0
0
0
0
0
0
0
0
0
0
0
0
0
0
0
0
0
0
0
0
0
0
0
0
0
0
0
0
0
0
0
0
0
0
0
0
0
0
0
0
0
0
0
0
0
0
0
0
0
0
0
0
0
0
0
0
0
0
0
0
0
0
0
0
0
0
0
0
0
0
0
0
0
0
0
0
0
0
0
0
0
0
0
0
0
0
0
0
0
0
0
0
0
0
0
0
0
0
0
0
0
0
0
0
0
0
0
0
0
0
0
0
0
0
0
0
0
0
0
0
0
0
0
0
0
0
0
0
0
0
0
0
0
0
0
0
0
0
0
0
0
0
0
0
0
0
0
0
0
0
0
0
0
0
0
0
0
0
0
0
0
0
0
0
0
0
0
0
0
0
0
0
0
0
0
0
0
0
0
0
0
0
0
0
0
0
0
0
0
0
0
0
0
0
0
0
0
0
0
0
0
0
0
0
0
0
0
0
0
0
0
0
0
0
0
0
0
0
0
0
0
0
0
0
0
0
0
0
0
0
0
0
0
0
0
0
0
0
0
0
0
0
0
0
0
0
0
0
0
0
0
0
0
0
0
0
0
0
0
0
0
0
0
0
0
0
0
0
0
0
0
0
0
0
0
0
0
0
0
0
0
0
0
0
0
0
0
0
0
0
0
0
0
0
2.24392
0
0
0
0
0
0
0
0
0
0
0
0
0
0
0
0
0
0
0
0
0
0
0
0
0
0
0
0
0
0
0
0
0
0
0
0
0
0
0
0
0
0
0
0
0
0
0
0
0
0
0
0
0
0
0
0
0
0
0
0
0
0
0
0
0
0
0
0
0
0
0
0
0
0
0
0
0
0
0
0
0
0
0
0
0
0
0
0
0
0
0
0
0
0
0
0
0
0
0
0
0
0
0
0
0
0
0
0
0
0
0
0
0
0
0
0
0
0
0
0
0
0
0
0
0
0
0
0
0
0
0
0
0
0
0
0
0
0
0
0
0
0
0
0
0
0
0
0
0
0
0
0
0
0
0
0
0
0
0
0
0
0
0
0
0
0
0
0
0
0
0
0
0
0
0
0
0
0
0
0
0
0
0
0
0
0
0
0
0
0
0
0
0
0
0
0
0
0
0
0
0
0
0
0
0
0
0
0
0
0
0
0
0
0
0
0
0
0
0
0
0
0
0
0
0
0
0
0
0
0
0
0
0
0
0
0
0
0
0
0
0
0
0
0
0
0
0
0
0
0
0
0
0
0
0
0
0
0
0
0
0
0
0
0
0
0
0
0
0
0
0
0
0
0
0
0
0
0
0
0
0
0
0
0
0
0
0
0
0
0
0
0
0
0
0
0
0
0
871.348
567.504
567.504
90.0619
77.2112
72.9276
68.644
68.644
64.3603
64.3603
64.3603
64.3603
64.3603
62.2185
64.3603
62.2185
64.3603
62.2185
62.2185
62.2185
62.2185
62.2185
62.2185
62.2185
62.2185
62.2185
62.2185
62.2185
62.2185
62.2185
62.2185
60.0766
62.2185
62.2185
62.2185
62.2185
60.0766
60.0766
62.2185
60.0766
62.2185
60.0766
62.2185
60.0766
60.0766
60.0766
60.0766
60.0766
60.0766
60.0766
57.9347
60.0766
57.9347
57.9347
60.0766
57.9347
57.9347
57.9347
57.9347
55.7929
55.7929
57.9347
55.7929
57.9347
55.7929
55.7929
55.7929
57.9347
55.7929
55.7929
57.9347
55.7929
55.7929
55.7929
55.7929
55.7929
55.7929
55.7929
55.7929
55.7929
55.7929
55.7929
55.7929
55.7929
55.7929
55.7929
55.7929
55.7929
55.7929
55.7929
57.9347
55.7929
55.7929
55.7929
55.7929
55.7929
57.9347
55.7929
55.7929
55.7929
55.7929
55.7929
55.7929
55.7929
55.7929
55.7929
55.7929
55.7929
55.7929
55.7929
55.7929
55.7929
55.7929
55.7929
55.7929
55.7929
55.7929
55.7929
55.7929
55.7929
55.7929
55.7929
55.7929
55.7929
55.7929
55.7929
55.7929
53.651
53.651
55.7929
55.7929
55.7929
55.7929
55.7929
55.7929
55.7929
55.7929
55.7929
55.7929
55.7929
55.7929
55.7929
53.651
55.7929
55.7929
55.7929
55.7929
55.7929
53.651
53.651
55.7929
55.7929
53.651
55.7929
55.7929
53.651
53.651
53.651
53.651
55.7929
55.7929
53.651
55.7929
55.7929
55.7929
55.7929
55.7929
53.651
55.7929
55.7929
53.651
55.7929
55.7929
55.7929
55.7929
53.651
55.7929
55.7929
53.651
53.651
55.7929
55.7929
53.651
55.7929
53.651
55.7929
55.7929
53.651
53.651
53.651
53.651
55.7929
53.651
55.7929
55.7929
53.651
53.651
53.651
55.7929
53.651
55.7929
55.7929
55.7929
55.7929
53.651
53.651
55.7929
53.651
53.651
55.7929
55.7929
55.7929
53.651
55.7929
55.7929
53.651
53.651
53.651
55.7929
53.651
53.651
53.651
55.7929
53.651
53.651
53.651
53.651
53.651
53.651
53.651
53.651
53.651
53.651
53.651
53.651
55.7929
53.651
53.651
53.651
53.651
53.651
53.651
55.7929
53.651
53.651
53.651
53.651
53.651
53.651
53.651
53.651
53.651
53.651
53.651
53.651
53.651
53.651
53.651
53.651
53.651
53.651
53.651
53.651
53.651
53.651
53.651
53.651
53.651
53.651
53.651
53.651
53.651
53.651
53.651
51.5091
53.651
53.651
53.651
53.651
53.651
53.651
53.651
53.651
53.651
53.651
53.651
53.651
53.651
51.5091
53.651
53.651
53.651
53.651
53.651
53.651
53.651
53.651
51.5091
53.651
53.651
53.651
53.651
53.651
53.651
53.651
53.651
51.5091
53.651
53.651
53.651
53.651
53.651
53.651
53.651
53.651
51.5091
53.651
53.651
53.651
53.651
51.5091
53.651
53.651
53.651
51.5091
53.651
53.651
53.651
53.651
51.5091
53.651
53.651
51.5091
51.5091
53.651
53.651
53.651
51.5091
53.651
53.651
53.651
53.651
51.5091
53.651
53.651
53.651
51.5091
53.651
51.5091
53.651
53.651
53.651
53.651
53.651
53.651
53.651
53.651
53.651
51.5091
53.651
51.5091
51.5091
53.651
53.651
51.5091
53.651
51.5091
51.5091
53.651
53.651
53.651
53.651
53.651
51.5091
53.651
51.5091
51.5091
53.651
51.5091
53.651
53.651
51.5091
53.651
53.651
53.651
51.5091
53.651
53.651
53.651
53.651
51.5091
51.5091
51.5091
53.651
51.5091
53.651
51.5091
53.651
51.5091
53.651
51.5091
53.651
53.651
51.5091
53.651
53.651
51.5091
53.651
51.5091
53.651
51.5091
53.651
51.5091
51.5091
53.651
51.5091
53.651
51.5091
53.651
53.651
51.5091
51.5091
53.651
53.651
53.651
51.5091
53.651
51.5091
53.651
51.5091
53.651
53.651
51.5091
51.5091
53.651
53.651
53.651
51.5091
53.651
51.5091
51.5091
53.651
51.5091
53.651
51.5091
53.651
51.5091
51.5091
51.5091
51.5091
53.651
51.5091
53.651
51.5091
53.651
53.651
53.651
51.5091
51.5091
51.5091
53.651
53.651
51.5091
51.5091
53.651
53.651
53.651
51.5091
51.5091
53.651
51.5091
53.651
51.5091
51.5091
53.651
51.5091
53.651
51.5091
51.5091
53.651
51.5091
51.5091
53.651
51.5091
51.5091
51.5091
51.5091
53.651
53.651
53.651
51.5091
51.5091
53.651
51.5091
51.5091
53.651
51.5091
51.5091
53.651
51.5091
51.5091
51.5091
51.5091
51.5091
53.651
51.5091
51.5091
53.651
51.5091
53.651
51.5091
51.5091
51.5091
51.5091
51.5091
51.5091
53.651
51.5091
53.651
53.651
51.5091
51.5091
53.651
51.5091
51.5091
51.5091
53.651
51.5091
51.5091
53.651
53.651
51.5091
51.5091
53.651
51.5091
51.5091
51.5091
53.651
53.651
51.5091
51.5091
51.5091
53.651
53.651
51.5091
51.5091
51.5091
51.5091
53.651
51.5091
51.5091
51.5091
51.5091
51.5091
51.5091
51.5091
51.5091
51.5091
51.5091
53.651
51.5091
51.5091
51.5091
53.651
51.5091
51.5091
51.5091
51.5091
51.5091
53.651
51.5091
51.5091
51.5091
53.651
53.651
51.5091
51.5091
51.5091
51.5091
53.651
51.5091
51.5091
53.651
51.5091
51.5091
51.5091
51.5091
53.651
51.5091
51.5091
51.5091
53.651
51.5091
51.5091
51.5091
51.5091
53.651
51.5091
51.5091
51.5091
51.5091
53.651
51.5091
51.5091
51.5091
51.5091
51.5091
51.5091
51.5091
51.5091
51.5091
51.5091
51.5091
51.5091
51.5091
51.5091
51.5091
53.651
53.651
51.5091
51.5091
51.5091
53.651
51.5091
51.5091
53.651
51.5091
51.5091
53.651
51.5091
51.5091
51.5091
51.5091
53.651
53.651
51.5091
51.5091
51.5091
53.651
51.5091
51.5091
51.5091
51.5091
53.651
51.5091
51.5091
51.5091
53.651
51.5091
51.5091
51.5091
51.5091
51.5091
51.5091
51.5091
51.5091
53.651
51.5091
51.5091
51.5091
53.651
51.5091
51.5091
51.5091
53.651
51.5091
51.5091
51.5091
53.651
51.5091
51.5091
51.5091
53.651
51.5091
51.5091
51.5091
51.5091
53.651
51.5091
51.5091
53.651
53.651
51.5091
51.5091
51.5091
53.651
51.5091
51.5091
51.5091
51.5091
51.5091
53.651
53.651
53.651
51.5091
51.5091
51.5091
53.651
51.5091
51.5091
51.5091
51.5091
51.5091
53.651
51.5091
51.5091
51.5091
51.5091
53.651
51.5091
51.5091
51.5091
51.5091
51.5091
51.5091
51.5091
51.5091
51.5091
53.651
51.5091
51.5091
51.5091
51.5091
51.5091
53.651
51.5091
51.5091
51.5091
51.5091
51.5091
53.651
51.5091
51.5091
51.5091
51.5091
53.651
53.651
51.5091
51.5091
51.5091
51.5091
51.5091
51.5091
51.5091
51.5091
51.5091
51.5091
53.651
51.5091
51.5091
51.5091
51.5091
51.5091
51.5091
51.5091
51.5091
51.5091
51.5091
51.5091
51.5091
53.651
51.5091
51.5091
51.5091
51.5091
51.5091
51.5091
53.651
51.5091
51.5091
51.5091
51.5091
51.5091
53.651
51.5091
51.5091
51.5091
51.5091
51.5091
51.5091
53.651
51.5091
51.5091
51.5091
51.5091
51.5091
51.5091
51.5091
51.5091
51.5091
51.5091
53.651
51.5091
51.5091
51.5091
51.5091
51.5091
51.5091
53.651
51.5091
51.5091
51.5091
51.5091
51.5091
53.651
51.5091
51.5091
51.5091
51.5091
53.651
51.5091
51.5091
51.5091
51.5091
51.5091
53.651
51.5091
51.5091
51.5091
53.651
53.651
51.5091
51.5091
51.5091
51.5091
53.651
51.5091
51.5091
51.5091
51.5091
53.651
51.5091
51.5091
51.5091
51.5091
51.5091
53.651
51.5091
51.5091
51.5091
51.5091
51.5091
53.651
51.5091
51.5091
51.5091
51.5091
53.651
51.5091
51.5091
51.5091
51.5091
51.5091
53.651
51.5091
51.5091
51.5091
51.5091
53.651
51.5091
51.5091
51.5091
51.5091
51.5091
51.5091
51.5091
51.5091
51.5091
51.5091
51.5091
53.651
51.5091
51.5091
51.5091
51.5091
53.651
51.5091
51.5091
51.5091
51.5091
53.651
51.5091
51.5091
51.5091
51.5091
51.5091
51.5091
51.5091
51.5091
51.5091
51.5091
51.5091
51.5091
51.5091
51.5091
51.5091
51.5091
51.5091
51.5091
53.651
51.5091
51.5091
51.5091
51.5091
51.5091
51.5091
53.651
51.5091
51.5091
51.5091
51.5091
51.5091
51.5091
51.5091
51.5091
53.651
51.5091
51.5091
51.5091
51.5091
51.5091
51.5091
51.5091
51.5091
51.5091
51.5091
51.5091
51.5091
51.5091
53.651
51.5091
51.5091
51.5091
51.5091
51.5091
51.5091
51.5091
53.651
51.5091
51.5091
51.5091
51.5091
51.5091
51.5091
53.651
51.5091
51.5091
51.5091
51.5091
51.5091
51.5091
51.5091
51.5091
53.651
51.5091
51.5091
51.5091
51.5091
51.5091
51.5091
51.5091
51.5091
51.5091
53.651
51.5091
51.5091
51.5091
51.5091
51.5091
51.5091
51.5091
51.5091
53.651
51.5091
51.5091
51.5091
51.5091
51.5091
51.5091
51.5091
51.5091
51.5091
53.651
51.5091
51.5091
51.5091
51.5091
51.5091
51.5091
51.5091
51.5091
53.651
51.5091
51.5091
51.5091
51.5091
51.5091
51.5091
51.5091
51.5091
51.5091
51.5091
51.5091
51.5091
53.651
51.5091
51.5091
51.5091
51.5091
51.5091
51.5091
53.651
51.5091
51.5091
51.5091
51.5091
51.5091
51.5091
51.5091
51.5091
51.5091
51.5091
53.651
51.5091
51.5091
51.5091
51.5091
51.5091
51.5091
53.651
51.5091
51.5091
51.5091
51.5091
51.5091
51.5091
51.5091
51.5091
53.651
51.5091
51.5091
51.5091
51.5091
51.5091
51.5091
51.5091
51.5091
51.5091
51.5091
53.651
51.5091
51.5091
51.5091
51.5091
51.5091
51.5091
51.5091
51.5091
51.5091
51.5091
51.5091
53.651
51.5091
51.5091
51.5091
51.5091
51.5091
51.5091
51.5091
51.5091
51.5091
51.5091
51.5091
51.5091
51.5091
51.5091
53.651
51.5091
51.5091
51.5091
51.5091
51.5091
51.5091
51.5091
51.5091
51.5091
51.5091
51.5091
51.5091
51.5091
51.5091
51.5091
51.5091
51.5091
51.5091
51.5091
51.5091
51.5091
51.5091
51.5091
51.5091
51.5091
51.5091
51.5091
51.5091
51.5091
51.5091
51.5091
51.5091
51.5091
51.5091
51.5091
51.5091
51.5091
51.5091
51.5091
51.5091
51.5091
51.5091
51.5091
51.5091
51.5091
51.5091
51.5091
51.5091
53.651
51.5091
49.3672
53.651
51.5091
51.5091
51.5091
51.5091
51.5091
51.5091
51.5091
51.5091
51.5091
51.5091
51.5091
51.5091
51.5091
51.5091
51.5091
51.5091
51.5091
51.5091
51.5091
51.5091
51.5091
51.5091
51.5091
51.5091
51.5091
51.5091
51.5091
49.3672
51.5091
51.5091
51.5091
30.0899
0
0
0
0
0
0
0
0
0
0
0
0
0
0
0
0
0
0
0
0
0
0
0
0
0
0
0
0
0
0
0
0
0
0
0
0
0
0
0
0
0
0
0
0
0
0
0
0
0
0
0
0
0
0
0
0
0
0
0
0
0
0
0
0
0
0
0
0
0
0
0
0
0
0
0
0
0
0
0
0
0
0
0
0
0
0
0
0
0
0
0
0
0
0
0
0
0
0
0
0
0
0
0
0
0
0
0
0
0
0
0
0
0
0
0
0
0
0
0
0
0
0
0
0
0
0
0
0
0
0
0
0
0
0
0
0
0
0
0
0
0
0
0
0
0
0
0
0
0
0
0
0
0
0
0
0
0
0
0
0
0
0
0
0
0
0
0
0
0
0
0
0
0
0
0
0
0
0
0
0
0
0
0
0
0
0
0
0
0
0
0
0
0
0
0
0
0
0
0
0
0
0
0
0
0
0
0
0
0
0
0
0
0
0
0
0
0
0
0
0
0
0
0
0
0
0
0
0
0
0
0
0
0
0
0
0
0
0
0
0
0
0
0
0
0
0
0
0
0
0
0
0
0
0
0
0
0
0
0
0
0
0
0
0
0
0
0
0
0
0
0
0
0
0
0
0
0
0
0
0
0
0
0
0
0
0
0
0
0
0
0
0
0
0
0
0
0
0
0
0
0
0
0
0
0
0
0
0
0
0
0
0
0
0
0
0
0
0
0
0
0
0
0
0
0
0
0
0
0
0
0
0
0
0
0
0
0
0
0
0
0
0
0
0
0
0
0
0
0
0
0
0
0
0
0
0
0
0
0
0
0
0
0
0
0
0
0
0
0
0
0
0
0
0
0
0
0
0
0
0
0
0
0
0
0
0
0
0
0
0
0
0
0
0
0
0
0
0
0
0
0
0
0
0
0
0
0
0
0
0
0
0
0
0
0
0
0
0
0
0
0
0
0
0
0
0
0
0
0
0
0
0
0
0
0
0
0
0
0
0
0
0
0
0
0
0
0
0
0
0
0
0
0
0
0
0
0
0
0
0
0
0
0
0
0
0
0
0
0
0
0
0
0
0
0
0
0
0
0
0
0
0
0
0
0
0
0
0
0
0
0
0
0
0
0
0
0
0
0
0
0
0
0
0
0
0
0
0
0
0
0
0
0
0
0
0
0
0
0
0
0
0
0
0
0
0
0
0
0
0
0
0
0
0
0
0
0
0
0
0
0
0
0
0
0
0
0
0
0
0
0
0
0
0
0
0
0
0
0
0
0
0
0
0
0
0
0
0
0
0
0
0
0
0
0
0
0
0
0
0
0
0
0
0
0
0
0
0
0
0
0
0
0
0
0
0
0
0
0
0
0
0
0
0
0
0
0
0
0
0
0
0
0
0
0
0
0
0
0
0
0
0
0
0
0
0
0
0
0
0
0
0
0
0
0
0
0
0
0
0
0
0
0
0
0
0
0
0
0
0
0
0
0
0
0
0
0
0
0
0
0
0
0
0
0
0
0
0
0
0
0
0
0
0
0
0
0
0
0
0
0
0
0
0
0
0
0
0
0
0
0
0
0
0
0
0
0
0
0
0
0
0
0
0
0
0
0
0
0
0
0
0
0
0
0
0
0
0
0
0
0
0
0
0
0
0
0
0
0
0
0
0
0
0
0
0
0
0
0
0
0
0
0
0
0
0
0
0
0
0
0
0
0
0
0
0
0
0
0
0
0
0
0
0
0
0
0
0
0
0
0
0
0
0
0
0
0
0
0
0
0
0
0
0
0
0
0
0
0
0
0
0
0
0
0
0
0
0
0
0
0
0
0
0
0
0
0
0
0
0
0
0
0
0
0
0
0
0
0
0
0
0
0
0
0
0
0
0
0
0
0
0
0
0
0
0
0
0
0
0
0
0
0
0
0
0
0
0
0
0
0
0
0
0
0
0
0
0
0
0
0
0
0
0
0
0
0
0
0
0
0
0
0
0
0
0
0
0
0
0
0
0
0
0
0
0
0
0
0
0
0
0
0
0
0
0
0
0
0
0
0
0
0
0
0
0
0
0
0
0
0
0
0
0
0
0
0
0
0
0
0
0
0
0
0
0
0
0
0
0
0
0
0
0
0
0
0
635.988
847.816
233.545
81.4948
75.0694
70.7858
66.5021
66.5021
64.3603
64.3603
64.3603
64.3603
62.2185
64.3603
62.2185
64.3603
62.2185
62.2185
64.3603
62.2185
62.2185
64.3603
62.2185
62.2185
62.2185
64.3603
62.2185
62.2185
62.2185
62.2185
64.3603
62.2185
62.2185
62.2185
62.2185
62.2185
62.2185
60.0766
62.2185
62.2185
62.2185
62.2185
60.0766
60.0766
62.2185
60.0766
60.0766
62.2185
60.0766
57.9347
60.0766
60.0766
57.9347
60.0766
57.9347
57.9347
57.9347
57.9347
57.9347
55.7929
57.9347
57.9347
55.7929
57.9347
57.9347
57.9347
55.7929
57.9347
55.7929
55.7929
57.9347
55.7929
57.9347
55.7929
55.7929
57.9347
55.7929
55.7929
55.7929
55.7929
55.7929
55.7929
55.7929
57.9347
55.7929
55.7929
55.7929
55.7929
55.7929
55.7929
55.7929
55.7929
55.7929
55.7929
55.7929
55.7929
55.7929
55.7929
55.7929
57.9347
55.7929
55.7929
55.7929
55.7929
55.7929
55.7929
55.7929
55.7929
55.7929
55.7929
55.7929
55.7929
55.7929
55.7929
55.7929
55.7929
55.7929
55.7929
55.7929
55.7929
55.7929
55.7929
55.7929
55.7929
55.7929
55.7929
55.7929
55.7929
55.7929
53.651
55.7929
55.7929
55.7929
55.7929
55.7929
53.651
55.7929
55.7929
55.7929
55.7929
55.7929
53.651
53.651
55.7929
55.7929
55.7929
55.7929
55.7929
55.7929
55.7929
55.7929
53.651
55.7929
55.7929
55.7929
55.7929
55.7929
55.7929
53.651
55.7929
55.7929
55.7929
55.7929
53.651
55.7929
53.651
53.651
55.7929
55.7929
55.7929
53.651
55.7929
55.7929
55.7929
53.651
55.7929
55.7929
53.651
55.7929
55.7929
53.651
55.7929
55.7929
53.651
55.7929
53.651
53.651
55.7929
53.651
53.651
53.651
55.7929
53.651
55.7929
53.651
55.7929
53.651
55.7929
53.651
55.7929
53.651
55.7929
55.7929
55.7929
53.651
55.7929
53.651
55.7929
53.651
55.7929
53.651
55.7929
53.651
53.651
55.7929
53.651
55.7929
53.651
53.651
55.7929
53.651
53.651
53.651
55.7929
53.651
53.651
53.651
55.7929
53.651
53.651
53.651
53.651
55.7929
53.651
53.651
53.651
53.651
55.7929
53.651
53.651
53.651
53.651
53.651
53.651
53.651
53.651
53.651
53.651
53.651
53.651
53.651
53.651
53.651
53.651
55.7929
53.651
53.651
53.651
53.651
53.651
53.651
53.651
53.651
53.651
53.651
53.651
53.651
53.651
53.651
53.651
53.651
53.651
53.651
53.651
53.651
53.651
53.651
53.651
53.651
53.651
53.651
53.651
51.5091
53.651
53.651
53.651
53.651
53.651
53.651
51.5091
53.651
53.651
53.651
53.651
53.651
53.651
51.5091
53.651
53.651
53.651
53.651
53.651
51.5091
53.651
53.651
53.651
53.651
51.5091
53.651
53.651
53.651
51.5091
53.651
53.651
51.5091
53.651
53.651
51.5091
51.5091
53.651
53.651
51.5091
53.651
53.651
51.5091
53.651
53.651
51.5091
53.651
53.651
51.5091
53.651
53.651
51.5091
53.651
53.651
51.5091
53.651
53.651
53.651
53.651
53.651
51.5091
53.651
51.5091
53.651
53.651
51.5091
53.651
51.5091
53.651
53.651
53.651
53.651
51.5091
53.651
53.651
51.5091
53.651
51.5091
53.651
51.5091
53.651
53.651
51.5091
53.651
51.5091
53.651
51.5091
53.651
51.5091
53.651
51.5091
53.651
51.5091
53.651
53.651
51.5091
51.5091
53.651
53.651
51.5091
53.651
51.5091
53.651
51.5091
51.5091
53.651
51.5091
53.651
51.5091
53.651
51.5091
51.5091
51.5091
53.651
51.5091
53.651
51.5091
51.5091
53.651
51.5091
53.651
51.5091
53.651
51.5091
51.5091
53.651
51.5091
53.651
51.5091
51.5091
51.5091
51.5091
53.651
51.5091
53.651
51.5091
53.651
51.5091
51.5091
53.651
51.5091
53.651
51.5091
53.651
51.5091
53.651
51.5091
51.5091
51.5091
53.651
51.5091
53.651
51.5091
51.5091
53.651
51.5091
51.5091
51.5091
51.5091
53.651
51.5091
53.651
51.5091
51.5091
53.651
51.5091
53.651
51.5091
53.651
53.651
51.5091
53.651
51.5091
51.5091
53.651
51.5091
51.5091
53.651
51.5091
53.651
51.5091
51.5091
53.651
51.5091
53.651
51.5091
51.5091
53.651
51.5091
53.651
51.5091
51.5091
53.651
51.5091
51.5091
51.5091
51.5091
53.651
51.5091
51.5091
53.651
51.5091
51.5091
53.651
51.5091
51.5091
53.651
51.5091
51.5091
53.651
51.5091
51.5091
53.651
51.5091
51.5091
53.651
51.5091
51.5091
51.5091
53.651
51.5091
51.5091
51.5091
51.5091
51.5091
51.5091
51.5091
51.5091
53.651
51.5091
51.5091
51.5091
51.5091
51.5091
51.5091
51.5091
53.651
51.5091
51.5091
51.5091
51.5091
53.651
51.5091
51.5091
53.651
53.651
51.5091
51.5091
51.5091
53.651
51.5091
51.5091
51.5091
51.5091
51.5091
53.651
51.5091
51.5091
51.5091
53.651
51.5091
51.5091
51.5091
53.651
51.5091
51.5091
51.5091
51.5091
53.651
51.5091
51.5091
53.651
51.5091
51.5091
51.5091
51.5091
51.5091
53.651
51.5091
51.5091
51.5091
53.651
51.5091
51.5091
53.651
51.5091
51.5091
51.5091
51.5091
53.651
51.5091
51.5091
53.651
53.651
51.5091
51.5091
51.5091
51.5091
51.5091
51.5091
51.5091
53.651
51.5091
51.5091
53.651
51.5091
51.5091
51.5091
51.5091
53.651
51.5091
51.5091
51.5091
53.651
51.5091
51.5091
53.651
51.5091
51.5091
51.5091
53.651
51.5091
51.5091
53.651
51.5091
51.5091
53.651
51.5091
51.5091
51.5091
53.651
51.5091
51.5091
53.651
51.5091
51.5091
51.5091
51.5091
53.651
53.651
53.651
53.651
53.651
53.651
53.651
51.5091
51.5091
51.5091
51.5091
51.5091
53.651
51.5091
51.5091
51.5091
53.651
51.5091
51.5091
51.5091
51.5091
51.5091
51.5091
51.5091
51.5091
53.651
51.5091
51.5091
51.5091
53.651
51.5091
51.5091
51.5091
53.651
51.5091
51.5091
51.5091
53.651
51.5091
53.651
53.651
51.5091
51.5091
51.5091
53.651
51.5091
51.5091
51.5091
53.651
51.5091
51.5091
51.5091
53.651
51.5091
51.5091
53.651
51.5091
51.5091
51.5091
53.651
51.5091
51.5091
51.5091
53.651
51.5091
51.5091
51.5091
51.5091
53.651
51.5091
51.5091
51.5091
53.651
51.5091
51.5091
51.5091
51.5091
53.651
51.5091
51.5091
51.5091
51.5091
53.651
51.5091
51.5091
51.5091
51.5091
53.651
51.5091
51.5091
51.5091
53.651
51.5091
51.5091
51.5091
51.5091
53.651
51.5091
51.5091
51.5091
51.5091
53.651
51.5091
51.5091
51.5091
51.5091
53.651
51.5091
51.5091
51.5091
51.5091
53.651
51.5091
51.5091
51.5091
51.5091
51.5091
51.5091
51.5091
51.5091
53.651
51.5091
51.5091
51.5091
53.651
51.5091
51.5091
51.5091
51.5091
53.651
51.5091
51.5091
51.5091
53.651
51.5091
51.5091
51.5091
51.5091
53.651
51.5091
51.5091
51.5091
51.5091
51.5091
53.651
51.5091
51.5091
51.5091
53.651
51.5091
51.5091
51.5091
51.5091
53.651
51.5091
51.5091
51.5091
51.5091
51.5091
53.651
51.5091
51.5091
51.5091
51.5091
53.651
51.5091
51.5091
51.5091
51.5091
53.651
51.5091
51.5091
51.5091
51.5091
51.5091
51.5091
51.5091
51.5091
51.5091
51.5091
51.5091
53.651
51.5091
51.5091
51.5091
51.5091
51.5091
51.5091
51.5091
51.5091
51.5091
51.5091
51.5091
51.5091
53.651
51.5091
51.5091
51.5091
51.5091
53.651
51.5091
51.5091
51.5091
51.5091
51.5091
53.651
51.5091
51.5091
51.5091
51.5091
51.5091
51.5091
53.651
51.5091
51.5091
51.5091
51.5091
51.5091
53.651
51.5091
51.5091
51.5091
51.5091
51.5091
51.5091
51.5091
53.651
51.5091
51.5091
51.5091
51.5091
51.5091
51.5091
51.5091
53.651
51.5091
51.5091
51.5091
51.5091
51.5091
51.5091
51.5091
53.651
51.5091
51.5091
51.5091
51.5091
51.5091
51.5091
51.5091
51.5091
51.5091
51.5091
51.5091
53.651
51.5091
51.5091
51.5091
51.5091
51.5091
51.5091
51.5091
53.651
51.5091
51.5091
51.5091
51.5091
51.5091
51.5091
51.5091
51.5091
53.651
51.5091
51.5091
51.5091
51.5091
51.5091
51.5091
51.5091
51.5091
51.5091
51.5091
51.5091
53.651
51.5091
51.5091
51.5091
51.5091
51.5091
51.5091
51.5091
51.5091
51.5091
51.5091
51.5091
53.651
51.5091
51.5091
51.5091
51.5091
51.5091
51.5091
51.5091
53.651
51.5091
51.5091
51.5091
51.5091
51.5091
51.5091
51.5091
51.5091
53.651
51.5091
51.5091
51.5091
51.5091
51.5091
51.5091
51.5091
51.5091
53.651
51.5091
51.5091
51.5091
51.5091
51.5091
51.5091
51.5091
51.5091
51.5091
53.651
51.5091
51.5091
51.5091
51.5091
51.5091
51.5091
51.5091
51.5091
53.651
51.5091
51.5091
51.5091
51.5091
51.5091
51.5091
51.5091
51.5091
51.5091
51.5091
53.651
51.5091
51.5091
51.5091
51.5091
51.5091
51.5091
51.5091
51.5091
51.5091
51.5091
51.5091
51.5091
51.5091
51.5091
51.5091
51.5091
51.5091
51.5091
51.5091
51.5091
51.5091
53.651
51.5091
51.5091
51.5091
51.5091
51.5091
51.5091
51.5091
51.5091
51.5091
51.5091
51.5091
51.5091
51.5091
51.5091
51.5091
51.5091
51.5091
53.651
53.651
53.651
51.5091
51.5091
51.5091
51.5091
51.5091
51.5091
51.5091
51.5091
51.5091
51.5091
51.5091
51.5091
51.5091
51.5091
51.5091
51.5091
51.5091
51.5091
51.5091
51.5091
51.5091
51.5091
51.5091
51.5091
51.5091
51.5091
51.5091
51.5091
51.5091
51.5091
51.5091
51.5091
51.5091
51.5091
51.5091
51.5091
51.5091
51.5091
51.5091
51.5091
51.5091
51.5091
51.5091
51.5091
51.5091
51.5091
51.5091
51.5091
51.5091
51.5091
51.5091
51.5091
51.5091
51.5091
51.5091
51.5091
51.5091
51.5091
51.5091
51.5091
51.5091
51.5091
51.5091
51.5091
51.5091
51.5091
51.5091
51.5091
51.5091
51.5091
51.5091
51.5091
51.5091
51.5091
51.5091
51.5091
51.5091
51.5091
51.5091
51.5091
51.5091
51.5091
51.5091
51.5091
51.5091
51.5091
51.5091
51.5091
51.5091
51.5091
51.5091
51.5091
51.5091
51.5091
51.5091
51.5091
51.5091
51.5091
51.5091
51.5091
51.5091
51.5091
51.5091
51.5091
51.5091
51.5091
51.5091
51.5091
51.5091
51.5091
51.5091
51.5091
51.5091
51.5091
51.5091
51.5091
51.5091
51.5091
51.5091
51.5091
51.5091
49.3672
51.5091
51.5091
51.5091
51.5091
51.5091
51.5091
51.5091
51.5091
51.5091
51.5091
51.5091
51.5091
51.5091
51.5091
51.5091
51.5091
51.5091
51.5091
51.5091
51.5091
51.5091
51.5091
51.5091
51.5091
51.5091
51.5091
51.5091
51.5091
51.5091
51.5091
51.5091
51.5091
51.5091
51.5091
51.5091
51.5091
51.5091
51.5091
51.5091
51.5091
51.5091
49.3672
51.5091
51.5091
51.5091
51.5091
51.5091
51.5091
51.5091
51.5091
51.5091
51.5091
51.5091
49.3672
49.3672
51.5091
51.5091
51.5091
51.5091
51.5091
51.5091
51.5091
51.5091
51.5091
51.5091
49.3672
49.3672
0
0
0
0
0
0
0
0
0
0
0
0
0
0
0
0
0
0
0
0
0
0
0
0
0
0
0
0
0
0
0
0
0
0
0
0
0
0
0
0
0
0
0
0
0
0
0
0
0
0
0
0
0
0
0
0
0
0
0
0
0
0
0
0
0
0
0
0
0
0
0
0
0
0
0
0
0
0
0
0
0
0
0
0
0
0
0
0
0
0
0
0
0
0
0
0
0
0
0
0
0
0
0
0
0
0
0
0
0
0
0
0
0
0
0
0
0
0
0
0
0
0
0
0
0
0
0
0
0
0
0
0
0
0
0
0
0
0
0
0
0
0
0
0
0
0
0
0
0
0
0
0
0
0
0
0
0
0
0
0
0
0
0
0
0
0
0
0
0
0
0
0
0
0
0
0
0
0
0
0
0
0
0
0
0
0
0
0
0
0
0
0
0
0
0
0
0
0
0
0
0
0
0
0
0
0
0
0
0
0
0
0
0
0
0
0
0
0
0
0
0
0
0
0
0
0
0
0
0
0
0
0
0
0
0
0
0
0
0
0
0
0
0
0
0
0
0
0
0
0
0
0
0
0
0
0
0
0
0
0
0
0
0
0
0
0
0
0
0
0
0
0
0
0
0
0
0
0
0
0
0
0
0
0
0
0
0
0
0
0
0
0
0
0
0
0
0
0
0
0
0
0
0
0
0
0
0
0
0
0
0
0
0
0
0
0
0
0
0
0
0
0
0
0
0
0
0
0
0
0
0
0
0
0
0
0
0
0
0
0
0
0
0
0
0
0
0
0
0
0
0
0
0
0
0
0
0
0
0
0
0
0
0
0
0
0
0
0
0
0
0
0
0
0
0
0
0
0
0
0
0
0
0
0
0
0
0
0
0
0
0
0
0
0
0
0
0
0
0
0
0
0
0
0
0
0
0
0
0
0
0
0
0
0
0
0
0
0
0
0
0
0
0
0
0
0
0
0
0
0
0
0
0
0
0
0
0
0
0
0
0
0
0
0
0
0
0
0
0
0
0
0
0
0
0
0
0
0
0
0
0
0
0
0
0
0
0
0
0
0
0
0
0
0
0
0
0
0
0
0
0
0
0
0
0
0
0
0
0
0
0
0
0
0
0
0
0
0
0
0
0
0
0
0
0
0
0
0
0
0
0
0
0
0
0
0
0
0
0
0
0
0
0
0
0
0
0
0
0
0
0
0
0
0
0
0
0
0
0
0
0
0
0
0
0
0
0
0
0
0
0
0
0
0
0
0
0
0
0
0
0
0
0
0
0
0
0
0
0
0
0
0
0
0
0
0
0
0
0
0
0
0
0
0
0
0
0
0
0
0
0
0
0
0
0
0
0
0
0
0
0
0
0
0
0
0
0
0
0
0
0
0
0
0
0
0
0
0
0
0
0
0
0
0
0
0
0
0
0
0
0
0
0
0
0
0
0
0
0
0
0
0
0
0
0
0
0
0
0
0
0
0
0
0
0
0
0
0
0
0
0
0
0
0
0
0
0
0
0
0
0
0
0
0
0
0
0
0
0
0
0
0
0
0
0
0
0
0
0
0
0
0
0
0
0
0
0
0
0
0
0
0
0
0
0
0
0
0
0
0
0
0
0
0
0
0
0
0
0
0
0
0
0
0
0
0
0
0
0
0
0
0
0
0
0
0
0
0
0
0
0
0
0
0
0
0
0
0
0
0
0
0
0
0
0
0
0
0
0
0
0
0
0
0
0
0
0
0
0
0
0
0
0
0
0
0
0
0
0
0
0
0
0
0
0
0
0
0
0
0
0
0
0
0
0
0
0
0
0
0
0
0
0
0
0
0
0
0
0
0
0
0
0
0
0
0
0
0
0
0
0
0
0
0
0
0
0
0
0
0
0
0
0
0
0
0
0
0
0
0
0
0
0
0
0
0
0
0
0
0
0
0
0
0
0
0
0
0
0
0
0
0
0
0
0
0
0
0
0
0
0
0
0
0
0
0
0
0
0
0
0
0
0
0
0
0
0
0
0
0
0
0
0
0
0
0
0
0
0
0
0
0
0
0
0
0
0
0
0
0
0
0
0
0
0
0
0
0
0
0
0
0
0
0
0
0
0
0
0
0
0
0
0
0
0
0
0
0
0
0
0
321.332
869.209
490.452
87.9202
77.2112
70.7858
68.644
66.5021
64.3603
66.5021
64.3603
62.2185
64.3603
64.3603
62.2185
62.2185
64.3603
62.2185
64.3603
62.2185
62.2185
62.2185
62.2185
62.2185
62.2185
64.3603
60.0766
62.2185
62.2185
62.2185
62.2185
62.2185
62.2185
60.0766
62.2185
62.2185
62.2185
60.0766
62.2185
62.2185
60.0766
62.2185
60.0766
60.0766
60.0766
62.2185
60.0766
60.0766
60.0766
57.9347
60.0766
60.0766
57.9347
60.0766
57.9347
57.9347
57.9347
55.7929
57.9347
57.9347
55.7929
57.9347
55.7929
55.7929
55.7929
57.9347
57.9347
55.7929
55.7929
57.9347
57.9347
57.9347
57.9347
55.7929
55.7929
57.9347
55.7929
53.651
55.7929
55.7929
55.7929
55.7929
55.7929
55.7929
57.9347
55.7929
55.7929
55.7929
55.7929
55.7929
57.9347
55.7929
55.7929
55.7929
55.7929
55.7929
55.7929
55.7929
55.7929
55.7929
55.7929
55.7929
55.7929
55.7929
55.7929
55.7929
55.7929
55.7929
55.7929
55.7929
55.7929
55.7929
57.9347
55.7929
55.7929
55.7929
55.7929
55.7929
55.7929
55.7929
55.7929
55.7929
55.7929
55.7929
55.7929
55.7929
55.7929
53.651
55.7929
55.7929
55.7929
55.7929
55.7929
55.7929
55.7929
53.651
55.7929
55.7929
55.7929
55.7929
55.7929
55.7929
55.7929
55.7929
55.7929
53.651
55.7929
55.7929
55.7929
53.651
55.7929
55.7929
55.7929
53.651
55.7929
55.7929
55.7929
53.651
55.7929
55.7929
53.651
55.7929
55.7929
53.651
55.7929
55.7929
53.651
55.7929
55.7929
53.651
55.7929
55.7929
53.651
55.7929
55.7929
53.651
55.7929
53.651
55.7929
53.651
55.7929
53.651
55.7929
53.651
55.7929
53.651
55.7929
53.651
55.7929
53.651
53.651
55.7929
53.651
53.651
53.651
53.651
55.7929
53.651
55.7929
53.651
53.651
55.7929
53.651
55.7929
53.651
53.651
55.7929
53.651
53.651
55.7929
53.651
53.651
55.7929
53.651
53.651
55.7929
53.651
53.651
53.651
53.651
53.651
53.651
53.651
55.7929
53.651
53.651
53.651
55.7929
53.651
53.651
53.651
53.651
53.651
53.651
55.7929
53.651
53.651
53.651
53.651
53.651
53.651
55.7929
53.651
53.651
53.651
53.651
53.651
53.651
53.651
53.651
55.7929
53.651
53.651
53.651
53.651
53.651
53.651
53.651
53.651
53.651
53.651
53.651
53.651
53.651
53.651
53.651
51.5091
53.651
53.651
53.651
53.651
53.651
53.651
53.651
53.651
53.651
53.651
53.651
53.651
53.651
51.5091
53.651
53.651
53.651
53.651
53.651
53.651
51.5091
53.651
53.651
53.651
53.651
51.5091
53.651
53.651
53.651
53.651
51.5091
53.651
53.651
53.651
51.5091
53.651
53.651
53.651
53.651
51.5091
53.651
53.651
53.651
51.5091
53.651
53.651
53.651
51.5091
53.651
53.651
53.651
51.5091
53.651
53.651
51.5091
53.651
53.651
53.651
51.5091
53.651
53.651
51.5091
53.651
53.651
53.651
51.5091
53.651
53.651
53.651
53.651
51.5091
53.651
53.651
51.5091
53.651
53.651
51.5091
53.651
51.5091
53.651
53.651
51.5091
53.651
51.5091
53.651
51.5091
53.651
51.5091
53.651
51.5091
53.651
51.5091
53.651
51.5091
53.651
51.5091
53.651
51.5091
53.651
51.5091
53.651
51.5091
53.651
51.5091
53.651
51.5091
53.651
51.5091
53.651
51.5091
53.651
53.651
51.5091
53.651
51.5091
53.651
51.5091
53.651
51.5091
53.651
51.5091
53.651
51.5091
53.651
51.5091
53.651
51.5091
53.651
51.5091
53.651
51.5091
53.651
51.5091
53.651
51.5091
53.651
51.5091
53.651
51.5091
51.5091
53.651
51.5091
53.651
51.5091
51.5091
51.5091
53.651
51.5091
53.651
51.5091
53.651
51.5091
51.5091
51.5091
51.5091
53.651
51.5091
53.651
51.5091
53.651
51.5091
53.651
53.651
51.5091
53.651
51.5091
53.651
51.5091
53.651
51.5091
53.651
51.5091
53.651
53.651
53.651
53.651
51.5091
53.651
51.5091
53.651
51.5091
53.651
51.5091
53.651
51.5091
51.5091
53.651
51.5091
53.651
51.5091
53.651
51.5091
53.651
51.5091
53.651
51.5091
53.651
51.5091
51.5091
53.651
51.5091
53.651
51.5091
53.651
51.5091
53.651
51.5091
51.5091
53.651
51.5091
53.651
51.5091
53.651
51.5091
51.5091
53.651
51.5091
53.651
51.5091
53.651
51.5091
53.651
51.5091
51.5091
53.651
51.5091
53.651
51.5091
53.651
51.5091
53.651
51.5091
51.5091
53.651
51.5091
53.651
51.5091
53.651
51.5091
53.651
51.5091
51.5091
53.651
51.5091
53.651
51.5091
53.651
53.651
51.5091
51.5091
53.651
51.5091
51.5091
53.651
51.5091
53.651
51.5091
51.5091
53.651
51.5091
51.5091
53.651
51.5091
51.5091
53.651
51.5091
53.651
51.5091
51.5091
53.651
51.5091
51.5091
53.651
51.5091
51.5091
53.651
51.5091
51.5091
53.651
51.5091
51.5091
53.651
51.5091
51.5091
53.651
51.5091
51.5091
51.5091
53.651
51.5091
51.5091
53.651
51.5091
51.5091
53.651
51.5091
51.5091
53.651
51.5091
51.5091
51.5091
53.651
51.5091
51.5091
53.651
51.5091
51.5091
51.5091
53.651
51.5091
51.5091
53.651
51.5091
51.5091
51.5091
53.651
51.5091
51.5091
51.5091
53.651
51.5091
51.5091
51.5091
51.5091
53.651
51.5091
51.5091
51.5091
53.651
51.5091
51.5091
51.5091
51.5091
53.651
51.5091
51.5091
51.5091
51.5091
53.651
51.5091
51.5091
51.5091
51.5091
51.5091
53.651
51.5091
51.5091
51.5091
51.5091
53.651
51.5091
51.5091
51.5091
51.5091
53.651
51.5091
51.5091
51.5091
51.5091
51.5091
53.651
51.5091
51.5091
51.5091
51.5091
53.651
51.5091
51.5091
51.5091
51.5091
51.5091
53.651
51.5091
51.5091
51.5091
51.5091
53.651
51.5091
51.5091
51.5091
51.5091
53.651
51.5091
51.5091
51.5091
53.651
51.5091
51.5091
51.5091
53.651
51.5091
51.5091
51.5091
51.5091
53.651
51.5091
51.5091
51.5091
51.5091
51.5091
51.5091
51.5091
53.651
51.5091
51.5091
51.5091
53.651
51.5091
51.5091
51.5091
51.5091
53.651
51.5091
51.5091
51.5091
51.5091
53.651
51.5091
51.5091
51.5091
51.5091
53.651
53.651
51.5091
51.5091
51.5091
51.5091
53.651
51.5091
51.5091
51.5091
51.5091
53.651
51.5091
51.5091
51.5091
51.5091
53.651
51.5091
51.5091
51.5091
53.651
51.5091
51.5091
51.5091
53.651
51.5091
51.5091
51.5091
53.651
51.5091
51.5091
51.5091
51.5091
51.5091
51.5091
51.5091
51.5091
51.5091
51.5091
51.5091
51.5091
53.651
51.5091
51.5091
51.5091
51.5091
53.651
51.5091
51.5091
51.5091
53.651
53.651
51.5091
51.5091
51.5091
51.5091
51.5091
51.5091
51.5091
51.5091
51.5091
51.5091
51.5091
51.5091
51.5091
53.651
51.5091
51.5091
51.5091
51.5091
53.651
51.5091
51.5091
51.5091
51.5091
53.651
51.5091
51.5091
51.5091
51.5091
51.5091
53.651
51.5091
51.5091
51.5091
51.5091
53.651
51.5091
51.5091
51.5091
51.5091
51.5091
51.5091
51.5091
51.5091
51.5091
51.5091
53.651
51.5091
51.5091
51.5091
51.5091
51.5091
53.651
51.5091
51.5091
51.5091
51.5091
53.651
53.651
51.5091
51.5091
51.5091
51.5091
51.5091
51.5091
51.5091
51.5091
51.5091
51.5091
51.5091
53.651
51.5091
51.5091
51.5091
51.5091
53.651
51.5091
51.5091
51.5091
53.651
53.651
51.5091
51.5091
51.5091
51.5091
51.5091
53.651
51.5091
51.5091
53.651
53.651
51.5091
51.5091
51.5091
51.5091
53.651
51.5091
51.5091
51.5091
51.5091
51.5091
51.5091
51.5091
51.5091
53.651
53.651
51.5091
51.5091
53.651
53.651
51.5091
51.5091
51.5091
51.5091
53.651
51.5091
51.5091
51.5091
51.5091
51.5091
51.5091
51.5091
51.5091
51.5091
53.651
51.5091
51.5091
51.5091
51.5091
51.5091
51.5091
51.5091
51.5091
51.5091
53.651
53.651
51.5091
51.5091
51.5091
51.5091
53.651
51.5091
51.5091
51.5091
51.5091
51.5091
53.651
51.5091
51.5091
51.5091
51.5091
51.5091
51.5091
51.5091
51.5091
51.5091
51.5091
53.651
51.5091
51.5091
51.5091
51.5091
51.5091
51.5091
53.651
51.5091
51.5091
51.5091
51.5091
53.651
51.5091
51.5091
51.5091
51.5091
51.5091
51.5091
51.5091
51.5091
51.5091
51.5091
51.5091
53.651
53.651
51.5091
51.5091
51.5091
51.5091
53.651
53.651
51.5091
51.5091
51.5091
51.5091
53.651
51.5091
51.5091
51.5091
51.5091
51.5091
53.651
53.651
51.5091
51.5091
51.5091
51.5091
51.5091
51.5091
51.5091
51.5091
51.5091
51.5091
51.5091
51.5091
51.5091
51.5091
51.5091
53.651
53.651
51.5091
51.5091
51.5091
53.651
53.651
51.5091
51.5091
51.5091
51.5091
51.5091
51.5091
51.5091
51.5091
51.5091
51.5091
51.5091
51.5091
51.5091
51.5091
51.5091
51.5091
51.5091
51.5091
51.5091
51.5091
51.5091
51.5091
51.5091
51.5091
51.5091
51.5091
51.5091
51.5091
53.651
51.5091
51.5091
51.5091
51.5091
51.5091
51.5091
51.5091
51.5091
51.5091
51.5091
51.5091
51.5091
51.5091
51.5091
51.5091
51.5091
51.5091
51.5091
51.5091
51.5091
51.5091
51.5091
53.651
51.5091
51.5091
51.5091
51.5091
51.5091
51.5091
51.5091
51.5091
51.5091
51.5091
51.5091
51.5091
51.5091
51.5091
51.5091
51.5091
51.5091
51.5091
51.5091
51.5091
51.5091
51.5091
53.651
51.5091
51.5091
51.5091
51.5091
51.5091
51.5091
51.5091
51.5091
51.5091
51.5091
51.5091
51.5091
51.5091
51.5091
51.5091
51.5091
53.651
51.5091
51.5091
51.5091
51.5091
51.5091
51.5091
51.5091
51.5091
51.5091
51.5091
51.5091
51.5091
51.5091
51.5091
51.5091
51.5091
49.3672
51.5091
51.5091
51.5091
51.5091
51.5091
51.5091
51.5091
51.5091
51.5091
51.5091
51.5091
51.5091
51.5091
51.5091
51.5091
51.5091
51.5091
51.5091
51.5091
49.3672
49.3672
51.5091
51.5091
51.5091
51.5091
51.5091
51.5091
51.5091
51.5091
51.5091
51.5091
51.5091
51.5091
51.5091
51.5091
51.5091
49.3672
51.5091
51.5091
51.5091
51.5091
51.5091
51.5091
51.5091
51.5091
51.5091
51.5091
51.5091
51.5091
51.5091
51.5091
51.5091
51.5091
51.5091
51.5091
51.5091
49.3672
51.5091
51.5091
51.5091
51.5091
51.5091
51.5091
51.5091
51.5091
51.5091
51.5091
51.5091
51.5091
51.5091
51.5091
51.5091
51.5091
51.5091
51.5091
0
0
0
0
0
0
0
0
0
0
0
0
0
0
0
0
0
0
0
0
0
0
0
0
0
0
0
0
0
0
0
0
0
0
0
0
0
0
0
0
0
0
0
0
0
0
0
0
0
0
0
0
0
0
0
0
0
0
0
0
0
0
0
0
0
0
0
0
0
0
0
0
0
0
0
0
0
0
0
0
0
0
0
0
0
0
0
0
0
0
0
0
0
0
0
0
0
0
0
0
0
0
0
0
0
0
0
0
0
0
0
0
0
0
0
0
0
0
0
0
0
0
0
0
0
0
0
0
0
0
0
0
0
0
0
0
0
0
0
0
0
0
0
0
0
0
0
0
0
0
0
0
0
0
0
0
0
0
0
0
0
0
0
0
0
0
0
0
0
0
0
0
0
0
0
0
0
0
0
0
0
0
0
0
0
0
0
0
0
0
0
0
0
0
0
0
0
0
0
0
0
0
0
0
0
0
0
0
0
0
0
0
0
0
0
0
0
0
0
0
0
0
0
0
0
0
0
0
0
0
0
0
0
0
0
0
0
0
0
0
0
0
0
0
0
0
0
0
0
0
0
0
0
0
0
0
0
0
0
0
0
0
0
0
0
0
0
0
0
0
0
0
0
0
0
0
0
0
0
0
0
0
0
0
0
0
0
0
0
0
0
0
0
0
0
0
0
0
0
0
0
0
0
0
0
0
0
0
0
0
0
0
0
0
0
0
0
0
0
0
0
0
0
0
0
0
0
0
0
0
0
0
0
0
0
0
0
0
0
0
0
0
0
0
0
0
0
0
0
0
0
0
0
0
0
0
0
0
0
0
0
0
0
0
0
0
0
0
0
0
0
0
0
0
0
0
0
0
0
0
0
0
0
0
0
0
0
0
0
0
0
0
0
0
0
0
0
0
0
0
0
0
0
0
0
0
0
0
0
0
0
0
0
0
0
0
0
0
0
0
0
0
0
0
0
0
0
0
0
0
0
0
0
0
0
0
0
0
0
0
0
0
0
0
0
0
0
0
0
0
0
0
0
0
0
0
0
0
0
0
0
0
0
0
0
0
0
0
0
0
0
0
0
0
0
0
0
0
0
0
0
0
0
0
0
0
0
0
0
0
0
0
0
0
0
0
0
0
0
0
0
0
0
0
0
0
0
0
0
0
0
0
0
0
0
0
0
0
0
0
0
0
0
0
0
0
0
0
0
0
0
0
0
0
0
0
0
0
0
0
0
0
0
0
0
0
0
0
0
0
0
0
0
0
0
0
0
0
0
0
0
0
0
0
0
0
0
0
0
0
0
0
0
0
0
0
0
0
0
0
0
0
0
0
0
0
0
0
0
0
0
0
0
0
0
0
0
0
0
0
0
0
0
0
0
0
0
0
0
0
0
0
0
0
0
0
0
0
0
0
0
0
0
0
0
0
0
0
0
0
0
0
0
0
0
0
0
0
0
0
0
0
0
0
0
0
0
0
0
0
0
0
0
0
0
0
0
0
0
0
0
0
0
0
0
0
0
0
0
0
0
0
0
0
0
0
0
0
0
0
0
0
0
0
0
0
0
0
0
0
0
0
0
0
0
0
0
0
0
0
0
0
0
0
0
0
0
0
0
0
0
0
0
0
0
0
0
0
0
0
0
0
0
0
0
0
0
0
0
0
0
0
0
0
0
0
0
0
0
0
0
0
0
0
0
0
0
0
0
0
0
0
0
0
0
0
0
0
0
0
0
0
0
0
0
0
0
0
0
0
0
0
0
0
0
0
0
0
0
0
0
0
0
0
0
0
0
0
0
0
0
0
0
0
0
0
0
0
0
0
0
0
0
0
0
0
0
0
0
0
0
0
0
0
0
0
0
0
0
0
0
0
0
0
0
0
0
0
0
0
0
0
0
0
0
0
0
0
0
0
0
0
0
0
0
0
0
0
0
0
0
0
0
0
0
0
0
0
0
0
0
0
0
0
0
0
0
0
0
0
0
0
0
0
0
0
0
0
0
0
0
0
0
0
0
0
0
0
0
0
0
0
0
0
0
0
0
0
0
0
0
0
0
0
0
0
0
0
0
0
0
0
0
0
0
0
0
0
0
0
0
0
0
0
0
0
0
0
0
0
0
0
0
0
0
0
0
0
0
8.67002
939.801
702.325
100.771
77.2112
72.9276
70.7858
66.5021
66.5021
64.3603
64.3603
64.3603
64.3603
62.2185
64.3603
62.2185
62.2185
64.3603
62.2185
62.2185
62.2185
62.2185
62.2185
64.3603
62.2185
62.2185
62.2185
62.2185
62.2185
62.2185
62.2185
62.2185
62.2185
62.2185
62.2185
60.0766
62.2185
62.2185
62.2185
62.2185
60.0766
60.0766
62.2185
62.2185
60.0766
60.0766
60.0766
60.0766
60.0766
60.0766
60.0766
57.9347
60.0766
60.0766
57.9347
57.9347
57.9347
57.9347
57.9347
57.9347
55.7929
57.9347
55.7929
57.9347
55.7929
57.9347
55.7929
57.9347
55.7929
57.9347
55.7929
57.9347
55.7929
57.9347
55.7929
57.9347
55.7929
55.7929
55.7929
55.7929
55.7929
57.9347
55.7929
55.7929
55.7929
55.7929
55.7929
55.7929
55.7929
55.7929
55.7929
57.9347
55.7929
55.7929
55.7929
55.7929
57.9347
55.7929
55.7929
55.7929
55.7929
55.7929
55.7929
55.7929
55.7929
55.7929
55.7929
55.7929
55.7929
55.7929
55.7929
55.7929
55.7929
55.7929
55.7929
55.7929
55.7929
55.7929
55.7929
55.7929
57.9347
55.7929
55.7929
55.7929
55.7929
55.7929
55.7929
53.651
55.7929
55.7929
55.7929
55.7929
55.7929
55.7929
53.651
55.7929
55.7929
55.7929
55.7929
55.7929
55.7929
55.7929
55.7929
55.7929
55.7929
55.7929
55.7929
53.651
55.7929
55.7929
55.7929
55.7929
53.651
55.7929
55.7929
55.7929
55.7929
55.7929
55.7929
53.651
55.7929
55.7929
55.7929
53.651
55.7929
55.7929
55.7929
53.651
55.7929
55.7929
55.7929
53.651
55.7929
55.7929
55.7929
53.651
55.7929
55.7929
53.651
55.7929
55.7929
55.7929
55.7929
55.7929
53.651
55.7929
53.651
55.7929
53.651
55.7929
53.651
55.7929
55.7929
53.651
55.7929
53.651
55.7929
53.651
53.651
55.7929
53.651
55.7929
55.7929
55.7929
53.651
55.7929
53.651
53.651
55.7929
53.651
55.7929
53.651
55.7929
53.651
53.651
55.7929
53.651
55.7929
53.651
53.651
55.7929
53.651
53.651
55.7929
53.651
53.651
55.7929
53.651
53.651
55.7929
53.651
53.651
53.651
53.651
53.651
55.7929
53.651
53.651
53.651
55.7929
53.651
53.651
53.651
53.651
55.7929
53.651
53.651
55.7929
53.651
53.651
53.651
53.651
53.651
53.651
55.7929
55.7929
53.651
53.651
53.651
53.651
53.651
53.651
55.7929
53.651
53.651
53.651
53.651
53.651
53.651
53.651
53.651
53.651
53.651
53.651
53.651
53.651
53.651
53.651
53.651
53.651
53.651
53.651
53.651
53.651
53.651
53.651
53.651
53.651
53.651
53.651
53.651
53.651
53.651
53.651
51.5091
53.651
53.651
53.651
53.651
53.651
53.651
53.651
53.651
53.651
53.651
53.651
53.651
53.651
53.651
53.651
53.651
53.651
51.5091
51.5091
53.651
51.5091
53.651
53.651
53.651
53.651
53.651
53.651
53.651
53.651
53.651
53.651
53.651
53.651
53.651
53.651
53.651
53.651
51.5091
51.5091
53.651
53.651
53.651
53.651
53.651
53.651
53.651
53.651
53.651
53.651
53.651
53.651
51.5091
53.651
53.651
51.5091
53.651
53.651
51.5091
53.651
53.651
53.651
53.651
51.5091
53.651
53.651
53.651
53.651
51.5091
53.651
53.651
51.5091
53.651
53.651
53.651
51.5091
53.651
53.651
53.651
51.5091
53.651
53.651
53.651
53.651
53.651
53.651
51.5091
53.651
53.651
53.651
51.5091
51.5091
53.651
51.5091
53.651
51.5091
53.651
53.651
53.651
53.651
53.651
51.5091
51.5091
53.651
53.651
51.5091
53.651
53.651
53.651
53.651
53.651
53.651
51.5091
53.651
51.5091
53.651
51.5091
51.5091
51.5091
53.651
51.5091
51.5091
51.5091
51.5091
53.651
53.651
53.651
51.5091
51.5091
51.5091
51.5091
51.5091
53.651
51.5091
51.5091
53.651
51.5091
51.5091
51.5091
51.5091
53.651
51.5091
51.5091
53.651
51.5091
53.651
53.651
53.651
51.5091
53.651
53.651
53.651
51.5091
51.5091
53.651
51.5091
51.5091
51.5091
51.5091
53.651
51.5091
51.5091
51.5091
53.651
51.5091
53.651
53.651
51.5091
53.651
53.651
53.651
53.651
53.651
51.5091
51.5091
53.651
51.5091
53.651
53.651
53.651
51.5091
53.651
51.5091
53.651
53.651
51.5091
51.5091
51.5091
51.5091
53.651
51.5091
51.5091
51.5091
51.5091
51.5091
51.5091
53.651
53.651
51.5091
51.5091
51.5091
53.651
53.651
51.5091
53.651
53.651
51.5091
51.5091
51.5091
53.651
51.5091
51.5091
53.651
53.651
53.651
53.651
51.5091
53.651
53.651
51.5091
53.651
51.5091
51.5091
53.651
53.651
53.651
51.5091
53.651
53.651
51.5091
53.651
53.651
51.5091
51.5091
51.5091
51.5091
53.651
51.5091
51.5091
51.5091
51.5091
51.5091
51.5091
53.651
51.5091
51.5091
51.5091
53.651
51.5091
51.5091
51.5091
53.651
51.5091
53.651
51.5091
51.5091
51.5091
53.651
51.5091
51.5091
51.5091
51.5091
53.651
53.651
51.5091
51.5091
53.651
51.5091
51.5091
51.5091
53.651
51.5091
51.5091
51.5091
51.5091
51.5091
53.651
51.5091
51.5091
53.651
51.5091
51.5091
51.5091
51.5091
51.5091
53.651
53.651
51.5091
51.5091
53.651
51.5091
51.5091
53.651
53.651
51.5091
51.5091
51.5091
53.651
53.651
51.5091
51.5091
51.5091
51.5091
53.651
53.651
51.5091
51.5091
51.5091
53.651
51.5091
53.651
51.5091
51.5091
51.5091
51.5091
51.5091
53.651
51.5091
51.5091
51.5091
53.651
51.5091
51.5091
51.5091
53.651
51.5091
51.5091
51.5091
51.5091
51.5091
51.5091
53.651
51.5091
51.5091
51.5091
53.651
51.5091
51.5091
51.5091
53.651
51.5091
51.5091
53.651
53.651
51.5091
51.5091
51.5091
53.651
51.5091
53.651
51.5091
51.5091
51.5091
51.5091
53.651
51.5091
51.5091
51.5091
51.5091
51.5091
51.5091
53.651
51.5091
51.5091
51.5091
53.651
51.5091
51.5091
53.651
51.5091
51.5091
51.5091
51.5091
51.5091
53.651
51.5091
51.5091
53.651
53.651
51.5091
51.5091
51.5091
51.5091
53.651
51.5091
51.5091
53.651
53.651
51.5091
51.5091
51.5091
53.651
51.5091
51.5091
51.5091
51.5091
51.5091
51.5091
51.5091
51.5091
53.651
51.5091
51.5091
53.651
51.5091
51.5091
51.5091
51.5091
51.5091
53.651
51.5091
51.5091
51.5091
53.651
53.651
51.5091
51.5091
51.5091
51.5091
53.651
51.5091
51.5091
51.5091
51.5091
51.5091
53.651
53.651
51.5091
51.5091
53.651
53.651
51.5091
51.5091
51.5091
51.5091
51.5091
51.5091
51.5091
51.5091
51.5091
51.5091
53.651
51.5091
51.5091
51.5091
51.5091
51.5091
53.651
51.5091
51.5091
51.5091
51.5091
51.5091
53.651
51.5091
51.5091
51.5091
53.651
51.5091
51.5091
51.5091
51.5091
51.5091
51.5091
51.5091
51.5091
51.5091
53.651
51.5091
51.5091
51.5091
51.5091
51.5091
51.5091
51.5091
53.651
53.651
51.5091
51.5091
53.651
51.5091
51.5091
51.5091
51.5091
51.5091
53.651
51.5091
51.5091
51.5091
51.5091
51.5091
53.651
53.651
51.5091
51.5091
53.651
51.5091
51.5091
51.5091
51.5091
51.5091
51.5091
51.5091
51.5091
53.651
51.5091
51.5091
51.5091
51.5091
51.5091
53.651
51.5091
51.5091
51.5091
51.5091
53.651
53.651
53.651
51.5091
51.5091
53.651
51.5091
51.5091
51.5091
51.5091
53.651
51.5091
51.5091
51.5091
51.5091
51.5091
51.5091
51.5091
51.5091
51.5091
53.651
51.5091
51.5091
51.5091
51.5091
51.5091
53.651
53.651
53.651
51.5091
51.5091
51.5091
53.651
51.5091
51.5091
51.5091
51.5091
51.5091
53.651
51.5091
51.5091
51.5091
51.5091
51.5091
51.5091
51.5091
53.651
53.651
51.5091
51.5091
51.5091
51.5091
51.5091
51.5091
51.5091
51.5091
51.5091
51.5091
53.651
51.5091
51.5091
51.5091
51.5091
51.5091
53.651
51.5091
51.5091
51.5091
51.5091
51.5091
51.5091
51.5091
51.5091
51.5091
51.5091
51.5091
53.651
51.5091
51.5091
51.5091
51.5091
51.5091
51.5091
51.5091
51.5091
51.5091
51.5091
51.5091
51.5091
51.5091
51.5091
51.5091
51.5091
53.651
53.651
51.5091
51.5091
51.5091
51.5091
51.5091
51.5091
51.5091
51.5091
51.5091
51.5091
53.651
51.5091
51.5091
51.5091
51.5091
51.5091
51.5091
51.5091
51.5091
51.5091
51.5091
51.5091
51.5091
51.5091
51.5091
51.5091
51.5091
51.5091
53.651
51.5091
51.5091
51.5091
51.5091
51.5091
51.5091
51.5091
51.5091
51.5091
51.5091
53.651
51.5091
51.5091
51.5091
51.5091
51.5091
51.5091
51.5091
51.5091
53.651
51.5091
51.5091
51.5091
51.5091
51.5091
51.5091
51.5091
51.5091
51.5091
51.5091
53.651
51.5091
51.5091
51.5091
51.5091
51.5091
51.5091
53.651
51.5091
51.5091
51.5091
53.651
53.651
53.651
51.5091
51.5091
51.5091
51.5091
51.5091
51.5091
51.5091
51.5091
51.5091
51.5091
53.651
51.5091
51.5091
51.5091
51.5091
51.5091
51.5091
53.651
51.5091
51.5091
51.5091
51.5091
53.651
53.651
51.5091
51.5091
51.5091
51.5091
51.5091
51.5091
51.5091
51.5091
51.5091
51.5091
53.651
51.5091
51.5091
51.5091
51.5091
51.5091
51.5091
51.5091
51.5091
51.5091
51.5091
51.5091
51.5091
53.651
53.651
51.5091
51.5091
51.5091
51.5091
51.5091
51.5091
51.5091
51.5091
51.5091
51.5091
51.5091
51.5091
51.5091
51.5091
51.5091
51.5091
51.5091
53.651
51.5091
51.5091
51.5091
51.5091
51.5091
51.5091
51.5091
51.5091
51.5091
51.5091
51.5091
53.651
53.651
51.5091
51.5091
51.5091
51.5091
51.5091
51.5091
51.5091
51.5091
51.5091
51.5091
51.5091
51.5091
51.5091
51.5091
51.5091
51.5091
51.5091
51.5091
51.5091
51.5091
51.5091
51.5091
51.5091
51.5091
51.5091
51.5091
51.5091
51.5091
51.5091
51.5091
51.5091
51.5091
51.5091
51.5091
53.651
51.5091
51.5091
51.5091
51.5091
51.5091
51.5091
51.5091
51.5091
51.5091
51.5091
51.5091
51.5091
51.5091
51.5091
51.5091
51.5091
51.5091
51.5091
51.5091
51.5091
51.5091
51.5091
49.3672
51.5091
51.5091
51.5091
51.5091
51.5091
51.5091
51.5091
51.5091
51.5091
51.5091
51.5091
51.5091
51.5091
51.5091
51.5091
51.5091
51.5091
51.5091
51.5091
51.5091
51.5091
51.5091
51.5091
51.5091
51.5091
51.5091
51.5091
51.5091
51.5091
51.5091
51.5091
51.5091
51.5091
51.5091
51.5091
51.5091
51.5091
51.5091
51.5091
51.5091
51.5091
51.5091
51.5091
51.5091
51.5091
51.5091
51.5091
51.5091
51.5091
51.5091
51.5091
51.5091
51.5091
51.5091
51.5091
51.5091
51.5091
51.5091
51.5091
51.5091
51.5091
51.5091
51.5091
49.3672
51.5091
51.5091
51.5091
51.5091
51.5091
51.5091
51.5091
51.5091
51.5091
51.5091
51.5091
51.5091
36.5157
0
0
0
0
0
0
0
0
0
0
0
0
0
0
0
0
0
0
0
0
0
0
0
0
0
0
0
0
0
0
0
0
0
0
0
0
0
0
0
0
0
0
0
0
0
0
0
0
0
0
0
0
0
0
0
0
0
0
0
0
0
0
0
0
0
0
0
0
0
0
0
0
0
0
0
0
0
0
0
0
0
0
0
0
0
0
0
0
0
0
0
0
0
0
0
0
0
0
0
0
0
0
0
0
0
0
0
0
0
0
0
0
0
0
0
0
0
0
0
0
0
0
0
0
0
0
0
0
0
0
0
0
0
0
0
0
0
0
0
0
0
0
0
0
0
0
0
0
0
0
0
0
0
0
0
0
0
0
0
0
0
0
0
0
0
0
0
0
0
0
0
0
0
0
0
0
0
0
0
0
0
0
0
0
0
0
0
0
0
0
0
0
0
0
0
0
0
0
0
0
0
0
0
0
0
0
0
0
0
0
0
0
0
0
0
0
0
0
0
0
0
0
0
0
0
0
0
0
0
0
0
0
0
0
0
0
0
0
0
0
0
0
0
0
0
0
0
0
0
0
0
0
0
0
0
0
0
0
0
0
0
0
0
0
0
0
0
0
0
0
0
0
0
0
0
0
0
0
0
0
0
0
0
0
0
0
0
0
0
0
0
0
0
0
0
0
0
0
0
0
0
0
0
0
0
0
0
0
0
0
0
0
0
0
0
0
0
0
0
0
0
0
0
0
0
0
0
0
0
0
0
0
0
0
0
0
0
0
0
0
0
0
0
0
0
0
0
0
0
0
0
0
0
0
0
0
0
0
0
0
0
0
0
0
0
0
0
0
0
0
0
0
0
0
0
0
0
0
0
0
0
0
0
0
0
0
0
0
0
0
0
0
0
0
0
0
0
0
0
0
0
0
0
0
0
0
0
0
0
0
0
0
0
0
0
0
0
0
0
0
0
0
0
0
0
0
0
0
0
0
0
0
0
0
0
0
0
0
0
0
0
0
0
0
0
0
0
0
0
0
0
0
0
0
0
0
0
0
0
0
0
0
0
0
0
0
0
0
0
0
0
0
0
0
0
0
0
0
0
0
0
0
0
0
0
0
0
0
0
0
0
0
0
0
0
0
0
0
0
0
0
0
0
0
0
0
0
0
0
0
0
0
0
0
0
0
0
0
0
0
0
0
0
0
0
0
0
0
0
0
0
0
0
0
0
0
0
0
0
0
0
0
0
0
0
0
0
0
0
0
0
0
0
0
0
0
0
0
0
0
0
0
0
0
0
0
0
0
0
0
0
0
0
0
0
0
0
0
0
0
0
0
0
0
0
0
0
0
0
0
0
0
0
0
0
0
0
0
0
0
0
0
0
0
0
0
0
0
0
0
0
0
0
0
0
0
0
0
0
0
0
0
0
0
0
0
0
0
0
0
0
0
0
0
0
0
0
0
0
0
0
0
0
0
0
0
0
0
0
0
0
0
0
0
0
0
0
0
0
0
0
0
0
0
0
0
0
0
0
0
0
0
0
0
0
0
0
0
0
0
0
0
0
0
0
0
0
0
0
0
0
0
0
0
0
0
0
0
0
0
0
0
0
0
0
0
0
0
0
0
0
0
0
0
0
0
0
0
0
0
0
0
0
0
0
0
0
0
0
0
0
0
0
0
0
0
0
0
0
0
0
0
0
0
0
0
0
0
0
0
0
0
0
0
0
0
0
0
0
0
0
0
0
0
0
0
0
0
0
0
0
0
0
0
0
0
0
0
0
0
0
0
0
0
0
0
0
0
0
0
0
0
0
0
0
0
0
0
0
0
0
0
0
0
0
0
0
0
0
0
0
0
0
0
0
0
0
0
0
0
0
0
0
0
0
0
0
0
0
0
0
0
0
0
0
0
0
0
0
0
0
0
0
0
0
0
0
0
0
0
0
0
0
0
0
0
0
0
0
0
0
0
0
0
0
0
0
0
0
0
0
0
0
0
0
0
0
0
0
0
0
0
0
0
0
0
0
0
0
0
0
0
0
0
0
0
0
0
0
0
0
0
0
0
0
0
0
0
0
0
0
0
0
0
0
0
0
0
0
0
0
0
0
0
0
0
0
0
0
0
0
0
0
0
0
0
0
0
0
0
0
0
0
0
830.701
830.701
548.242
90.0619
72.9276
72.9276
68.644
66.5021
66.5021
64.3603
64.3603
62.2185
64.3603
64.3603
62.2185
64.3603
62.2185
62.2185
62.2185
64.3603
62.2185
62.2185
62.2185
62.2185
62.2185
62.2185
62.2185
60.0766
62.2185
62.2185
60.0766
60.0766
62.2185
60.0766
60.0766
60.0766
60.0766
62.2185
60.0766
60.0766
60.0766
60.0766
60.0766
60.0766
60.0766
60.0766
60.0766
60.0766
57.9347
60.0766
57.9347
57.9347
57.9347
57.9347
57.9347
57.9347
57.9347
55.7929
55.7929
55.7929
55.7929
55.7929
55.7929
57.9347
55.7929
57.9347
55.7929
57.9347
55.7929
55.7929
55.7929
55.7929
55.7929
55.7929
55.7929
55.7929
55.7929
55.7929
53.651
55.7929
53.651
53.651
53.651
55.7929
55.7929
55.7929
53.651
55.7929
55.7929
55.7929
53.651
53.651
55.7929
55.7929
53.651
55.7929
53.651
55.7929
55.7929
53.651
53.651
53.651
53.651
53.651
53.651
53.651
53.651
53.651
53.651
55.7929
53.651
55.7929
55.7929
55.7929
55.7929
53.651
55.7929
55.7929
55.7929
53.651
53.651
53.651
53.651
53.651
53.651
53.651
55.7929
53.651
53.651
55.7929
53.651
55.7929
53.651
55.7929
55.7929
53.651
55.7929
53.651
55.7929
53.651
53.651
53.651
55.7929
53.651
55.7929
53.651
55.7929
53.651
53.651
55.7929
53.651
53.651
55.7929
53.651
55.7929
53.651
53.651
53.651
55.7929
53.651
53.651
55.7929
53.651
55.7929
53.651
53.651
53.651
55.7929
53.651
53.651
53.651
53.651
53.651
53.651
53.651
55.7929
53.651
53.651
53.651
53.651
53.651
53.651
53.651
53.651
53.651
53.651
55.7929
55.7929
53.651
55.7929
53.651
53.651
53.651
53.651
55.7929
55.7929
53.651
53.651
53.651
53.651
53.651
53.651
53.651
55.7929
55.7929
53.651
53.651
51.5091
53.651
53.651
53.651
53.651
53.651
53.651
53.651
53.651
53.651
53.651
53.651
53.651
53.651
53.651
53.651
53.651
53.651
51.5091
51.5091
53.651
53.651
53.651
53.651
51.5091
53.651
53.651
53.651
53.651
53.651
53.651
53.651
53.651
53.651
51.5091
51.5091
53.651
53.651
53.651
51.5091
53.651
53.651
51.5091
51.5091
53.651
53.651
51.5091
53.651
51.5091
51.5091
51.5091
53.651
51.5091
53.651
53.651
51.5091
53.651
51.5091
53.651
51.5091
51.5091
53.651
53.651
51.5091
53.651
51.5091
53.651
53.651
51.5091
53.651
51.5091
51.5091
53.651
53.651
53.651
53.651
53.651
53.651
53.651
51.5091
51.5091
51.5091
53.651
51.5091
53.651
51.5091
53.651
53.651
53.651
53.651
51.5091
51.5091
53.651
53.651
53.651
53.651
51.5091
51.5091
51.5091
51.5091
53.651
51.5091
53.651
51.5091
53.651
51.5091
51.5091
51.5091
53.651
53.651
51.5091
51.5091
53.651
51.5091
51.5091
53.651
53.651
53.651
51.5091
51.5091
53.651
51.5091
53.651
51.5091
51.5091
53.651
51.5091
51.5091
53.651
51.5091
53.651
51.5091
53.651
53.651
51.5091
51.5091
53.651
51.5091
53.651
53.651
51.5091
51.5091
53.651
51.5091
51.5091
53.651
51.5091
51.5091
53.651
51.5091
51.5091
53.651
51.5091
51.5091
51.5091
53.651
51.5091
51.5091
53.651
51.5091
51.5091
51.5091
53.651
51.5091
51.5091
53.651
51.5091
51.5091
51.5091
51.5091
53.651
51.5091
51.5091
51.5091
53.651
51.5091
51.5091
51.5091
51.5091
51.5091
51.5091
51.5091
51.5091
51.5091
53.651
53.651
51.5091
51.5091
53.651
51.5091
53.651
51.5091
53.651
51.5091
53.651
51.5091
53.651
51.5091
51.5091
53.651
51.5091
53.651
51.5091
53.651
53.651
53.651
53.651
51.5091
51.5091
53.651
53.651
51.5091
51.5091
51.5091
53.651
51.5091
51.5091
53.651
51.5091
53.651
51.5091
51.5091
53.651
51.5091
53.651
53.651
51.5091
53.651
51.5091
51.5091
51.5091
51.5091
51.5091
51.5091
51.5091
51.5091
51.5091
51.5091
53.651
51.5091
53.651
51.5091
53.651
53.651
51.5091
53.651
53.651
51.5091
51.5091
53.651
51.5091
51.5091
51.5091
53.651
53.651
51.5091
53.651
51.5091
51.5091
51.5091
51.5091
53.651
51.5091
53.651
51.5091
51.5091
51.5091
53.651
51.5091
51.5091
51.5091
51.5091
53.651
53.651
51.5091
51.5091
51.5091
53.651
51.5091
53.651
53.651
51.5091
51.5091
51.5091
53.651
51.5091
53.651
53.651
51.5091
51.5091
53.651
51.5091
51.5091
53.651
51.5091
51.5091
51.5091
53.651
51.5091
51.5091
51.5091
51.5091
51.5091
51.5091
51.5091
53.651
51.5091
51.5091
51.5091
51.5091
51.5091
51.5091
53.651
53.651
51.5091
51.5091
53.651
51.5091
51.5091
51.5091
51.5091
51.5091
51.5091
51.5091
51.5091
51.5091
51.5091
51.5091
51.5091
51.5091
51.5091
51.5091
51.5091
51.5091
51.5091
53.651
51.5091
51.5091
51.5091
51.5091
51.5091
53.651
51.5091
51.5091
51.5091
51.5091
51.5091
53.651
51.5091
51.5091
51.5091
51.5091
53.651
51.5091
51.5091
51.5091
51.5091
53.651
51.5091
51.5091
51.5091
51.5091
51.5091
51.5091
51.5091
51.5091
51.5091
51.5091
53.651
51.5091
51.5091
51.5091
51.5091
51.5091
51.5091
53.651
51.5091
51.5091
51.5091
53.651
51.5091
51.5091
51.5091
51.5091
51.5091
51.5091
51.5091
51.5091
51.5091
51.5091
51.5091
51.5091
51.5091
51.5091
51.5091
51.5091
53.651
51.5091
51.5091
51.5091
51.5091
51.5091
51.5091
51.5091
51.5091
51.5091
51.5091
51.5091
51.5091
51.5091
51.5091
51.5091
51.5091
53.651
53.651
51.5091
51.5091
51.5091
51.5091
51.5091
53.651
53.651
53.651
51.5091
51.5091
51.5091
51.5091
51.5091
51.5091
51.5091
51.5091
51.5091
51.5091
51.5091
51.5091
51.5091
51.5091
51.5091
51.5091
51.5091
51.5091
51.5091
51.5091
51.5091
51.5091
51.5091
51.5091
51.5091
51.5091
51.5091
51.5091
51.5091
51.5091
51.5091
51.5091
51.5091
51.5091
53.651
53.651
51.5091
51.5091
51.5091
51.5091
51.5091
51.5091
51.5091
51.5091
51.5091
51.5091
51.5091
53.651
53.651
51.5091
51.5091
51.5091
51.5091
51.5091
51.5091
51.5091
51.5091
51.5091
51.5091
53.651
51.5091
51.5091
51.5091
51.5091
51.5091
51.5091
51.5091
51.5091
51.5091
51.5091
51.5091
51.5091
51.5091
51.5091
51.5091
51.5091
51.5091
51.5091
51.5091
51.5091
51.5091
51.5091
51.5091
51.5091
51.5091
53.651
53.651
51.5091
51.5091
51.5091
51.5091
51.5091
51.5091
51.5091
51.5091
51.5091
53.651
51.5091
51.5091
51.5091
51.5091
51.5091
51.5091
51.5091
51.5091
51.5091
51.5091
51.5091
51.5091
53.651
51.5091
51.5091
51.5091
51.5091
51.5091
51.5091
51.5091
51.5091
51.5091
51.5091
51.5091
51.5091
51.5091
51.5091
51.5091
51.5091
51.5091
51.5091
51.5091
51.5091
51.5091
51.5091
53.651
51.5091
51.5091
51.5091
51.5091
51.5091
51.5091
51.5091
51.5091
51.5091
51.5091
51.5091
53.651
51.5091
51.5091
51.5091
51.5091
51.5091
51.5091
51.5091
51.5091
51.5091
51.5091
51.5091
51.5091
51.5091
51.5091
51.5091
51.5091
51.5091
51.5091
51.5091
51.5091
51.5091
51.5091
51.5091
51.5091
51.5091
51.5091
51.5091
51.5091
51.5091
51.5091
51.5091
51.5091
51.5091
51.5091
51.5091
51.5091
51.5091
51.5091
51.5091
51.5091
51.5091
51.5091
51.5091
51.5091
51.5091
51.5091
51.5091
51.5091
51.5091
51.5091
51.5091
51.5091
51.5091
51.5091
51.5091
51.5091
51.5091
51.5091
51.5091
51.5091
53.651
53.651
51.5091
51.5091
51.5091
51.5091
51.5091
51.5091
51.5091
53.651
51.5091
51.5091
51.5091
51.5091
51.5091
51.5091
51.5091
53.651
51.5091
51.5091
51.5091
51.5091
51.5091
51.5091
51.5091
51.5091
51.5091
53.651
53.651
51.5091
51.5091
51.5091
51.5091
51.5091
51.5091
51.5091
51.5091
51.5091
51.5091
51.5091
51.5091
51.5091
51.5091
51.5091
51.5091
51.5091
51.5091
51.5091
51.5091
51.5091
53.651
53.651
53.651
51.5091
51.5091
51.5091
51.5091
51.5091
51.5091
51.5091
51.5091
51.5091
51.5091
53.651
53.651
53.651
51.5091
51.5091
51.5091
51.5091
51.5091
51.5091
51.5091
51.5091
51.5091
51.5091
53.651
51.5091
51.5091
51.5091
51.5091
51.5091
51.5091
51.5091
51.5091
51.5091
53.651
51.5091
51.5091
51.5091
51.5091
51.5091
51.5091
53.651
53.651
53.651
51.5091
51.5091
51.5091
51.5091
51.5091
51.5091
51.5091
51.5091
53.651
49.3672
53.651
51.5091
51.5091
51.5091
51.5091
51.5091
51.5091
51.5091
51.5091
51.5091
51.5091
51.5091
51.5091
51.5091
51.5091
51.5091
51.5091
51.5091
51.5091
51.5091
51.5091
51.5091
51.5091
51.5091
51.5091
51.5091
51.5091
51.5091
53.651
51.5091
51.5091
51.5091
51.5091
51.5091
51.5091
51.5091
51.5091
51.5091
51.5091
51.5091
51.5091
51.5091
51.5091
51.5091
51.5091
51.5091
51.5091
51.5091
51.5091
51.5091
51.5091
51.5091
51.5091
51.5091
51.5091
51.5091
51.5091
51.5091
51.5091
51.5091
51.5091
51.5091
51.5091
51.5091
51.5091
51.5091
51.5091
51.5091
51.5091
51.5091
51.5091
51.5091
51.5091
51.5091
51.5091
51.5091
51.5091
51.5091
51.5091
51.5091
51.5091
51.5091
51.5091
51.5091
51.5091
51.5091
51.5091
51.5091
51.5091
51.5091
51.5091
51.5091
51.5091
51.5091
51.5091
51.5091
51.5091
51.5091
51.5091
51.5091
51.5091
51.5091
51.5091
51.5091
51.5091
51.5091
51.5091
51.5091
51.5091
51.5091
51.5091
51.5091
51.5091
51.5091
51.5091
51.5091
51.5091
51.5091
51.5091
51.5091
51.5091
51.5091
51.5091
51.5091
51.5091
51.5091
51.5091
51.5091
51.5091
51.5091
51.5091
51.5091
51.5091
51.5091
51.5091
51.5091
51.5091
51.5091
51.5091
51.5091
51.5091
51.5091
51.5091
51.5091
51.5091
51.5091
51.5091
51.5091
51.5091
51.5091
51.5091
51.5091
51.5091
51.5091
51.5091
51.5091
51.5091
51.5091
51.5091
51.5091
51.5091
51.5091
51.5091
51.5091
51.5091
51.5091
51.5091
51.5091
51.5091
51.5091
51.5091
51.5091
51.5091
51.5091
51.5091
51.5091
51.5091
51.5091
51.5091
51.5091
51.5091
51.5091
51.5091
51.5091
49.3672
51.5091
51.5091
51.5091
51.5091
51.5091
51.5091
51.5091
51.5091
51.5091
51.5091
51.5091
51.5091
51.5091
51.5091
51.5091
49.3672
51.5091
51.5091
51.5091
51.5091
51.5091
51.5091
51.5091
51.5091
51.5091
51.5091
51.5091
51.5091
49.3672
51.5091
51.5091
51.5091
51.5091
51.5091
51.5091
45.0834
0
0
0
0
0
0
0
0
0
0
0
0
0
0
0
0
0
0
0
0
0
0
0
0
0
0
0
0
0
0
0
0
0
0
0
0
0
0
0
0
0
0
0
0
0
0
0
0
0
0
0
0
0
0
0
0
0
0
0
0
0
0
0
0
0
0
0
0
0
0
0
0
0
0
0
0
0
0
0
0
0
0
0
0
0
0
0
0
0
0
0
0
0
0
0
0
0
0
0
0
0
0
0
0
0
0
0
0
0
0
0
0
0
0
0
0
0
0
0
0
0
0
0
0
0
0
0
0
0
0
0
0
0
0
0
0
0
0
0
0
0
0
0
0
0
0
0
0
0
0
0
0
0
0
0
0
0
0
0
0
0
0
0
0
0
0
0
0
0
0
0
0
0
0
0
0
0
0
0
0
0
0
0
0
0
0
0
0
0
0
0
0
0
0
0
0
0
0
0
0
0
0
0
0
0
0
0
0
0
0
0
0
0
0
0
0
0
0
0
0
0
0
0
0
0
0
0
0
0
0
0
0
0
0
0
0
0
0
0
0
0
0
0
0
0
0
0
0
0
0
0
0
0
0
0
0
0
0
0
0
0
0
0
0
0
0
0
0
0
0
0
0
0
0
0
0
0
0
0
0
0
0
0
0
0
0
0
0
0
0
0
0
0
0
0
0
0
0
0
0
0
0
0
0
0
0
0
0
0
0
0
0
0
0
0
0
0
0
0
0
0
0
0
0
0
0
0
0
0
0
0
0
0
0
0
0
0
0
0
0
0
0
0
0
0
0
0
0
0
0
0
0
0
0
0
0
0
0
0
0
0
0
0
0
0
0
0
0
0
0
0
0
0
0
0
0
0
0
0
0
0
0
0
0
0
0
0
0
0
0
0
0
0
0
0
0
0
0
0
0
0
0
0
0
0
0
0
0
0
0
0
0
0
0
0
0
0
0
0
0
0
0
0
0
0
0
0
0
0
0
0
0
0
0
0
0
0
0
0
0
0
0
0
0
0
0
0
0
0
0
0
0
0
0
0
0
0
0
0
0
0
0
0
0
0
0
0
0
0
0
0
0
0
0
0
0
0
0
0
0
0
0
0
0
0
0
0
0
0
0
0
0
0
0
0
0
0
0
0
0
0
0
0
0
0
0
0
0
0
0
0
0
0
0
0
0
0
0
0
0
0
0
0
0
0
0
0
0
0
0
0
0
0
0
0
0
0
0
0
0
0
0
0
0
0
0
0
0
0
0
0
0
0
0
0
0
0
0
0
0
0
0
0
0
0
0
0
0
0
0
0
0
0
0
0
0
0
0
0
0
0
0
0
0
0
0
0
0
0
0
0
0
0
0
0
0
0
0
0
0
0
0
0
0
0
0
0
0
0
0
0
0
0
0
0
0
0
0
0
0
0
0
0
0
0
0
0
0
0
0
0
0
0
0
0
0
0
0
0
0
0
0
0
0
0
0
0
0
0
0
0
0
0
0
0
0
0
0
0
0
0
0
0
0
0
0
0
0
0
0
0
0
0
0
0
0
0
0
0
0
0
0
0
0
0
0
0
0
0
0
0
0
0
0
0
0
0
0
0
0
0
0
0
0
0
0
0
0
0
0
0
0
0
0
0
0
0
0
0
0
0
0
0
0
0
0
0
0
0
0
0
0
0
0
0
0
0
0
0
0
0
0
0
0
0
0
0
0
0
0
0
0
0
0
0
0
0
0
0
0
0
0
0
0
0
0
0
0
0
0
0
0
0
0
0
0
0
0
0
0
0
0
0
0
0
0
0
0
0
0
0
0
0
0
0
0
0
0
0
0
0
0
0
0
0
0
0
0
0
0
0
0
0
0
0
0
0
0
0
0
0
0
0
0
0
0
0
0
0
0
0
0
0
0
0
0
0
0
0
0
0
0
0
0
0
0
0
0
0
0
0
0
0
0
0
0
0
0
0
0
0
0
0
0
0
0
0
0
0
0
0
0
0
0
0
0
0
0
0
0
0
0
0
0
0
0
0
0
0
0
0
0
0
0
0
0
0
0
0
0
0
0
0
0
0
0
0
0
0
0
0
0
0
0
0
0
0
0
0
0
0
0
0
0
0
0
0
0
0
0
0
0
0
0
0
0
933.384
933.384
702.325
702.325
79.353
72.9276
68.644
68.644
68.644
64.3603
64.3603
64.3603
64.3603
64.3603
64.3603
64.3603
62.2185
64.3603
64.3603
64.3603
62.2185
62.2185
62.2185
62.2185
62.2185
62.2185
62.2185
62.2185
62.2185
62.2185
62.2185
62.2185
62.2185
62.2185
62.2185
62.2185
62.2185
60.0766
60.0766
60.0766
62.2185
62.2185
62.2185
60.0766
60.0766
62.2185
62.2185
60.0766
60.0766
60.0766
57.9347
60.0766
57.9347
57.9347
60.0766
57.9347
57.9347
57.9347
55.7929
55.7929
55.7929
55.7929
57.9347
55.7929
57.9347
57.9347
55.7929
57.9347
55.7929
55.7929
57.9347
57.9347
55.7929
55.7929
57.9347
55.7929
55.7929
55.7929
55.7929
55.7929
55.7929
55.7929
55.7929
55.7929
55.7929
55.7929
55.7929
55.7929
55.7929
55.7929
55.7929
57.9347
57.9347
55.7929
55.7929
55.7929
55.7929
55.7929
55.7929
55.7929
55.7929
55.7929
55.7929
55.7929
55.7929
55.7929
55.7929
55.7929
55.7929
55.7929
55.7929
55.7929
55.7929
55.7929
55.7929
55.7929
55.7929
55.7929
55.7929
55.7929
55.7929
55.7929
55.7929
55.7929
55.7929
53.651
53.651
55.7929
55.7929
55.7929
55.7929
55.7929
55.7929
55.7929
55.7929
55.7929
55.7929
55.7929
55.7929
55.7929
55.7929
55.7929
55.7929
55.7929
55.7929
55.7929
53.651
55.7929
55.7929
55.7929
53.651
53.651
55.7929
55.7929
53.651
53.651
55.7929
55.7929
53.651
53.651
55.7929
55.7929
55.7929
55.7929
55.7929
53.651
53.651
55.7929
55.7929
53.651
55.7929
53.651
55.7929
55.7929
55.7929
55.7929
55.7929
55.7929
55.7929
55.7929
53.651
53.651
53.651
55.7929
55.7929
53.651
53.651
55.7929
53.651
55.7929
55.7929
55.7929
53.651
55.7929
55.7929
55.7929
53.651
53.651
55.7929
55.7929
55.7929
53.651
53.651
53.651
55.7929
53.651
53.651
55.7929
55.7929
55.7929
55.7929
53.651
53.651
53.651
53.651
53.651
53.651
55.7929
55.7929
55.7929
55.7929
55.7929
55.7929
53.651
53.651
53.651
53.651
55.7929
55.7929
53.651
53.651
53.651
53.651
53.651
53.651
53.651
53.651
55.7929
53.651
53.651
53.651
53.651
53.651
53.651
53.651
53.651
53.651
53.651
53.651
53.651
53.651
53.651
53.651
53.651
53.651
53.651
55.7929
55.7929
55.7929
53.651
53.651
53.651
53.651
53.651
53.651
53.651
53.651
53.651
53.651
53.651
53.651
53.651
53.651
53.651
53.651
53.651
53.651
53.651
53.651
53.651
53.651
53.651
51.5091
53.651
53.651
53.651
53.651
53.651
53.651
53.651
51.5091
53.651
53.651
53.651
53.651
53.651
51.5091
51.5091
53.651
53.651
53.651
53.651
53.651
53.651
53.651
53.651
53.651
51.5091
53.651
53.651
53.651
51.5091
53.651
53.651
51.5091
53.651
53.651
51.5091
51.5091
53.651
53.651
51.5091
51.5091
53.651
53.651
51.5091
51.5091
51.5091
51.5091
53.651
51.5091
51.5091
53.651
53.651
53.651
53.651
53.651
51.5091
53.651
53.651
53.651
53.651
53.651
53.651
51.5091
53.651
53.651
51.5091
53.651
53.651
51.5091
53.651
53.651
53.651
53.651
51.5091
51.5091
53.651
53.651
51.5091
53.651
51.5091
51.5091
51.5091
53.651
53.651
53.651
53.651
53.651
53.651
53.651
53.651
53.651
53.651
53.651
53.651
51.5091
51.5091
53.651
51.5091
51.5091
51.5091
51.5091
51.5091
51.5091
53.651
53.651
51.5091
51.5091
53.651
51.5091
51.5091
51.5091
53.651
53.651
53.651
53.651
51.5091
53.651
51.5091
51.5091
53.651
51.5091
53.651
51.5091
53.651
51.5091
53.651
53.651
51.5091
51.5091
53.651
51.5091
51.5091
51.5091
53.651
51.5091
53.651
51.5091
53.651
51.5091
51.5091
51.5091
53.651
51.5091
53.651
53.651
53.651
53.651
51.5091
53.651
51.5091
53.651
51.5091
51.5091
51.5091
51.5091
51.5091
51.5091
51.5091
51.5091
51.5091
51.5091
51.5091
51.5091
53.651
53.651
53.651
53.651
51.5091
51.5091
51.5091
51.5091
51.5091
51.5091
53.651
51.5091
51.5091
51.5091
51.5091
53.651
51.5091
53.651
53.651
53.651
51.5091
51.5091
51.5091
51.5091
51.5091
53.651
51.5091
51.5091
53.651
53.651
53.651
53.651
51.5091
53.651
53.651
53.651
53.651
53.651
53.651
53.651
53.651
51.5091
51.5091
51.5091
53.651
53.651
51.5091
51.5091
53.651
53.651
51.5091
51.5091
51.5091
51.5091
51.5091
51.5091
51.5091
51.5091
51.5091
51.5091
53.651
53.651
51.5091
51.5091
51.5091
51.5091
51.5091
53.651
51.5091
51.5091
51.5091
51.5091
51.5091
51.5091
53.651
51.5091
51.5091
51.5091
51.5091
51.5091
51.5091
51.5091
51.5091
51.5091
51.5091
51.5091
51.5091
51.5091
51.5091
53.651
51.5091
51.5091
51.5091
51.5091
51.5091
51.5091
51.5091
51.5091
53.651
51.5091
51.5091
51.5091
51.5091
51.5091
51.5091
51.5091
51.5091
51.5091
51.5091
51.5091
51.5091
51.5091
51.5091
51.5091
51.5091
51.5091
51.5091
51.5091
51.5091
53.651
51.5091
51.5091
51.5091
51.5091
51.5091
51.5091
51.5091
51.5091
51.5091
51.5091
51.5091
51.5091
53.651
51.5091
51.5091
51.5091
51.5091
51.5091
51.5091
51.5091
53.651
51.5091
51.5091
51.5091
51.5091
51.5091
53.651
51.5091
51.5091
51.5091
51.5091
51.5091
51.5091
51.5091
51.5091
51.5091
51.5091
51.5091
51.5091
51.5091
51.5091
51.5091
53.651
51.5091
51.5091
51.5091
51.5091
51.5091
51.5091
51.5091
51.5091
51.5091
51.5091
51.5091
51.5091
51.5091
51.5091
51.5091
51.5091
51.5091
51.5091
51.5091
51.5091
49.3672
51.5091
51.5091
51.5091
51.5091
51.5091
51.5091
51.5091
51.5091
51.5091
51.5091
51.5091
51.5091
51.5091
51.5091
51.5091
51.5091
51.5091
53.651
51.5091
51.5091
51.5091
51.5091
51.5091
51.5091
51.5091
53.651
51.5091
51.5091
51.5091
51.5091
51.5091
51.5091
51.5091
53.651
53.651
51.5091
51.5091
51.5091
53.651
51.5091
51.5091
51.5091
51.5091
51.5091
51.5091
51.5091
51.5091
51.5091
51.5091
51.5091
51.5091
51.5091
51.5091
51.5091
53.651
53.651
53.651
51.5091
51.5091
51.5091
51.5091
51.5091
51.5091
51.5091
53.651
51.5091
51.5091
51.5091
51.5091
51.5091
51.5091
51.5091
51.5091
51.5091
51.5091
51.5091
51.5091
51.5091
51.5091
51.5091
51.5091
53.651
51.5091
51.5091
51.5091
51.5091
53.651
51.5091
51.5091
51.5091
51.5091
51.5091
51.5091
51.5091
51.5091
51.5091
51.5091
53.651
51.5091
51.5091
51.5091
51.5091
53.651
53.651
51.5091
51.5091
51.5091
51.5091
51.5091
53.651
53.651
51.5091
51.5091
51.5091
51.5091
51.5091
53.651
53.651
51.5091
51.5091
51.5091
51.5091
51.5091
51.5091
51.5091
51.5091
51.5091
51.5091
51.5091
53.651
51.5091
51.5091
51.5091
51.5091
51.5091
51.5091
53.651
51.5091
51.5091
51.5091
51.5091
51.5091
51.5091
51.5091
51.5091
51.5091
51.5091
51.5091
51.5091
51.5091
53.651
51.5091
51.5091
51.5091
51.5091
51.5091
51.5091
51.5091
51.5091
51.5091
51.5091
51.5091
51.5091
51.5091
51.5091
51.5091
51.5091
51.5091
51.5091
51.5091
51.5091
51.5091
51.5091
51.5091
51.5091
51.5091
51.5091
51.5091
51.5091
51.5091
53.651
53.651
51.5091
51.5091
51.5091
51.5091
51.5091
51.5091
51.5091
51.5091
51.5091
51.5091
51.5091
51.5091
51.5091
51.5091
51.5091
51.5091
51.5091
51.5091
53.651
51.5091
51.5091
51.5091
51.5091
51.5091
51.5091
51.5091
53.651
51.5091
51.5091
51.5091
51.5091
51.5091
51.5091
51.5091
51.5091
51.5091
51.5091
51.5091
51.5091
51.5091
51.5091
51.5091
51.5091
51.5091
51.5091
51.5091
51.5091
53.651
51.5091
51.5091
51.5091
51.5091
51.5091
51.5091
51.5091
53.651
53.651
51.5091
51.5091
51.5091
51.5091
51.5091
51.5091
51.5091
51.5091
51.5091
51.5091
51.5091
53.651
51.5091
51.5091
51.5091
51.5091
51.5091
51.5091
51.5091
51.5091
51.5091
51.5091
51.5091
51.5091
51.5091
51.5091
51.5091
51.5091
51.5091
51.5091
51.5091
51.5091
51.5091
51.5091
51.5091
51.5091
51.5091
51.5091
51.5091
51.5091
51.5091
51.5091
51.5091
51.5091
51.5091
51.5091
51.5091
51.5091
51.5091
51.5091
51.5091
51.5091
51.5091
51.5091
51.5091
53.651
53.651
51.5091
51.5091
51.5091
51.5091
51.5091
51.5091
51.5091
51.5091
51.5091
51.5091
51.5091
53.651
51.5091
51.5091
51.5091
51.5091
51.5091
51.5091
51.5091
51.5091
51.5091
51.5091
51.5091
51.5091
53.651
51.5091
51.5091
51.5091
51.5091
51.5091
51.5091
51.5091
51.5091
51.5091
51.5091
51.5091
53.651
53.651
53.651
51.5091
51.5091
51.5091
51.5091
51.5091
51.5091
51.5091
51.5091
51.5091
51.5091
51.5091
51.5091
51.5091
51.5091
51.5091
51.5091
53.651
53.651
51.5091
51.5091
51.5091
51.5091
51.5091
51.5091
51.5091
51.5091
51.5091
51.5091
51.5091
51.5091
53.651
53.651
51.5091
51.5091
51.5091
51.5091
51.5091
51.5091
51.5091
51.5091
51.5091
53.651
53.651
51.5091
51.5091
51.5091
51.5091
51.5091
51.5091
51.5091
51.5091
51.5091
51.5091
51.5091
51.5091
51.5091
51.5091
51.5091
51.5091
51.5091
51.5091
51.5091
51.5091
51.5091
51.5091
51.5091
51.5091
51.5091
51.5091
51.5091
51.5091
51.5091
51.5091
51.5091
51.5091
51.5091
51.5091
51.5091
51.5091
51.5091
51.5091
51.5091
51.5091
51.5091
51.5091
51.5091
51.5091
51.5091
51.5091
51.5091
51.5091
51.5091
51.5091
51.5091
51.5091
53.651
51.5091
51.5091
51.5091
51.5091
51.5091
51.5091
51.5091
51.5091
51.5091
51.5091
51.5091
51.5091
51.5091
51.5091
51.5091
51.5091
51.5091
51.5091
51.5091
51.5091
51.5091
51.5091
49.3672
51.5091
51.5091
51.5091
51.5091
51.5091
51.5091
51.5091
51.5091
51.5091
51.5091
51.5091
51.5091
51.5091
51.5091
51.5091
51.5091
51.5091
51.5091
51.5091
51.5091
51.5091
51.5091
51.5091
51.5091
51.5091
49.3672
51.5091
51.5091
51.5091
51.5091
51.5091
51.5091
51.5091
51.5091
51.5091
51.5091
51.5091
51.5091
51.5091
51.5091
51.5091
51.5091
51.5091
51.5091
51.5091
51.5091
51.5091
51.5091
51.5091
51.5091
51.5091
51.5091
51.5091
51.5091
51.5091
51.5091
51.5091
51.5091
51.5091
51.5091
51.5091
51.5091
51.5091
51.5091
51.5091
51.5091
51.5091
49.3672
51.5091
51.5091
49.3672
0
0
0
0
0
0
0
0
0
0
0
0
0
0
0
0
0
0
0
0
0
0
0
0
0
0
0
0
0
0
0
0
0
0
0
0
0
0
0
0
0
0
0
0
0
0
0
0
0
0
0
0
0
0
0
0
0
0
0
0
0
0
0
0
0
0
0
0
0
0
0
0
0
0
0
0
0
0
0
0
0
0
0
0
0
0
0
0
0
0
0
0
0
0
0
0
0
0
0
0
0
0
0
0
0
0
0
0
0
0
0
0
0
0
0
0
0
0
0
0
0
0
0
0
0
0
0
0
0
0
0
0
0
0
0
0
0
0
0
0
0
0
0
0
0
0
0
0
0
0
0
0
0
0
0
0
0
0
0
0
0
0
0
0
0
0
0
0
0
0
0
0
0
0
0
0
0
0
0
0
0
0
0
0
0
0
0
0
0
0
0
0
0
0
0
0
0
0
0
0
0
0
0
0
0
0
0
0
0
0
0
0
0
0
0
0
0
0
0
0
0
0
0
0
0
0
0
0
0
0
0
0
0
0
0
0
0
0
0
0
0
0
0
0
0
0
0
0
0
0
0
0
0
0
0
0
0
0
0
0
0
0
0
0
0
0
0
0
0
0
0
0
0
0
0
0
0
0
0
0
0
0
0
0
0
0
0
0
0
0
0
0
0
0
0
0
0
0
0
0
0
0
0
0
0
0
0
0
0
0
0
0
0
0
0
0
0
0
0
0
0
0
0
0
0
0
0
0
0
0
0
0
0
0
0
0
0
0
0
0
0
0
0
0
0
0
0
0
0
0
0
0
0
0
0
0
0
0
0
0
0
0
0
0
0
0
0
0
0
0
0
0
0
0
0
0
0
0
0
0
0
0
0
0
0
0
0
0
0
0
0
0
0
0
0
0
0
0
0
0
0
0
0
0
0
0
0
0
0
0
0
0
0
0
0
0
0
0
0
0
0
0
0
0
0
0
0
0
0
0
0
0
0
0
0
0
0
0
0
0
0
0
0
0
0
0
0
0
0
0
0
0
0
0
0
0
0
0
0
0
0
0
0
0
0
0
0
0
0
0
0
0
0
0
0
0
0
0
0
0
0
0
0
0
0
0
0
0
0
0
0
0
0
0
0
0
0
0
0
0
0
0
0
0
0
0
0
0
0
0
0
0
0
0
0
0
0
0
0
0
0
0
0
0
0
0
0
0
0
0
0
0
0
0
0
0
0
0
0
0
0
0
0
0
0
0
0
2.24392
0
0
0
0
0
0
0
0
0
0
0
0
0
0
0
0
0
0
0
0
0
0
0
0
0
0
0
0
0
0
0
0
0
0
0
0
0
0
0
0
0
0
0
0
0
0
0
0
0
0
0
0
0
0
0
0
0
0
0
0
0
0
0
0
0
0
0
0
0
0
0
0
0
0
0
0
0
0
0
0
0
0
0
0
0
0
0
0
0
0
0
0
0
0
0
0
0
0
0
0
0
0
0
0
0
0
0
0
0
0
0
0
0
0
0
0
0
0
0
0
0
0
0
0
2.24392
0
0
0
0
0
0
0
0
0
0
0
0
0
0
0
0
0
0
0
0
0
0
0
0
0
0
0
0
0
0
0
0
0
0
0
0
0
0
0
0
0
0
0
0
0
0
0
0
0
0
0
0
0
0
0
0
0
0
0
0
0
0
0
0
0
0
0
0
0
0
0
0
0
0
0
0
0
0
0
0
0
0
0
0
0
0
0
0
0
0
0
0
0
0
0
0
0
0
0
2.24392
0
0
0
0
0
0
0
0
0
0
0
0
0
0
0
0
0
0
0
0
0
0
0
0
0
0
0
0
0
0
0
0
0
0
0
0
0
0
0
0
0
0
0
0
0
0
0
0
0
0
0
0
0
0
0
0
0
0
0
0
0
0
0
0
0
0
0
0
0
0
0
0
0
0
0
0
0
0
0
0
0
0
0
0
0
0
0
0
0
0
0
0
0
0
0
0
0
0
0
0
0
0
0
0
0
0
0
0
0
0
0
0
0
0
0
0
0
0
0
0
0
0
0
0
2.24392
0
0
0
0
0
0
0
0
0
0
0
0
0
0
0
0
0
0
0
0
0
0
0
0
0
0
0
0
0
0
0
0
0
302.063
858.513
531.119
87.9202
77.2112
72.9276
66.5021
66.5021
66.5021
64.3603
64.3603
62.2185
64.3603
62.2185
62.2185
64.3603
62.2185
62.2185
62.2185
62.2185
62.2185
64.3603
62.2185
60.0766
62.2185
62.2185
62.2185
62.2185
60.0766
62.2185
62.2185
62.2185
60.0766
62.2185
62.2185
60.0766
62.2185
60.0766
62.2185
60.0766
62.2185
60.0766
60.0766
60.0766
62.2185
57.9347
60.0766
60.0766
60.0766
60.0766
57.9347
60.0766
57.9347
57.9347
60.0766
55.7929
57.9347
57.9347
57.9347
55.7929
57.9347
55.7929
55.7929
57.9347
55.7929
57.9347
55.7929
57.9347
55.7929
57.9347
55.7929
57.9347
55.7929
55.7929
57.9347
55.7929
55.7929
55.7929
55.7929
55.7929
55.7929
55.7929
53.651
55.7929
55.7929
55.7929
55.7929
55.7929
55.7929
55.7929
55.7929
55.7929
55.7929
55.7929
57.9347
53.651
53.651
55.7929
55.7929
55.7929
55.7929
55.7929
55.7929
55.7929
55.7929
53.651
55.7929
55.7929
55.7929
55.7929
55.7929
55.7929
55.7929
55.7929
55.7929
55.7929
55.7929
55.7929
53.651
55.7929
55.7929
55.7929
55.7929
53.651
55.7929
55.7929
55.7929
53.651
55.7929
55.7929
55.7929
55.7929
53.651
55.7929
55.7929
55.7929
53.651
55.7929
55.7929
55.7929
55.7929
53.651
55.7929
55.7929
55.7929
55.7929
55.7929
55.7929
53.651
55.7929
55.7929
55.7929
53.651
55.7929
55.7929
53.651
55.7929
55.7929
53.651
55.7929
53.651
55.7929
53.651
55.7929
55.7929
53.651
55.7929
53.651
53.651
55.7929
55.7929
55.7929
53.651
55.7929
53.651
55.7929
55.7929
53.651
55.7929
53.651
55.7929
53.651
55.7929
53.651
55.7929
53.651
55.7929
53.651
53.651
55.7929
53.651
55.7929
53.651
53.651
55.7929
55.7929
55.7929
53.651
55.7929
53.651
53.651
55.7929
53.651
53.651
55.7929
53.651
53.651
55.7929
53.651
53.651
55.7929
53.651
53.651
55.7929
53.651
53.651
53.651
53.651
53.651
55.7929
53.651
53.651
53.651
53.651
53.651
55.7929
53.651
53.651
53.651
53.651
53.651
53.651
55.7929
53.651
53.651
53.651
53.651
53.651
53.651
53.651
53.651
53.651
53.651
53.651
53.651
53.651
53.651
55.7929
53.651
53.651
53.651
53.651
53.651
53.651
53.651
53.651
51.5091
53.651
53.651
53.651
53.651
53.651
53.651
53.651
53.651
53.651
53.651
53.651
53.651
53.651
53.651
51.5091
53.651
53.651
53.651
53.651
53.651
53.651
53.651
53.651
53.651
53.651
51.5091
53.651
53.651
53.651
53.651
53.651
53.651
51.5091
53.651
53.651
53.651
53.651
53.651
51.5091
53.651
53.651
53.651
53.651
53.651
51.5091
53.651
53.651
53.651
53.651
53.651
51.5091
53.651
53.651
53.651
53.651
53.651
51.5091
53.651
53.651
53.651
53.651
51.5091
53.651
53.651
53.651
53.651
51.5091
53.651
53.651
53.651
53.651
51.5091
53.651
53.651
53.651
53.651
51.5091
53.651
53.651
53.651
51.5091
53.651
53.651
53.651
51.5091
53.651
53.651
53.651
51.5091
53.651
53.651
53.651
51.5091
53.651
53.651
51.5091
53.651
53.651
53.651
51.5091
53.651
53.651
53.651
51.5091
53.651
53.651
53.651
51.5091
53.651
53.651
51.5091
53.651
53.651
53.651
51.5091
53.651
53.651
51.5091
53.651
53.651
51.5091
53.651
53.651
51.5091
53.651
53.651
51.5091
53.651
51.5091
51.5091
53.651
53.651
51.5091
53.651
51.5091
53.651
53.651
51.5091
53.651
53.651
51.5091
53.651
53.651
53.651
53.651
51.5091
53.651
53.651
53.651
51.5091
53.651
51.5091
51.5091
51.5091
53.651
53.651
53.651
51.5091
53.651
53.651
53.651
53.651
51.5091
53.651
53.651
51.5091
53.651
53.651
51.5091
53.651
51.5091
53.651
51.5091
53.651
53.651
53.651
53.651
51.5091
53.651
51.5091
53.651
51.5091
53.651
51.5091
53.651
51.5091
53.651
51.5091
51.5091
51.5091
51.5091
51.5091
53.651
53.651
51.5091
51.5091
53.651
51.5091
53.651
51.5091
51.5091
51.5091
51.5091
53.651
51.5091
51.5091
53.651
53.651
51.5091
51.5091
51.5091
53.651
51.5091
51.5091
51.5091
53.651
53.651
51.5091
51.5091
51.5091
51.5091
51.5091
53.651
53.651
53.651
51.5091
53.651
53.651
53.651
51.5091
51.5091
51.5091
53.651
51.5091
51.5091
51.5091
51.5091
53.651
51.5091
51.5091
51.5091
51.5091
51.5091
53.651
51.5091
53.651
53.651
53.651
53.651
51.5091
51.5091
53.651
53.651
51.5091
51.5091
51.5091
53.651
53.651
51.5091
51.5091
53.651
53.651
53.651
51.5091
53.651
53.651
53.651
51.5091
51.5091
51.5091
51.5091
53.651
53.651
51.5091
53.651
53.651
53.651
51.5091
53.651
51.5091
51.5091
53.651
51.5091
51.5091
51.5091
51.5091
51.5091
51.5091
51.5091
53.651
53.651
51.5091
51.5091
51.5091
51.5091
51.5091
51.5091
51.5091
51.5091
51.5091
51.5091
53.651
53.651
53.651
53.651
51.5091
51.5091
53.651
53.651
51.5091
53.651
53.651
51.5091
51.5091
53.651
51.5091
51.5091
53.651
51.5091
53.651
51.5091
51.5091
51.5091
51.5091
51.5091
53.651
51.5091
51.5091
51.5091
51.5091
51.5091
51.5091
51.5091
51.5091
51.5091
51.5091
51.5091
51.5091
51.5091
51.5091
53.651
51.5091
51.5091
53.651
51.5091
53.651
51.5091
51.5091
53.651
51.5091
53.651
51.5091
51.5091
53.651
51.5091
51.5091
51.5091
53.651
53.651
53.651
51.5091
51.5091
51.5091
51.5091
51.5091
53.651
51.5091
51.5091
53.651
51.5091
53.651
53.651
51.5091
51.5091
51.5091
51.5091
51.5091
53.651
53.651
51.5091
51.5091
51.5091
51.5091
51.5091
51.5091
51.5091
53.651
53.651
51.5091
53.651
53.651
51.5091
53.651
53.651
53.651
53.651
53.651
53.651
53.651
53.651
53.651
53.651
53.651
53.651
53.651
51.5091
51.5091
51.5091
51.5091
51.5091
51.5091
51.5091
53.651
53.651
53.651
53.651
53.651
51.5091
53.651
51.5091
51.5091
51.5091
51.5091
51.5091
51.5091
51.5091
51.5091
51.5091
51.5091
51.5091
51.5091
53.651
53.651
53.651
51.5091
51.5091
51.5091
51.5091
51.5091
51.5091
51.5091
51.5091
51.5091
51.5091
51.5091
53.651
53.651
51.5091
51.5091
51.5091
51.5091
51.5091
51.5091
51.5091
51.5091
51.5091
51.5091
51.5091
51.5091
51.5091
51.5091
51.5091
51.5091
51.5091
51.5091
51.5091
51.5091
51.5091
51.5091
51.5091
51.5091
51.5091
51.5091
51.5091
51.5091
51.5091
51.5091
51.5091
51.5091
51.5091
51.5091
51.5091
51.5091
51.5091
53.651
51.5091
51.5091
51.5091
51.5091
51.5091
51.5091
51.5091
51.5091
51.5091
51.5091
53.651
51.5091
51.5091
51.5091
51.5091
51.5091
51.5091
53.651
53.651
53.651
51.5091
51.5091
51.5091
51.5091
51.5091
53.651
51.5091
51.5091
51.5091
51.5091
51.5091
51.5091
51.5091
51.5091
53.651
53.651
53.651
51.5091
51.5091
51.5091
51.5091
51.5091
51.5091
51.5091
51.5091
51.5091
51.5091
51.5091
51.5091
51.5091
51.5091
51.5091
51.5091
51.5091
51.5091
51.5091
51.5091
51.5091
51.5091
51.5091
51.5091
51.5091
51.5091
51.5091
51.5091
51.5091
53.651
51.5091
51.5091
51.5091
51.5091
51.5091
51.5091
51.5091
51.5091
51.5091
51.5091
51.5091
51.5091
53.651
51.5091
51.5091
51.5091
51.5091
51.5091
51.5091
51.5091
51.5091
51.5091
51.5091
53.651
51.5091
51.5091
51.5091
51.5091
51.5091
51.5091
51.5091
53.651
53.651
51.5091
51.5091
51.5091
51.5091
51.5091
51.5091
51.5091
51.5091
51.5091
51.5091
51.5091
51.5091
51.5091
51.5091
51.5091
51.5091
51.5091
51.5091
51.5091
51.5091
51.5091
51.5091
53.651
53.651
51.5091
51.5091
51.5091
51.5091
51.5091
51.5091
51.5091
51.5091
51.5091
51.5091
51.5091
51.5091
51.5091
51.5091
51.5091
51.5091
51.5091
51.5091
51.5091
53.651
53.651
51.5091
51.5091
51.5091
51.5091
51.5091
51.5091
51.5091
51.5091
51.5091
51.5091
51.5091
51.5091
51.5091
51.5091
51.5091
51.5091
51.5091
51.5091
51.5091
51.5091
51.5091
51.5091
0
0
0
0
0
0
0
0
0
0
0
0
0
0
0
0
0
0
0
0
0
0
0
0
0
0
0
0
0
0
0
0
0
0
0
0
0
0
0
0
0
0
0
0
0
0
0
0
0
0
0
0
0
0
0
0
0
0
0
0
0
0
0
0
0
0
0
0
0
0
0
0
0
0
0
0
0
0
0
0
0
0
0
0
0
0
0
0
0
0
0
0
0
0
0
0
0
0
0
0
0
0
0
0
0
0
0
0
0
0
0
0
0
0
0
0
0
0
0
0
0
0
0
0
0
0
0
0
0
0
0
0
0
0
0
0
0
0
0
0
0
0
0
0
0
0
0
0
0
0
0
0
0
0
0
0
0
0
0
0
0
0
0
0
0
0
0
0
0
0
0
0
0
0
0
0
0
0
0
0
0
0
0
0
0
0
0
0
0
0
0
0
0
0
0
0
0
0
0
0
0
0
0
0
0
0
0
0
0
0
0
0
0
0
0
0
0
0
0
0
0
0
0
0
0
0
0
0
0
0
0
0
0
0
0
0
0
0
0
0
0
0
0
0
0
0
0
0
0
0
0
0
0
0
0
0
0
0
0
0
0
0
0
0
0
0
0
0
0
0
0
0
0
0
0
0
0
0
0
0
0
0
0
0
0
0
0
0
0
0
0
0
0
0
0
0
0
0
0
0
0
0
0
0
0
0
0
0
0
0
0
0
0
0
0
0
0
0
0
0
0
0
0
0
0
0
0
0
0
0
0
0
0
0
0
0
0
0
0
0
0
0
0
0
0
0
0
0
0
0
0
0
0
0
0
0
0
0
0
0
0
0
0
0
0
0
0
0
0
0
0
0
0
0
0
0
0
0
0
0
0
0
0
0
0
0
0
0
0
0
0
0
0
0
0
0
0
0
0
0
0
0
0
0
0
0
0
0
0
0
0
0
0
0
0
0
0
0
0
0
0
0
0
0
0
0
0
0
0
0
0
0
0
0
0
0
0
0
0
0
0
0
0
0
0
0
0
0
0
0
0
0
0
0
0
0
0
0
0
0
0
0
0
0
0
0
0
0
0
0
0
0
0
0
0
0
0
0
0
0
0
0
0
0
0
0
0
0
0
0
0
0
0
0
0
0
0
0
0
0
0
0
0
0
0
0
0
0
0
0
0
0
0
0
0
0
0
0
0
0
0
0
0
0
0
0
0
0
0
0
0
0
0
0
0
0
0
0
0
0
0
0
0
0
0
0
0
0
0
0
0
0
0
0
0
0
0
0
0
0
0
0
0
0
0
0
0
0
0
0
0
0
0
0
0
0
0
0
0
0
0
0
0
0
0
0
0
0
0
0
0
0
0
0
0
0
0
0
0
0
0
0
0
0
0
0
0
0
0
0
0
0
0
0
0
0
0
0
0
0
0
0
0
0
0
0
0
0
0
0
0
0
0
0
0
0
0
0
0
0
0
0
0
0
0
0
0
0
0
0
0
0
0
0
0
0
0
0
0
0
0
0
0
0
0
0
0
0
0
0
0
0
0
0
0
0
0
0
0
0
0
0
0
0
0
0
0
0
0
0
0
0
0
0
0
0
0
0
0
0
0
0
0
0
0
0
0
0
0
0
0
0
0
0
0
0
0
0
0
0
0
0
0
0
0
0
0
0
0
0
0
0
0
0
0
0
0
0
0
0
0
0
0
0
0
0
0
0
0
0
0
0
0
0
0
0
0
0
0
0
0
0
0
0
0
0
0
0
0
0
0
0
0
0
2.24392
2.24392
0
0
0
0
0
0
0
0
0
0
0
0
0
0
0
0
0
0
0
0
0
0
0
0
0
0
0
0
0
0
0
0
0
0
0
0
0
0
0
0
0
0
0
0
0
0
0
0
0
0
0
0
0
0
0
0
0
0
0
0
0
0
0
0
0
0
0
0
0
0
0
0
0
0
0
0
0
0
0
0
0
0
0
0
0
0
0
0
0
0
0
0
0
0
0
0
0
0
0
0
0
0
0
0
0
0
0
0
0
0
0
0
0
0
0
0
0
0
0
0
0
0
0
0
0
0
0
854.234
854.234
854.234
83.6366
75.0694
68.644
66.5021
66.5021
66.5021
64.3603
62.2185
64.3603
64.3603
64.3603
64.3603
62.2185
62.2185
64.3603
62.2185
64.3603
64.3603
62.2185
62.2185
62.2185
64.3603
62.2185
62.2185
62.2185
62.2185
62.2185
62.2185
62.2185
62.2185
62.2185
60.0766
60.0766
62.2185
62.2185
62.2185
60.0766
62.2185
60.0766
60.0766
62.2185
60.0766
60.0766
60.0766
62.2185
60.0766
57.9347
57.9347
60.0766
60.0766
57.9347
57.9347
57.9347
55.7929
57.9347
57.9347
55.7929
55.7929
57.9347
57.9347
55.7929
57.9347
57.9347
57.9347
55.7929
57.9347
55.7929
57.9347
57.9347
55.7929
55.7929
55.7929
55.7929
55.7929
55.7929
57.9347
57.9347
57.9347
55.7929
55.7929
55.7929
55.7929
55.7929
55.7929
55.7929
55.7929
55.7929
55.7929
55.7929
55.7929
55.7929
55.7929
55.7929
55.7929
55.7929
55.7929
55.7929
53.651
55.7929
55.7929
55.7929
55.7929
55.7929
55.7929
55.7929
53.651
53.651
53.651
55.7929
55.7929
55.7929
55.7929
55.7929
55.7929
55.7929
55.7929
55.7929
55.7929
55.7929
55.7929
55.7929
53.651
53.651
55.7929
55.7929
53.651
55.7929
55.7929
55.7929
53.651
55.7929
55.7929
55.7929
53.651
55.7929
55.7929
55.7929
55.7929
55.7929
55.7929
55.7929
55.7929
55.7929
55.7929
55.7929
55.7929
55.7929
53.651
55.7929
55.7929
53.651
55.7929
53.651
53.651
53.651
53.651
53.651
53.651
53.651
53.651
53.651
53.651
53.651
53.651
53.651
53.651
53.651
53.651
53.651
53.651
53.651
53.651
53.651
53.651
53.651
53.651
53.651
53.651
53.651
53.651
53.651
53.651
53.651
53.651
53.651
53.651
53.651
53.651
53.651
53.651
55.7929
53.651
55.7929
53.651
55.7929
55.7929
55.7929
53.651
53.651
53.651
53.651
53.651
55.7929
53.651
53.651
53.651
55.7929
55.7929
55.7929
55.7929
55.7929
55.7929
55.7929
55.7929
55.7929
53.651
53.651
53.651
53.651
53.651
53.651
55.7929
53.651
53.651
53.651
53.651
55.7929
55.7929
55.7929
55.7929
55.7929
55.7929
53.651
53.651
53.651
53.651
53.651
53.651
53.651
53.651
53.651
53.651
53.651
53.651
53.651
55.7929
53.651
53.651
53.651
53.651
53.651
53.651
53.651
53.651
53.651
53.651
53.651
53.651
53.651
53.651
53.651
53.651
53.651
53.651
53.651
53.651
53.651
53.651
53.651
53.651
53.651
53.651
53.651
51.5091
53.651
53.651
53.651
53.651
53.651
53.651
51.5091
53.651
53.651
53.651
51.5091
53.651
53.651
53.651
51.5091
53.651
51.5091
53.651
51.5091
53.651
51.5091
53.651
51.5091
51.5091
53.651
51.5091
53.651
53.651
51.5091
53.651
53.651
53.651
51.5091
51.5091
51.5091
53.651
51.5091
53.651
51.5091
53.651
51.5091
53.651
51.5091
53.651
51.5091
53.651
51.5091
51.5091
53.651
51.5091
53.651
51.5091
51.5091
51.5091
53.651
53.651
51.5091
53.651
51.5091
51.5091
53.651
51.5091
51.5091
51.5091
51.5091
53.651
51.5091
53.651
51.5091
51.5091
51.5091
51.5091
51.5091
51.5091
51.5091
51.5091
51.5091
53.651
53.651
53.651
53.651
53.651
53.651
53.651
51.5091
51.5091
51.5091
51.5091
53.651
51.5091
51.5091
51.5091
53.651
51.5091
51.5091
51.5091
53.651
51.5091
51.5091
51.5091
51.5091
53.651
51.5091
51.5091
53.651
53.651
51.5091
51.5091
51.5091
51.5091
51.5091
53.651
53.651
53.651
53.651
53.651
53.651
53.651
53.651
53.651
53.651
53.651
53.651
53.651
53.651
51.5091
53.651
51.5091
51.5091
51.5091
51.5091
51.5091
51.5091
51.5091
53.651
51.5091
51.5091
51.5091
51.5091
51.5091
51.5091
51.5091
51.5091
51.5091
53.651
51.5091
51.5091
51.5091
51.5091
51.5091
51.5091
51.5091
51.5091
51.5091
53.651
53.651
51.5091
51.5091
51.5091
51.5091
51.5091
51.5091
51.5091
51.5091
51.5091
51.5091
53.651
53.651
51.5091
51.5091
51.5091
51.5091
51.5091
51.5091
51.5091
51.5091
51.5091
51.5091
51.5091
53.651
51.5091
51.5091
51.5091
51.5091
51.5091
51.5091
51.5091
51.5091
51.5091
51.5091
51.5091
51.5091
51.5091
51.5091
51.5091
51.5091
51.5091
51.5091
51.5091
51.5091
51.5091
51.5091
51.5091
51.5091
51.5091
51.5091
51.5091
51.5091
51.5091
51.5091
51.5091
51.5091
51.5091
51.5091
51.5091
51.5091
51.5091
51.5091
51.5091
51.5091
51.5091
51.5091
51.5091
51.5091
51.5091
51.5091
51.5091
51.5091
51.5091
51.5091
53.651
51.5091
51.5091
51.5091
51.5091
51.5091
51.5091
51.5091
51.5091
51.5091
51.5091
51.5091
51.5091
51.5091
51.5091
51.5091
51.5091
51.5091
51.5091
51.5091
51.5091
51.5091
51.5091
51.5091
51.5091
51.5091
51.5091
53.651
51.5091
51.5091
51.5091
51.5091
51.5091
51.5091
53.651
51.5091
51.5091
53.651
51.5091
51.5091
51.5091
53.651
51.5091
51.5091
53.651
53.651
51.5091
51.5091
51.5091
51.5091
51.5091
51.5091
51.5091
51.5091
51.5091
51.5091
51.5091
51.5091
51.5091
51.5091
51.5091
51.5091
51.5091
51.5091
51.5091
53.651
51.5091
51.5091
51.5091
51.5091
53.651
51.5091
51.5091
51.5091
53.651
51.5091
51.5091
51.5091
51.5091
51.5091
51.5091
51.5091
51.5091
51.5091
51.5091
51.5091
51.5091
51.5091
51.5091
51.5091
51.5091
53.651
51.5091
51.5091
51.5091
51.5091
51.5091
53.651
51.5091
51.5091
51.5091
51.5091
51.5091
53.651
51.5091
51.5091
51.5091
51.5091
51.5091
51.5091
51.5091
51.5091
51.5091
51.5091
51.5091
51.5091
51.5091
51.5091
51.5091
51.5091
51.5091
51.5091
51.5091
51.5091
51.5091
51.5091
51.5091
53.651
51.5091
51.5091
51.5091
51.5091
51.5091
51.5091
53.651
53.651
53.651
51.5091
51.5091
51.5091
51.5091
51.5091
51.5091
51.5091
51.5091
51.5091
51.5091
51.5091
51.5091
51.5091
51.5091
51.5091
51.5091
51.5091
53.651
51.5091
51.5091
51.5091
51.5091
51.5091
51.5091
51.5091
51.5091
51.5091
51.5091
51.5091
51.5091
51.5091
51.5091
51.5091
53.651
51.5091
51.5091
51.5091
51.5091
51.5091
53.651
51.5091
51.5091
51.5091
51.5091
53.651
51.5091
51.5091
51.5091
51.5091
51.5091
53.651
51.5091
51.5091
51.5091
51.5091
51.5091
53.651
51.5091
51.5091
51.5091
51.5091
51.5091
53.651
51.5091
51.5091
51.5091
51.5091
51.5091
53.651
51.5091
51.5091
51.5091
51.5091
51.5091
51.5091
53.651
51.5091
51.5091
51.5091
51.5091
51.5091
51.5091
51.5091
51.5091
51.5091
51.5091
53.651
51.5091
51.5091
51.5091
51.5091
51.5091
51.5091
51.5091
51.5091
51.5091
51.5091
53.651
51.5091
51.5091
51.5091
51.5091
51.5091
51.5091
53.651
51.5091
51.5091
51.5091
51.5091
53.651
51.5091
51.5091
51.5091
53.651
51.5091
51.5091
51.5091
51.5091
51.5091
51.5091
51.5091
53.651
51.5091
51.5091
51.5091
51.5091
51.5091
51.5091
53.651
51.5091
51.5091
51.5091
51.5091
51.5091
51.5091
53.651
51.5091
51.5091
51.5091
51.5091
51.5091
51.5091
51.5091
53.651
51.5091
51.5091
51.5091
51.5091
51.5091
53.651
51.5091
51.5091
51.5091
51.5091
51.5091
51.5091
51.5091
53.651
51.5091
51.5091
51.5091
51.5091
51.5091
53.651
51.5091
51.5091
51.5091
51.5091
51.5091
51.5091
51.5091
53.651
51.5091
51.5091
51.5091
51.5091
51.5091
51.5091
51.5091
53.651
51.5091
51.5091
51.5091
51.5091
51.5091
51.5091
53.651
51.5091
51.5091
51.5091
51.5091
51.5091
51.5091
51.5091
51.5091
51.5091
51.5091
51.5091
53.651
51.5091
51.5091
51.5091
51.5091
53.651
53.651
51.5091
51.5091
51.5091
51.5091
51.5091
51.5091
53.651
51.5091
51.5091
51.5091
51.5091
51.5091
53.651
51.5091
51.5091
51.5091
51.5091
53.651
51.5091
51.5091
51.5091
51.5091
51.5091
51.5091
53.651
53.651
51.5091
51.5091
51.5091
51.5091
51.5091
51.5091
51.5091
51.5091
51.5091
53.651
53.651
53.651
53.651
53.651
51.5091
51.5091
51.5091
51.5091
51.5091
51.5091
51.5091
51.5091
51.5091
51.5091
51.5091
51.5091
51.5091
51.5091
51.5091
51.5091
51.5091
53.651
51.5091
51.5091
51.5091
51.5091
51.5091
51.5091
51.5091
51.5091
51.5091
53.651
51.5091
51.5091
51.5091
51.5091
51.5091
51.5091
51.5091
51.5091
51.5091
51.5091
53.651
51.5091
51.5091
51.5091
51.5091
51.5091
51.5091
51.5091
51.5091
51.5091
51.5091
51.5091
51.5091
51.5091
51.5091
53.651
51.5091
51.5091
51.5091
51.5091
51.5091
51.5091
51.5091
51.5091
51.5091
51.5091
51.5091
40.7996
0
0
0
0
0
0
0
0
0
0
0
0
0
0
0
0
2.24392
0
0
0
0
0
0
0
0
0
0
0
0
0
0
0
0
0
0
0
0
0
0
0
0
0
0
0
0
0
0
0
0
0
0
0
0
0
0
0
0
0
0
0
0
0
0
0
0
0
0
0
0
0
0
0
0
0
0
0
0
0
0
0
0
0
0
0
0
0
0
0
0
0
0
0
0
0
0
0
0
0
0
0
0
0
0
0
0
0
0
0
0
2.24392
0
0
0
0
0
0
0
0
0
0
0
0
0
0
0
0
0
0
0
0
0
0
0
0
0
0
0
0
0
0
0
0
0
0
0
0
0
0
0
0
0
0
0
0
0
0
0
0
0
0
0
0
0
0
0
0
0
0
0
0
0
0
0
0
0
0
0
0
0
0
0
0
0
0
0
0
0
0
0
0
0
0
0
0
0
0
0
0
0
0
0
0
0
0
0
0
0
0
0
0
0
0
0
0
0
0
0
0
0
0
0
0
0
0
0
0
0
0
0
0
0
0
0
0
0
0
0
0
0
0
0
0
0
0
0
0
0
0
0
0
0
0
0
0
2.24392
0
0
0
0
0
0
0
0
0
0
0
0
0
0
0
0
0
0
0
0
0
0
0
0
0
0
0
0
0
0
0
0
0
0
0
0
0
0
0
0
0
0
0
0
0
0
0
0
0
0
0
0
0
0
0
0
0
0
0
0
0
0
0
0
0
0
0
0
0
0
0
0
0
0
0
0
0
0
0
0
0
0
0
0
0
0
0
0
0
2.24392
0
0
0
0
0
0
0
0
0
0
0
0
0
0
0
0
0
0
0
0
0
0
0
0
0
0
0
0
0
0
0
0
0
0
0
0
0
0
0
0
0
0
0
0
0
0
0
0
0
0
0
0
0
0
0
0
0
0
0
0
0
0
0
0
0
0
0
0
0
0
0
0
0
0
0
0
0
0
0
0
0
0
0
0
0
0
0
0
0
0
0
0
0
0
0
0
0
0
0
0
0
2.24392
0
0
0
0
0
0
0
0
0
0
0
0
0
0
0
0
0
0
0
0
0
0
0
0
0
0
0
0
0
0
0
0
0
0
0
0
0
0
0
0
0
0
0
0
0
0
0
0
0
0
0
0
0
0
0
0
0
0
0
0
0
0
0
0
0
0
0
0
0
0
0
0
0
0
0
0
0
0
0
0
0
0
0
0
0
0
0
0
0
0
0
0
0
0
0
0
0
0
0
0
0
0
0
0
0
0
0
0
0
0
0
0
0
0
0
0
0
0
0
0
0
0
0
0
0
0
0
2.24392
0
0
0
0
0
0
0
0
0
0
0
0
0
0
0
0
0
0
0
0
0
0
0
0
0
0
0
0
0
0
0
0
0
0
0
0
0
0
0
0
0
0
0
0
0
0
0
0
0
0
0
0
0
0
0
0
0
0
0
0
0
0
0
0
0
0
0
0
0
0
2.24392
2.24392
0
0
0
0
0
0
0
0
0
0
0
0
0
0
0
0
0
0
0
0
0
0
0
0
0
0
0
0
0
0
0
0
0
0
0
0
0
0
0
0
0
0
0
0
0
0
0
0
0
0
0
0
0
0
0
0
0
0
0
0
0
0
0
0
0
0
0
0
0
0
0
0
0
0
0
0
0
0
0
0
0
0
0
0
0
0
0
0
0
0
0
0
2.24392
0
0
0
0
0
0
0
0
0
0
0
0
0
0
0
0
0
0
0
0
0
0
0
0
0
0
0
0
0
0
0
0
0
0
0
0
0
0
0
0
0
0
0
0
0
0
0
0
0
0
0
0
0
0
0
0
0
0
0
0
0
0
0
0
0
0
0
0
0
0
0
0
0
0
0
0
0
0
0
0
0
0
0
0
0
0
0
0
0
0
2.24392
0
0
0
0
0
0
0
0
0
0
0
0
0
0
0
0
0
0
0
0
0
0
0
0
0
0
0
0
0
0
0
0
0
0
0
0
0
0
0
0
0
0
0
0
0
0
0
0
0
0
0
0
0
0
0
0
0
0
0
0
0
0
0
0
0
0
0
0
0
0
0
0
0
0
0
0
0
0
0
689.487
216.414
81.4948
81.4948
75.0694
70.7858
66.5021
64.3603
64.3603
64.3603
64.3603
64.3603
62.2185
62.2185
64.3603
62.2185
62.2185
62.2185
64.3603
62.2185
62.2185
62.2185
62.2185
62.2185
62.2185
62.2185
62.2185
62.2185
62.2185
62.2185
62.2185
60.0766
62.2185
62.2185
62.2185
62.2185
62.2185
60.0766
62.2185
62.2185
60.0766
62.2185
62.2185
62.2185
60.0766
60.0766
60.0766
60.0766
60.0766
60.0766
60.0766
60.0766
60.0766
57.9347
57.9347
57.9347
57.9347
57.9347
57.9347
57.9347
57.9347
57.9347
57.9347
57.9347
57.9347
57.9347
55.7929
55.7929
57.9347
55.7929
55.7929
55.7929
55.7929
55.7929
57.9347
55.7929
55.7929
55.7929
55.7929
55.7929
53.651
55.7929
55.7929
55.7929
55.7929
55.7929
55.7929
55.7929
55.7929
55.7929
55.7929
55.7929
55.7929
55.7929
55.7929
55.7929
55.7929
55.7929
55.7929
55.7929
53.651
55.7929
55.7929
55.7929
55.7929
55.7929
55.7929
55.7929
55.7929
55.7929
55.7929
55.7929
55.7929
55.7929
55.7929
55.7929
55.7929
55.7929
55.7929
55.7929
55.7929
53.651
55.7929
55.7929
55.7929
55.7929
55.7929
55.7929
55.7929
55.7929
55.7929
53.651
55.7929
55.7929
55.7929
55.7929
55.7929
53.651
55.7929
55.7929
55.7929
55.7929
55.7929
55.7929
55.7929
53.651
55.7929
53.651
53.651
55.7929
55.7929
53.651
55.7929
55.7929
55.7929
53.651
55.7929
53.651
55.7929
55.7929
53.651
55.7929
55.7929
53.651
55.7929
53.651
55.7929
53.651
55.7929
53.651
55.7929
53.651
55.7929
55.7929
55.7929
53.651
55.7929
53.651
55.7929
55.7929
55.7929
53.651
55.7929
53.651
55.7929
53.651
53.651
53.651
55.7929
53.651
53.651
55.7929
53.651
53.651
53.651
55.7929
53.651
53.651
55.7929
53.651
53.651
55.7929
55.7929
53.651
53.651
53.651
55.7929
53.651
53.651
53.651
53.651
55.7929
53.651
53.651
53.651
53.651
53.651
55.7929
53.651
53.651
53.651
53.651
53.651
53.651
53.651
53.651
55.7929
53.651
53.651
53.651
53.651
53.651
53.651
53.651
53.651
53.651
53.651
53.651
53.651
53.651
53.651
53.651
53.651
53.651
53.651
53.651
53.651
53.651
53.651
53.651
53.651
53.651
53.651
53.651
53.651
53.651
53.651
51.5091
53.651
53.651
53.651
53.651
53.651
53.651
53.651
53.651
53.651
53.651
53.651
53.651
53.651
53.651
51.5091
53.651
53.651
53.651
53.651
53.651
53.651
53.651
51.5091
53.651
53.651
53.651
53.651
53.651
53.651
53.651
51.5091
53.651
53.651
53.651
53.651
51.5091
53.651
53.651
53.651
53.651
53.651
51.5091
53.651
53.651
53.651
51.5091
53.651
53.651
53.651
51.5091
53.651
53.651
53.651
51.5091
53.651
53.651
53.651
51.5091
53.651
53.651
51.5091
53.651
53.651
53.651
51.5091
53.651
53.651
51.5091
53.651
53.651
51.5091
53.651
51.5091
53.651
53.651
51.5091
53.651
53.651
51.5091
53.651
53.651
51.5091
53.651
53.651
51.5091
53.651
51.5091
53.651
53.651
51.5091
53.651
51.5091
51.5091
51.5091
51.5091
53.651
53.651
51.5091
53.651
53.651
51.5091
53.651
51.5091
53.651
53.651
51.5091
53.651
53.651
53.651
51.5091
53.651
53.651
51.5091
53.651
51.5091
53.651
51.5091
53.651
51.5091
53.651
53.651
51.5091
53.651
51.5091
53.651
51.5091
53.651
51.5091
53.651
51.5091
53.651
51.5091
53.651
51.5091
53.651
51.5091
53.651
51.5091
53.651
51.5091
53.651
51.5091
53.651
51.5091
51.5091
53.651
53.651
53.651
51.5091
53.651
51.5091
51.5091
53.651
51.5091
53.651
51.5091
51.5091
53.651
53.651
51.5091
51.5091
53.651
51.5091
51.5091
53.651
51.5091
53.651
51.5091
51.5091
53.651
51.5091
53.651
51.5091
53.651
51.5091
51.5091
51.5091
51.5091
53.651
51.5091
51.5091
53.651
51.5091
51.5091
51.5091
53.651
51.5091
53.651
51.5091
51.5091
53.651
51.5091
53.651
51.5091
53.651
51.5091
53.651
51.5091
51.5091
53.651
51.5091
53.651
51.5091
51.5091
53.651
53.651
51.5091
51.5091
51.5091
53.651
51.5091
51.5091
53.651
51.5091
53.651
51.5091
51.5091
53.651
51.5091
53.651
51.5091
51.5091
53.651
51.5091
51.5091
53.651
51.5091
53.651
51.5091
51.5091
53.651
51.5091
51.5091
53.651
51.5091
51.5091
51.5091
51.5091
51.5091
53.651
51.5091
51.5091
51.5091
53.651
51.5091
51.5091
51.5091
53.651
51.5091
51.5091
53.651
51.5091
51.5091
51.5091
53.651
53.651
53.651
51.5091
51.5091
51.5091
53.651
53.651
53.651
53.651
53.651
51.5091
51.5091
53.651
51.5091
51.5091
51.5091
53.651
51.5091
51.5091
51.5091
53.651
51.5091
51.5091
53.651
51.5091
53.651
51.5091
53.651
51.5091
53.651
53.651
51.5091
51.5091
51.5091
53.651
51.5091
51.5091
53.651
51.5091
51.5091
51.5091
53.651
51.5091
53.651
53.651
51.5091
53.651
53.651
51.5091
51.5091
51.5091
51.5091
51.5091
53.651
51.5091
51.5091
51.5091
51.5091
53.651
51.5091
51.5091
51.5091
51.5091
51.5091
53.651
51.5091
51.5091
51.5091
51.5091
51.5091
51.5091
51.5091
51.5091
51.5091
51.5091
53.651
51.5091
51.5091
53.651
51.5091
51.5091
53.651
53.651
51.5091
51.5091
53.651
51.5091
51.5091
51.5091
53.651
51.5091
51.5091
53.651
51.5091
51.5091
51.5091
51.5091
53.651
51.5091
53.651
51.5091
51.5091
51.5091
53.651
53.651
53.651
51.5091
53.651
51.5091
51.5091
53.651
51.5091
51.5091
53.651
51.5091
51.5091
51.5091
51.5091
53.651
51.5091
51.5091
51.5091
51.5091
51.5091
53.651
51.5091
51.5091
51.5091
51.5091
51.5091
51.5091
51.5091
53.651
53.651
51.5091
51.5091
51.5091
51.5091
51.5091
51.5091
51.5091
51.5091
51.5091
53.651
51.5091
51.5091
51.5091
51.5091
51.5091
53.651
51.5091
51.5091
51.5091
51.5091
53.651
51.5091
51.5091
51.5091
51.5091
51.5091
51.5091
51.5091
53.651
53.651
51.5091
51.5091
51.5091
53.651
51.5091
51.5091
53.651
51.5091
51.5091
51.5091
53.651
51.5091
51.5091
51.5091
51.5091
51.5091
53.651
51.5091
51.5091
51.5091
51.5091
51.5091
51.5091
51.5091
51.5091
53.651
51.5091
51.5091
51.5091
51.5091
53.651
51.5091
51.5091
51.5091
51.5091
51.5091
53.651
53.651
53.651
51.5091
51.5091
51.5091
51.5091
51.5091
53.651
51.5091
51.5091
51.5091
53.651
51.5091
51.5091
51.5091
53.651
51.5091
51.5091
51.5091
51.5091
53.651
53.651
51.5091
51.5091
51.5091
53.651
51.5091
51.5091
51.5091
53.651
51.5091
53.651
53.651
51.5091
51.5091
51.5091
51.5091
51.5091
51.5091
53.651
51.5091
51.5091
51.5091
51.5091
53.651
51.5091
51.5091
53.651
51.5091
51.5091
53.651
53.651
51.5091
51.5091
51.5091
53.651
51.5091
51.5091
53.651
53.651
51.5091
51.5091
53.651
51.5091
51.5091
51.5091
53.651
51.5091
53.651
53.651
51.5091
51.5091
51.5091
53.651
51.5091
51.5091
53.651
51.5091
51.5091
53.651
51.5091
51.5091
53.651
51.5091
51.5091
51.5091
53.651
51.5091
51.5091
53.651
51.5091
51.5091
51.5091
51.5091
51.5091
51.5091
51.5091
53.651
51.5091
51.5091
51.5091
53.651
51.5091
53.651
51.5091
51.5091
51.5091
51.5091
53.651
51.5091
51.5091
51.5091
51.5091
51.5091
51.5091
51.5091
53.651
51.5091
53.651
51.5091
51.5091
51.5091
53.651
51.5091
51.5091
51.5091
53.651
51.5091
53.651
53.651
51.5091
51.5091
51.5091
53.651
51.5091
51.5091
53.651
51.5091
51.5091
51.5091
53.651
51.5091
51.5091
51.5091
53.651
51.5091
51.5091
51.5091
53.651
51.5091
51.5091
51.5091
53.651
51.5091
51.5091
51.5091
53.651
51.5091
51.5091
51.5091
53.651
51.5091
51.5091
51.5091
51.5091
53.651
51.5091
51.5091
51.5091
6.528
0
0
0
0
0
0
0
0
0
0
0
0
0
0
0
0
0
0
0
0
0
0
0
0
0
0
0
0
0
0
0
0
0
0
0
0
0
0
0
0
0
0
0
0
0
0
0
0
0
0
0
0
0
0
0
0
0
0
0
0
0
0
0
0
0
0
0
0
0
0
0
0
0
0
0
0
0
0
0
0
0
0
0
0
0
0
0
0
0
0
0
0
0
0
0
0
0
0
0
0
0
0
0
0
0
0
0
0
0
0
0
0
0
0
0
0
0
0
0
0
0
0
0
0
0
0
0
0
0
0
0
0
0
0
0
0
0
0
0
0
0
0
0
0
0
0
0
0
0
0
0
0
0
0
0
0
0
0
0
0
0
0
0
0
0
0
0
0
0
0
0
0
0
0
0
0
0
0
0
0
0
0
0
0
0
0
0
0
0
0
0
0
0
0
0
0
0
0
0
0
0
0
0
0
0
0
0
0
0
0
0
0
0
0
0
0
0
0
0
0
0
0
0
0
0
0
0
0
0
0
0
0
0
0
0
0
0
0
0
0
0
0
0
0
0
0
0
0
0
0
0
0
0
0
0
0
0
0
0
0
0
0
0
0
0
0
0
0
0
0
0
0
0
0
0
0
0
0
0
0
0
0
0
0
0
0
0
0
0
0
0
0
0
0
0
0
0
0
0
0
0
0
0
0
0
0
0
0
0
0
0
0
0
0
0
0
0
0
0
0
0
0
0
0
0
0
0
0
0
0
0
0
0
0
0
0
0
0
0
0
0
0
0
0
0
0
0
0
0
0
0
0
0
0
0
0
0
0
0
0
0
0
0
0
0
0
0
0
0
0
0
0
0
0
0
0
0
0
0
0
0
0
0
0
0
0
0
0
0
0
0
0
0
0
0
0
0
0
0
0
0
0
0
0
0
0
0
0
0
0
0
0
0
0
0
0
0
0
0
0
0
0
0
0
0
0
0
0
0
0
0
0
0
0
0
0
0
0
0
0
0
0
0
0
0
0
0
0
0
0
0
0
0
0
0
0
0
0
0
0
0
0
0
0
0
0
0
0
0
0
0
0
0
0
0
0
0
0
0
0
0
0
0
0
0
0
0
0
0
0
0
0
0
0
0
0
0
0
0
0
0
0
0
0
0
0
0
0
0
0
0
0
0
0
0
0
0
0
0
0
0
0
0
0
0
0
0
0
0
0
0
0
0
0
0
0
0
0
0
0
0
0
0
0
0
0
0
0
0
0
0
0
0
0
0
0
0
0
0
0
0
0
0
0
0
0
0
0
0
0
0
0
0
0
0
0
0
0
0
0
0
0
0
0
0
0
0
0
0
0
0
0
0
0
0
0
0
0
0
0
0
0
0
0
0
0
0
0
0
0
0
0
0
0
0
0
0
0
0
0
0
0
0
0
0
0
0
0
0
0
0
0
0
0
0
0
0
0
0
0
0
0
0
0
0
0
0
0
0
0
0
0
0
0
0
0
0
0
0
0
0
0
0
0
0
0
0
0
0
0
0
0
0
0
0
0
0
0
0
0
0
0
0
0
0
0
0
0
0
0
0
0
0
0
0
0
0
0
0
0
0
0
0
0
0
0
0
0
0
0
0
0
0
0
0
0
0
0
0
0
0
0
0
0
0
0
0
0
0
0
0
0
0
0
0
0
0
0
0
0
0
0
0
0
0
0
0
0
0
0
0
0
0
0
0
0
0
0
0
0
0
0
0
0
0
0
0
0
0
0
0
0
0
0
0
0
0
0
0
0
0
0
0
0
0
0
0
0
0
0
0
0
0
0
0
0
0
0
0
0
0
0
0
0
0
0
0
0
0
0
0
0
0
0
0
0
0
0
0
0
0
0
0
0
0
0
0
0
0
0
0
0
0
0
0
0
0
0
0
0
0
0
0
0
0
0
0
0
0
0
0
0
0
0
0
0
0
0
0
0
0
0
0
0
0
0
0
0
0
0
0
0
0
0
0
0
0
0
0
0
0
0
0
0
0
0
0
715.164
841.398
169.302
75.0694
75.0694
70.7858
66.5021
66.5021
66.5021
64.3603
64.3603
64.3603
64.3603
62.2185
64.3603
62.2185
62.2185
62.2185
64.3603
62.2185
62.2185
62.2185
62.2185
62.2185
64.3603
62.2185
62.2185
64.3603
64.3603
62.2185
62.2185
62.2185
62.2185
62.2185
62.2185
62.2185
62.2185
62.2185
62.2185
62.2185
62.2185
62.2185
62.2185
62.2185
62.2185
62.2185
62.2185
62.2185
62.2185
62.2185
62.2185
62.2185
57.9347
60.0766
57.9347
57.9347
57.9347
57.9347
57.9347
57.9347
57.9347
55.7929
55.7929
57.9347
55.7929
57.9347
55.7929
55.7929
57.9347
55.7929
57.9347
57.9347
57.9347
57.9347
57.9347
57.9347
55.7929
57.9347
55.7929
55.7929
55.7929
55.7929
57.9347
57.9347
55.7929
55.7929
57.9347
57.9347
55.7929
55.7929
57.9347
55.7929
55.7929
55.7929
55.7929
55.7929
55.7929
55.7929
55.7929
55.7929
55.7929
55.7929
55.7929
55.7929
55.7929
55.7929
55.7929
55.7929
55.7929
55.7929
55.7929
55.7929
55.7929
55.7929
55.7929
55.7929
55.7929
55.7929
55.7929
55.7929
55.7929
55.7929
55.7929
55.7929
55.7929
55.7929
55.7929
55.7929
55.7929
55.7929
55.7929
55.7929
55.7929
55.7929
55.7929
55.7929
55.7929
55.7929
55.7929
53.651
55.7929
55.7929
55.7929
55.7929
55.7929
55.7929
55.7929
55.7929
53.651
55.7929
55.7929
55.7929
53.651
55.7929
55.7929
55.7929
55.7929
55.7929
53.651
55.7929
55.7929
55.7929
53.651
53.651
53.651
55.7929
53.651
53.651
55.7929
55.7929
55.7929
55.7929
55.7929
53.651
55.7929
55.7929
55.7929
55.7929
53.651
53.651
53.651
53.651
53.651
53.651
53.651
53.651
53.651
53.651
53.651
53.651
53.651
53.651
53.651
53.651
53.651
55.7929
53.651
53.651
53.651
53.651
53.651
55.7929
53.651
55.7929
55.7929
53.651
55.7929
53.651
55.7929
55.7929
53.651
53.651
55.7929
55.7929
55.7929
55.7929
53.651
53.651
53.651
53.651
53.651
53.651
53.651
53.651
55.7929
55.7929
53.651
55.7929
53.651
53.651
53.651
53.651
53.651
53.651
53.651
53.651
53.651
53.651
53.651
53.651
55.7929
55.7929
53.651
53.651
53.651
53.651
53.651
53.651
55.7929
55.7929
53.651
53.651
53.651
53.651
53.651
53.651
53.651
53.651
53.651
53.651
53.651
53.651
53.651
53.651
53.651
53.651
53.651
53.651
53.651
53.651
53.651
53.651
53.651
53.651
53.651
53.651
53.651
53.651
53.651
53.651
53.651
53.651
53.651
53.651
53.651
53.651
53.651
51.5091
53.651
53.651
53.651
53.651
53.651
53.651
53.651
53.651
53.651
51.5091
53.651
53.651
53.651
53.651
53.651
51.5091
53.651
53.651
53.651
53.651
53.651
53.651
53.651
53.651
51.5091
53.651
53.651
53.651
53.651
53.651
53.651
53.651
53.651
53.651
53.651
53.651
53.651
53.651
53.651
53.651
53.651
53.651
51.5091
53.651
53.651
53.651
51.5091
53.651
53.651
51.5091
53.651
53.651
53.651
51.5091
53.651
53.651
51.5091
51.5091
53.651
53.651
53.651
53.651
53.651
53.651
53.651
53.651
53.651
51.5091
51.5091
51.5091
53.651
53.651
53.651
51.5091
51.5091
53.651
53.651
53.651
53.651
53.651
51.5091
51.5091
51.5091
53.651
53.651
53.651
53.651
53.651
51.5091
53.651
53.651
53.651
53.651
51.5091
51.5091
51.5091
53.651
53.651
51.5091
51.5091
51.5091
53.651
51.5091
51.5091
51.5091
53.651
51.5091
51.5091
51.5091
53.651
53.651
51.5091
51.5091
51.5091
53.651
51.5091
53.651
53.651
53.651
51.5091
53.651
53.651
53.651
53.651
51.5091
51.5091
51.5091
53.651
51.5091
51.5091
51.5091
53.651
51.5091
53.651
53.651
53.651
53.651
53.651
51.5091
51.5091
51.5091
53.651
53.651
53.651
53.651
53.651
53.651
53.651
53.651
53.651
53.651
53.651
53.651
53.651
53.651
53.651
53.651
53.651
53.651
53.651
53.651
51.5091
53.651
51.5091
53.651
51.5091
53.651
53.651
53.651
51.5091
53.651
51.5091
51.5091
53.651
53.651
51.5091
53.651
51.5091
51.5091
53.651
53.651
51.5091
51.5091
53.651
53.651
53.651
51.5091
53.651
51.5091
53.651
51.5091
53.651
53.651
51.5091
53.651
51.5091
53.651
53.651
51.5091
53.651
51.5091
51.5091
51.5091
51.5091
53.651
51.5091
51.5091
51.5091
51.5091
53.651
51.5091
51.5091
53.651
53.651
51.5091
51.5091
53.651
51.5091
51.5091
51.5091
51.5091
53.651
51.5091
53.651
53.651
51.5091
53.651
51.5091
53.651
53.651
51.5091
51.5091
51.5091
53.651
51.5091
51.5091
51.5091
51.5091
53.651
51.5091
53.651
51.5091
51.5091
53.651
51.5091
53.651
51.5091
53.651
53.651
51.5091
51.5091
51.5091
51.5091
51.5091
53.651
51.5091
53.651
51.5091
53.651
53.651
51.5091
51.5091
53.651
51.5091
53.651
53.651
51.5091
51.5091
53.651
51.5091
53.651
53.651
51.5091
51.5091
53.651
51.5091
51.5091
53.651
51.5091
51.5091
53.651
51.5091
51.5091
53.651
51.5091
51.5091
51.5091
51.5091
51.5091
53.651
51.5091
51.5091
53.651
53.651
51.5091
51.5091
53.651
51.5091
51.5091
53.651
51.5091
51.5091
53.651
53.651
51.5091
51.5091
53.651
51.5091
51.5091
51.5091
53.651
51.5091
53.651
51.5091
51.5091
51.5091
51.5091
53.651
51.5091
51.5091
51.5091
53.651
51.5091
51.5091
51.5091
51.5091
53.651
51.5091
51.5091
51.5091
51.5091
51.5091
51.5091
53.651
51.5091
53.651
51.5091
51.5091
51.5091
51.5091
53.651
51.5091
51.5091
51.5091
53.651
51.5091
51.5091
53.651
53.651
51.5091
51.5091
51.5091
51.5091
51.5091
51.5091
51.5091
53.651
51.5091
51.5091
51.5091
51.5091
51.5091
51.5091
53.651
51.5091
51.5091
53.651
51.5091
51.5091
53.651
51.5091
51.5091
51.5091
51.5091
53.651
51.5091
53.651
53.651
51.5091
51.5091
53.651
51.5091
51.5091
53.651
51.5091
53.651
53.651
51.5091
51.5091
51.5091
53.651
51.5091
53.651
51.5091
51.5091
51.5091
53.651
51.5091
51.5091
53.651
51.5091
53.651
53.651
51.5091
51.5091
51.5091
53.651
51.5091
53.651
53.651
51.5091
51.5091
51.5091
53.651
51.5091
51.5091
51.5091
51.5091
51.5091
51.5091
53.651
51.5091
51.5091
53.651
51.5091
51.5091
51.5091
53.651
51.5091
51.5091
51.5091
53.651
53.651
51.5091
51.5091
51.5091
53.651
51.5091
51.5091
53.651
53.651
51.5091
51.5091
53.651
51.5091
51.5091
53.651
51.5091
51.5091
51.5091
51.5091
51.5091
51.5091
51.5091
53.651
51.5091
51.5091
51.5091
53.651
51.5091
51.5091
51.5091
51.5091
51.5091
51.5091
51.5091
51.5091
53.651
51.5091
51.5091
51.5091
53.651
51.5091
51.5091
51.5091
53.651
51.5091
51.5091
51.5091
53.651
51.5091
51.5091
51.5091
53.651
51.5091
51.5091
51.5091
53.651
51.5091
51.5091
51.5091
53.651
51.5091
51.5091
51.5091
53.651
51.5091
51.5091
53.651
53.651
51.5091
51.5091
51.5091
53.651
51.5091
51.5091
51.5091
53.651
51.5091
51.5091
51.5091
53.651
51.5091
51.5091
51.5091
32.2319
32.2319
0
0
0
0
0
0
0
0
0
0
0
0
0
0
0
0
0
0
0
0
0
0
0
0
0
0
0
0
0
0
0
0
0
0
0
0
0
0
0
0
0
0
0
0
0
0
0
0
0
0
0
0
0
0
0
0
0
0
0
0
0
0
0
0
0
0
0
0
0
0
0
0
0
0
0
0
0
0
0
0
0
0
0
0
0
0
0
0
0
0
0
0
0
0
0
0
0
0
0
0
0
0
0
0
0
0
0
0
0
0
0
0
0
0
0
0
0
0
0
0
0
0
0
0
0
0
0
0
0
0
0
0
0
0
0
0
0
0
0
0
0
0
0
0
0
0
0
0
0
0
0
0
0
0
0
0
0
0
0
0
0
0
0
0
0
0
0
0
0
0
0
0
0
0
0
0
0
0
0
0
0
0
0
0
0
0
0
0
0
0
0
0
0
0
0
0
0
0
0
0
0
0
0
0
0
0
0
0
0
0
0
0
0
0
0
0
0
0
0
0
0
0
0
0
0
0
0
0
0
0
0
0
0
0
0
0
0
0
0
0
0
0
0
0
0
0
0
0
0
0
0
0
0
0
0
0
0
0
0
0
0
0
0
0
0
0
0
0
0
0
0
0
0
0
0
0
0
0
0
0
0
0
0
0
0
0
0
0
0
0
0
0
0
0
0
0
0
0
0
0
0
0
0
0
0
0
0
0
0
0
0
0
0
0
0
0
0
0
0
0
0
0
0
0
0
0
0
0
0
0
0
0
0
0
0
0
0
0
0
0
0
0
0
0
0
0
0
0
0
0
0
0
0
0
0
0
0
0
0
0
0
0
0
0
0
0
0
0
0
0
0
0
0
0
0
0
0
0
0
0
0
0
0
0
0
0
0
0
0
0
0
0
0
0
0
0
0
0
0
0
0
0
0
0
0
0
0
0
0
0
0
0
0
0
0
0
0
0
0
0
0
0
0
0
0
0
0
0
0
0
0
0
0
0
0
0
0
0
0
0
0
0
0
0
0
0
0
0
0
0
0
0
0
0
0
0
0
0
0
0
0
0
0
0
0
0
0
0
0
0
0
0
0
0
0
0
0
0
0
0
0
0
0
0
0
0
0
0
0
0
0
0
0
0
0
0
0
0
0
0
0
0
0
0
0
0
0
0
0
0
0
0
0
0
0
0
0
0
0
0
0
0
0
0
0
0
0
0
0
0
0
0
0
0
0
0
0
0
0
0
0
0
0
0
0
0
0
0
0
0
0
0
0
0
0
0
0
0
0
0
0
0
0
0
0
0
0
0
0
0
0
0
0
0
0
0
0
0
0
0
0
0
0
0
0
0
0
0
0
0
0
0
0
0
0
0
0
0
0
0
659.528
738.701
738.701
102.912
79.353
72.9276
70.7858
66.5021
64.3603
64.3603
64.3603
64.3603
64.3603
62.2185
62.2185
62.2185
64.3603
64.3603
62.2185
62.2185
62.2185
62.2185
62.2185
62.2185
64.3603
64.3603
62.2185
62.2185
62.2185
62.2185
62.2185
60.0766
62.2185
62.2185
62.2185
62.2185
62.2185
60.0766
62.2185
62.2185
60.0766
62.2185
62.2185
60.0766
62.2185
60.0766
60.0766
62.2185
62.2185
60.0766
60.0766
57.9347
60.0766
60.0766
60.0766
57.9347
57.9347
60.0766
57.9347
60.0766
57.9347
57.9347
57.9347
57.9347
57.9347
57.9347
57.9347
57.9347
57.9347
57.9347
57.9347
57.9347
57.9347
57.9347
57.9347
57.9347
57.9347
57.9347
57.9347
57.9347
57.9347
57.9347
57.9347
55.7929
57.9347
57.9347
55.7929
57.9347
57.9347
57.9347
57.9347
57.9347
55.7929
57.9347
57.9347
57.9347
57.9347
57.9347
55.7929
57.9347
57.9347
55.7929
57.9347
55.7929
55.7929
57.9347
57.9347
55.7929
57.9347
57.9347
57.9347
57.9347
57.9347
55.7929
57.9347
57.9347
55.7929
57.9347
55.7929
55.7929
57.9347
55.7929
57.9347
55.7929
57.9347
57.9347
55.7929
57.9347
55.7929
55.7929
55.7929
57.9347
57.9347
55.7929
55.7929
55.7929
57.9347
55.7929
57.9347
55.7929
57.9347
57.9347
55.7929
55.7929
55.7929
57.9347
55.7929
55.7929
57.9347
55.7929
55.7929
55.7929
57.9347
55.7929
55.7929
55.7929
57.9347
55.7929
55.7929
57.9347
57.9347
55.7929
55.7929
55.7929
57.9347
55.7929
55.7929
57.9347
55.7929
55.7929
55.7929
55.7929
57.9347
55.7929
55.7929
55.7929
55.7929
55.7929
55.7929
55.7929
55.7929
55.7929
55.7929
55.7929
55.7929
55.7929
55.7929
55.7929
55.7929
55.7929
55.7929
55.7929
55.7929
55.7929
55.7929
55.7929
55.7929
55.7929
55.7929
55.7929
55.7929
55.7929
55.7929
57.9347
55.7929
55.7929
55.7929
55.7929
55.7929
55.7929
55.7929
55.7929
55.7929
55.7929
55.7929
55.7929
55.7929
55.7929
55.7929
55.7929
55.7929
55.7929
55.7929
55.7929
53.651
55.7929
55.7929
55.7929
53.651
55.7929
55.7929
55.7929
55.7929
53.651
55.7929
55.7929
55.7929
55.7929
55.7929
53.651
55.7929
55.7929
53.651
53.651
55.7929
55.7929
55.7929
53.651
55.7929
55.7929
53.651
55.7929
55.7929
53.651
53.651
55.7929
55.7929
53.651
55.7929
53.651
55.7929
53.651
55.7929
55.7929
55.7929
55.7929
53.651
55.7929
53.651
55.7929
55.7929
55.7929
53.651
53.651
55.7929
53.651
55.7929
53.651
53.651
55.7929
55.7929
53.651
55.7929
53.651
53.651
53.651
55.7929
53.651
53.651
55.7929
53.651
55.7929
53.651
55.7929
53.651
55.7929
55.7929
53.651
53.651
55.7929
53.651
55.7929
53.651
53.651
53.651
55.7929
53.651
53.651
53.651
53.651
53.651
55.7929
53.651
53.651
55.7929
53.651
53.651
53.651
55.7929
53.651
53.651
53.651
53.651
53.651
55.7929
53.651
53.651
55.7929
55.7929
53.651
53.651
53.651
55.7929
53.651
53.651
53.651
53.651
55.7929
53.651
53.651
53.651
55.7929
53.651
53.651
53.651
55.7929
55.7929
53.651
53.651
53.651
55.7929
53.651
53.651
53.651
53.651
53.651
53.651
53.651
53.651
53.651
53.651
53.651
53.651
55.7929
53.651
53.651
53.651
53.651
53.651
55.7929
53.651
53.651
53.651
53.651
53.651
53.651
53.651
55.7929
55.7929
53.651
53.651
53.651
53.651
53.651
53.651
53.651
53.651
55.7929
55.7929
53.651
53.651
53.651
53.651
53.651
53.651
53.651
53.651
53.651
55.7929
53.651
53.651
53.651
53.651
53.651
53.651
53.651
53.651
53.651
53.651
53.651
55.7929
53.651
53.651
53.651
53.651
53.651
53.651
53.651
53.651
53.651
53.651
53.651
53.651
53.651
53.651
53.651
53.651
53.651
53.651
53.651
53.651
53.651
53.651
53.651
53.651
53.651
53.651
53.651
53.651
53.651
53.651
53.651
53.651
53.651
53.651
53.651
53.651
53.651
53.651
53.651
53.651
53.651
53.651
53.651
53.651
53.651
53.651
53.651
51.5091
53.651
53.651
53.651
53.651
53.651
53.651
53.651
53.651
53.651
53.651
53.651
51.5091
53.651
53.651
53.651
53.651
53.651
53.651
53.651
53.651
53.651
51.5091
53.651
53.651
53.651
53.651
53.651
53.651
53.651
53.651
51.5091
53.651
53.651
53.651
53.651
53.651
51.5091
53.651
53.651
53.651
53.651
53.651
53.651
51.5091
53.651
53.651
53.651
53.651
53.651
51.5091
53.651
53.651
53.651
53.651
53.651
53.651
53.651
53.651
53.651
53.651
53.651
53.651
53.651
51.5091
53.651
53.651
53.651
53.651
51.5091
53.651
53.651
53.651
51.5091
53.651
53.651
53.651
51.5091
53.651
53.651
53.651
51.5091
53.651
51.5091
51.5091
53.651
53.651
53.651
53.651
51.5091
53.651
53.651
53.651
51.5091
53.651
53.651
51.5091
53.651
53.651
53.651
53.651
51.5091
53.651
53.651
51.5091
53.651
53.651
51.5091
53.651
53.651
53.651
53.651
51.5091
53.651
53.651
53.651
53.651
53.651
53.651
51.5091
53.651
53.651
51.5091
53.651
53.651
53.651
51.5091
53.651
53.651
51.5091
53.651
51.5091
51.5091
53.651
53.651
51.5091
53.651
53.651
51.5091
53.651
53.651
53.651
51.5091
53.651
53.651
53.651
51.5091
53.651
53.651
53.651
51.5091
53.651
53.651
51.5091
53.651
51.5091
51.5091
53.651
53.651
51.5091
53.651
53.651
53.651
51.5091
51.5091
53.651
53.651
51.5091
53.651
53.651
53.651
53.651
51.5091
53.651
53.651
51.5091
53.651
53.651
53.651
53.651
51.5091
53.651
53.651
53.651
53.651
53.651
51.5091
53.651
51.5091
53.651
53.651
53.651
51.5091
53.651
53.651
53.651
53.651
51.5091
53.651
51.5091
53.651
53.651
51.5091
53.651
51.5091
53.651
51.5091
51.5091
53.651
51.5091
53.651
51.5091
53.651
53.651
53.651
53.651
53.651
51.5091
53.651
51.5091
53.651
53.651
53.651
53.651
53.651
51.5091
53.651
51.5091
53.651
51.5091
53.651
53.651
53.651
51.5091
53.651
51.5091
53.651
53.651
53.651
53.651
51.5091
53.651
53.651
51.5091
53.651
53.651
53.651
53.651
51.5091
53.651
53.651
51.5091
53.651
53.651
53.651
51.5091
53.651
53.651
53.651
51.5091
53.651
53.651
53.651
53.651
51.5091
53.651
53.651
53.651
53.651
53.651
53.651
53.651
53.651
53.651
53.651
53.651
53.651
53.651
53.651
53.651
53.651
53.651
53.651
53.651
53.651
53.651
53.651
55.7929
53.651
53.651
53.651
53.651
53.651
53.651
53.651
55.7929
53.651
53.651
53.651
55.7929
53.651
53.651
53.651
53.651
55.7929
53.651
53.651
53.651
55.7929
53.651
53.651
53.651
55.7929
53.651
55.7929
53.651
53.651
53.651
55.7929
53.651
53.651
55.7929
53.651
55.7929
53.651
53.651
55.7929
53.651
53.651
53.651
55.7929
53.651
53.651
55.7929
53.651
53.651
53.651
55.7929
53.651
55.7929
53.651
53.651
53.651
53.651
55.7929
53.651
55.7929
53.651
53.651
53.651
53.651
55.7929
53.651
53.651
53.651
55.7929
55.7929
55.7929
53.651
53.651
55.7929
53.651
53.651
53.651
55.7929
53.651
53.651
55.7929
55.7929
53.651
53.651
53.651
55.7929
53.651
53.651
53.651
55.7929
53.651
53.651
53.651
53.651
55.7929
53.651
53.651
55.7929
55.7929
53.651
53.651
53.651
55.7929
53.651
53.651
53.651
55.7929
53.651
53.651
55.7929
53.651
53.651
55.7929
55.7929
53.651
53.651
53.651
53.651
55.7929
53.651
53.651
53.651
53.651
55.7929
53.651
53.651
53.651
55.7929
53.651
53.651
53.651
53.651
53.651
55.7929
53.651
53.651
53.651
53.651
53.651
55.7929
53.651
53.651
53.651
55.7929
53.651
53.651
53.651
53.651
53.651
55.7929
53.651
53.651
53.651
53.651
55.7929
53.651
53.651
53.651
53.651
55.7929
53.651
53.651
53.651
53.651
53.651
53.651
53.651
53.651
53.651
55.7929
53.651
53.651
53.651
53.651
55.7929
53.651
53.651
53.651
53.651
55.7929
53.651
53.651
53.651
53.651
53.651
53.651
53.651
53.651
55.7929
53.651
53.651
53.651
53.651
55.7929
53.651
53.651
53.651
53.651
53.651
53.651
55.7929
53.651
53.651
53.651
53.651
53.651
53.651
53.651
55.7929
53.651
53.651
53.651
55.7929
53.651
53.651
53.651
53.651
53.651
53.651
53.651
53.651
53.651
53.651
53.651
55.7929
53.651
53.651
53.651
53.651
53.651
53.651
53.651
53.651
53.651
55.7929
53.651
53.651
53.651
53.651
53.651
55.7929
53.651
53.651
53.651
53.651
53.651
53.651
53.651
53.651
53.651
53.651
53.651
53.651
53.651
53.651
55.7929
53.651
53.651
53.651
53.651
53.651
53.651
53.651
53.651
53.651
53.651
53.651
53.651
53.651
53.651
53.651
55.7929
53.651
53.651
53.651
53.651
53.651
53.651
53.651
53.651
53.651
53.651
53.651
53.651
53.651
53.651
53.651
53.651
53.651
53.651
53.651
55.7929
53.651
53.651
53.651
53.651
53.651
53.651
53.651
53.651
53.651
53.651
53.651
53.651
53.651
53.651
53.651
53.651
55.7929
53.651
53.651
53.651
53.651
53.651
53.651
53.651
53.651
53.651
53.651
53.651
53.651
53.651
53.651
53.651
53.651
53.651
53.651
53.651
53.651
53.651
53.651
53.651
53.651
53.651
53.651
53.651
53.651
53.651
53.651
53.651
53.651
53.651
53.651
53.651
53.651
53.651
53.651
53.651
53.651
53.651
53.651
53.651
53.651
53.651
53.651
53.651
53.651
53.651
53.651
53.651
55.7929
53.651
53.651
53.651
53.651
53.651
53.651
53.651
53.651
53.651
51.5091
53.651
53.651
53.651
53.651
53.651
53.651
53.651
53.651
53.651
53.651
51.5091
53.651
53.651
53.651
53.651
53.651
53.651
53.651
53.651
51.5091
51.5091
53.651
53.651
53.651
53.651
53.651
53.651
53.651
53.651
55.7929
53.651
53.651
53.651
51.5091
53.651
53.651
53.651
53.651
51.5091
53.651
53.651
53.651
53.651
53.651
53.651
53.651
53.651
53.651
53.651
53.651
53.651
51.5091
53.651
53.651
53.651
53.651
51.5091
53.651
53.651
53.651
53.651
53.651
51.5091
53.651
53.651
53.651
53.651
51.5091
53.651
53.651
53.651
53.651
51.5091
53.651
53.651
53.651
53.651
53.651
53.651
51.5091
51.5091
53.651
53.651
53.651
53.651
51.5091
51.5091
53.651
53.651
53.651
51.5091
53.651
53.651
53.651
53.651
53.651
53.651
53.651
53.651
53.651
51.5091
53.651
53.651
53.651
51.5091
53.651
53.651
53.651
53.651
53.651
53.651
53.651
51.5091
53.651
53.651
53.651
51.5091
53.651
53.651
51.5091
51.5091
53.651
53.651
51.5091
53.651
51.5091
51.5091
53.651
53.651
53.651
53.651
53.651
53.651
51.5091
53.651
53.651
53.651
53.651
53.651
51.5091
53.651
51.5091
53.651
53.651
53.651
51.5091
53.651
51.5091
53.651
53.651
51.5091
53.651
53.651
51.5091
51.5091
51.5091
53.651
51.5091
53.651
51.5091
51.5091
53.651
51.5091
53.651
53.651
53.651
53.651
51.5091
53.651
51.5091
51.5091
51.5091
51.5091
51.5091
51.5091
51.5091
51.5091
51.5091
51.5091
51.5091
51.5091
51.5091
51.5091
51.5091
51.5091
53.651
51.5091
53.651
51.5091
51.5091
51.5091
51.5091
53.651
51.5091
53.651
53.651
53.651
51.5091
53.651
51.5091
51.5091
53.651
53.651
51.5091
53.651
53.651
53.651
51.5091
53.651
53.651
51.5091
53.651
51.5091
51.5091
53.651
51.5091
51.5091
53.651
51.5091
53.651
51.5091
51.5091
53.651
53.651
51.5091
53.651
51.5091
53.651
53.651
53.651
51.5091
53.651
51.5091
53.651
53.651
51.5091
51.5091
53.651
51.5091
53.651
53.651
51.5091
51.5091
53.651
51.5091
51.5091
51.5091
53.651
51.5091
51.5091
53.651
51.5091
53.651
53.651
51.5091
51.5091
53.651
53.651
51.5091
51.5091
53.651
51.5091
53.651
51.5091
51.5091
51.5091
51.5091
53.651
51.5091
53.651
51.5091
51.5091
51.5091
51.5091
51.5091
51.5091
53.651
53.651
51.5091
51.5091
53.651
53.651
51.5091
51.5091
53.651
51.5091
51.5091
53.651
53.651
51.5091
51.5091
51.5091
53.651
51.5091
51.5091
53.651
53.651
51.5091
51.5091
53.651
53.651
51.5091
51.5091
51.5091
53.651
51.5091
53.651
51.5091
53.651
53.651
51.5091
53.651
51.5091
53.651
51.5091
53.651
51.5091
51.5091
53.651
51.5091
53.651
51.5091
53.651
51.5091
51.5091
51.5091
53.651
51.5091
53.651
51.5091
53.651
53.651
51.5091
51.5091
53.651
51.5091
51.5091
53.651
53.651
51.5091
53.651
51.5091
51.5091
53.651
51.5091
51.5091
53.651
51.5091
53.651
51.5091
53.651
51.5091
51.5091
53.651
51.5091
51.5091
53.651
51.5091
53.651
53.651
51.5091
53.651
51.5091
51.5091
51.5091
51.5091
53.651
51.5091
53.651
51.5091
53.651
53.651
51.5091
53.651
51.5091
53.651
51.5091
51.5091
53.651
51.5091
51.5091
53.651
51.5091
53.651
53.651
51.5091
53.651
51.5091
53.651
51.5091
53.651
53.651
51.5091
53.651
53.651
51.5091
51.5091
53.651
53.651
51.5091
53.651
51.5091
51.5091
53.651
51.5091
53.651
51.5091
53.651
53.651
51.5091
53.651
51.5091
51.5091
51.5091
51.5091
51.5091
53.651
51.5091
51.5091
51.5091
53.651
51.5091
51.5091
51.5091
53.651
51.5091
51.5091
51.5091
51.5091
53.651
53.651
51.5091
53.651
51.5091
53.651
51.5091
51.5091
53.651
51.5091
53.651
51.5091
51.5091
51.5091
51.5091
53.651
51.5091
53.651
51.5091
51.5091
51.5091
51.5091
53.651
51.5091
51.5091
53.651
53.651
53.651
51.5091
51.5091
53.651
51.5091
53.651
51.5091
51.5091
53.651
51.5091
51.5091
53.651
51.5091
53.651
51.5091
51.5091
51.5091
51.5091
53.651
51.5091
53.651
51.5091
51.5091
53.651
51.5091
51.5091
53.651
51.5091
53.651
51.5091
51.5091
51.5091
51.5091
53.651
53.651
51.5091
51.5091
53.651
51.5091
51.5091
51.5091
51.5091
51.5091
53.651
51.5091
51.5091
53.651
53.651
51.5091
51.5091
53.651
51.5091
51.5091
53.651
51.5091
51.5091
51.5091
51.5091
51.5091
53.651
51.5091
51.5091
53.651
53.651
51.5091
51.5091
53.651
51.5091
51.5091
53.651
53.651
51.5091
51.5091
53.651
53.651
51.5091
51.5091
51.5091
51.5091
51.5091
51.5091
51.5091
51.5091
51.5091
51.5091
53.651
53.651
51.5091
53.651
51.5091
51.5091
51.5091
53.651
51.5091
51.5091
53.651
51.5091
51.5091
53.651
53.651
51.5091
51.5091
51.5091
51.5091
51.5091
51.5091
51.5091
53.651
51.5091
51.5091
53.651
51.5091
53.651
51.5091
51.5091
51.5091
51.5091
51.5091
51.5091
53.651
53.651
51.5091
51.5091
53.651
51.5091
51.5091
53.651
53.651
51.5091
51.5091
51.5091
51.5091
51.5091
51.5091
51.5091
51.5091
53.651
51.5091
51.5091
51.5091
51.5091
51.5091
53.651
51.5091
51.5091
51.5091
53.651
51.5091
51.5091
51.5091
53.651
51.5091
51.5091
51.5091
53.651
51.5091
51.5091
51.5091
53.651
51.5091
51.5091
53.651
51.5091
51.5091
51.5091
51.5091
51.5091
51.5091
51.5091
51.5091
51.5091
51.5091
53.651
51.5091
51.5091
51.5091
51.5091
51.5091
53.651
51.5091
51.5091
51.5091
51.5091
53.651
53.651
51.5091
51.5091
51.5091
51.5091
53.651
51.5091
51.5091
51.5091
51.5091
51.5091
53.651
51.5091
51.5091
53.651
53.651
51.5091
51.5091
51.5091
51.5091
53.651
53.651
51.5091
51.5091
51.5091
51.5091
53.651
51.5091
51.5091
51.5091
51.5091
51.5091
53.651
51.5091
51.5091
51.5091
51.5091
51.5091
51.5091
51.5091
51.5091
51.5091
51.5091
51.5091
51.5091
51.5091
51.5091
51.5091
51.5091
53.651
53.651
51.5091
51.5091
51.5091
53.651
51.5091
51.5091
51.5091
51.5091
51.5091
51.5091
51.5091
51.5091
51.5091
51.5091
53.651
53.651
53.651
53.651
53.651
53.651
53.651
51.5091
51.5091
51.5091
51.5091
51.5091
51.5091
51.5091
53.651
53.651
51.5091
51.5091
51.5091
51.5091
51.5091
51.5091
51.5091
51.5091
53.651
51.5091
51.5091
51.5091
51.5091
51.5091
51.5091
53.651
51.5091
51.5091
51.5091
51.5091
53.651
51.5091
51.5091
51.5091
51.5091
51.5091
51.5091
51.5091
51.5091
51.5091
51.5091
51.5091
51.5091
51.5091
51.5091
51.5091
51.5091
51.5091
51.5091
51.5091
51.5091
51.5091
51.5091
51.5091
51.5091
51.5091
51.5091
51.5091
51.5091
51.5091
51.5091
51.5091
51.5091
51.5091
51.5091
51.5091
51.5091
51.5091
51.5091
51.5091
51.5091
51.5091
51.5091
51.5091
51.5091
51.5091
51.5091
51.5091
51.5091
51.5091
51.5091
51.5091
51.5091
51.5091
51.5091
51.5091
51.5091
51.5091
51.5091
51.5091
53.651
51.5091
51.5091
51.5091
51.5091
51.5091
51.5091
51.5091
51.5091
51.5091
51.5091
51.5091
51.5091
51.5091
51.5091
51.5091
51.5091
51.5091
51.5091
51.5091
51.5091
51.5091
51.5091
51.5091
51.5091
51.5091
51.5091
51.5091
51.5091
51.5091
51.5091
51.5091
51.5091
51.5091
51.5091
51.5091
51.5091
51.5091
53.651
53.651
51.5091
51.5091
51.5091
51.5091
51.5091
51.5091
51.5091
51.5091
51.5091
51.5091
51.5091
51.5091
53.651
53.651
51.5091
51.5091
51.5091
51.5091
49.3672
51.5091
51.5091
51.5091
51.5091
51.5091
53.651
53.651
51.5091
51.5091
51.5091
51.5091
51.5091
51.5091
51.5091
51.5091
51.5091
51.5091
51.5091
51.5091
51.5091
51.5091
51.5091
51.5091
51.5091
51.5091
51.5091
51.5091
51.5091
51.5091
51.5091
51.5091
51.5091
51.5091
51.5091
49.3672
51.5091
51.5091
51.5091
51.5091
51.5091
51.5091
51.5091
51.5091
51.5091
51.5091
51.5091
51.5091
51.5091
51.5091
51.5091
51.5091
51.5091
51.5091
51.5091
51.5091
51.5091
51.5091
51.5091
51.5091
51.5091
51.5091
51.5091
51.5091
51.5091
51.5091
51.5091
49.3672
51.5091
51.5091
51.5091
51.5091
51.5091
51.5091
51.5091
51.5091
51.5091
51.5091
51.5091
51.5091
51.5091
51.5091
51.5091
51.5091
51.5091
51.5091
49.3672
51.5091
51.5091
51.5091
51.5091
51.5091
51.5091
51.5091
51.5091
51.5091
51.5091
51.5091
51.5091
51.5091
51.5091
51.5091
51.5091
0
0
0
0
0
0
0
0
0
0
0
0
0
0
0
0
0
0
0
0
0
0
0
0
0
0
0
0
0
0
0
0
0
0
0
0
0
0
0
0
0
0
0
0
0
0
0
0
0
0
0
0
0
0
0
0
0
0
0
0
0
0
0
0
0
0
0
0
0
0
0
0
0
0
0
0
0
0
0
0
0
0
0
0
0
0
0
0
0
0
0
0
0
0
0
0
0
0
0
0
0
0
0
0
0
0
0
0
0
0
0
0
0
0
0
0
0
0
0
0
0
0
0
0
0
0
0
0
0
0
0
0
0
0
0
0
0
0
0
0
0
0
0
0
0
0
0
0
0
0
0
0
0
0
0
0
0
0
0
0
0
0
0
0
0
0
0
0
0
0
0
0
0
0
0
0
0
0
0
0
0
0
0
0
0
0
0
0
0
0
0
0
0
0
0
0
0
0
0
0
0
0
0
0
0
0
0
0
0
0
0
0
0
0
0
0
0
0
0
0
0
0
0
0
0
0
0
0
0
0
0
0
0
0
0
0
0
0
0
0
0
0
0
0
0
0
0
0
0
0
0
0
0
0
0
0
0
0
0
0
0
0
0
0
0
0
0
0
0
0
0
0
0
0
0
0
0
0
0
0
0
0
0
0
0
0
0
0
0
0
0
0
0
0
0
0
0
0
0
0
0
0
0
0
0
0
0
0
0
0
0
0
0
0
0
0
0
0
0
0
0
0
0
0
0
0
0
0
0
0
0
0
0
0
0
0
0
0
0
0
0
0
0
0
0
0
0
0
0
0
0
0
0
0
0
0
0
0
0
0
0
0
0
0
0
0
0
0
0
0
0
0
0
0
0
0
0
0
0
0
0
0
0
0
0
0
0
0
0
0
0
0
0
0
0
0
0
0
0
0
0
0
0
0
0
0
0
0
0
0
0
0
0
0
0
0
0
0
0
0
0
0
0
0
0
0
0
0
0
0
0
0
0
0
0
0
0
0
0
0
0
0
0
0
0
0
0
0
0
0
0
0
0
0
0
0
0
0
0
0
0
0
0
0
0
0
0
0
0
0
0
0
0
0
0
0
0
0
0
0
0
0
0
0
0
0
0
0
0
0
0
0
0
0
0
0
0
0
0
0
0
0
0
0
0
0
0
0
0
0
0
0
0
0
0
0
0
0
0
0
0
0
0
0
0
0
0
0
0
0
0
0
0
0
0
0
0
0
0
0
0
0
0
0
0
0
0
0
0
0
0
0
0
0
0
0
0
0
0
0
0
0
0
0
0
0
0
0
0
0
0
0
0
0
0
0
0
0
0
0
0
0
0
0
0
0
0
0
0
0
0
0
0
0
0
0
0
0
0
0
0
0
0
0
0
0
0
0
0
0
0
0
0
0
0
0
0
0
0
0
0
0
0
0
0
0
0
0
0
0
0
0
0
0
0
0
0
0
0
0
0
0
0
0
0
0
0
0
0
0
0
0
0
0
0
0
0
0
0
0
0
0
0
0
0
0
0
0
0
0
0
0
0
0
0
0
0
0
0
0
0
0
0
0
0
0
0
0
0
0
0
0
0
0
0
0
0
0
0
0
0
0
0
0
0
0
0
0
0
0
0
0
0
0
0
0
0
0
0
0
0
0
0
0
0
0
0
0
0
0
0
0
0
0
0
0
0
0
0
0
0
0
0
0
0
0
0
0
0
0
0
0
0
0
0
0
0
0
0
0
0
0
0
0
0
0
0
0
0
0
0
0
0
0
0
0
0
0
0
0
0
0
0
0
0
0
0
0
0
0
0
0
0
0
0
0
0
0
0
0
0
0
0
0
0
0
0
0
0
0
0
0
0
0
0
0
0
0
0
0
0
0
0
0
0
0
0
0
0
0
0
0
0
0
0
0
0
0
0
0
0
0
0
0
0
0
0
0
0
0
0
0
0
0
0
0
0
0
0
0
0
0
0
0
0
0
0
0
0
0
0
0
0
0
0
0
0
0
0
0
0
0
0
0
0
0
0
0
0
0
0
0
0
0
0
0
0
0
0
0
0
0
0
0
0
0
0
0
0
0
0
0
0
0
0
0
0
0
0
0
0
0
563.224
852.095
293.498
81.4948
75.0694
70.7858
68.644
66.5021
64.3603
64.3603
64.3603
62.2185
62.2185
64.3603
64.3603
62.2185
62.2185
62.2185
62.2185
64.3603
62.2185
62.2185
62.2185
62.2185
62.2185
62.2185
62.2185
62.2185
62.2185
60.0766
62.2185
62.2185
60.0766
62.2185
60.0766
62.2185
62.2185
62.2185
60.0766
62.2185
60.0766
62.2185
62.2185
62.2185
60.0766
60.0766
62.2185
62.2185
60.0766
60.0766
60.0766
60.0766
60.0766
60.0766
57.9347
57.9347
57.9347
57.9347
57.9347
57.9347
57.9347
55.7929
57.9347
57.9347
55.7929
55.7929
57.9347
57.9347
55.7929
55.7929
57.9347
55.7929
55.7929
55.7929
55.7929
55.7929
55.7929
55.7929
55.7929
55.7929
55.7929
55.7929
55.7929
55.7929
55.7929
55.7929
55.7929
55.7929
55.7929
55.7929
55.7929
55.7929
55.7929
53.651
55.7929
55.7929
55.7929
55.7929
55.7929
55.7929
55.7929
55.7929
55.7929
55.7929
55.7929
55.7929
55.7929
55.7929
53.651
55.7929
55.7929
55.7929
55.7929
55.7929
55.7929
55.7929
55.7929
55.7929
53.651
55.7929
55.7929
55.7929
55.7929
53.651
55.7929
55.7929
55.7929
55.7929
55.7929
53.651
55.7929
55.7929
55.7929
55.7929
55.7929
53.651
55.7929
55.7929
55.7929
53.651
55.7929
55.7929
53.651
55.7929
55.7929
55.7929
55.7929
53.651
55.7929
53.651
55.7929
55.7929
53.651
55.7929
55.7929
55.7929
55.7929
55.7929
53.651
55.7929
55.7929
55.7929
53.651
55.7929
55.7929
53.651
55.7929
55.7929
55.7929
53.651
55.7929
55.7929
53.651
53.651
55.7929
53.651
55.7929
53.651
55.7929
53.651
55.7929
53.651
53.651
53.651
55.7929
53.651
55.7929
53.651
53.651
53.651
55.7929
53.651
53.651
53.651
55.7929
53.651
53.651
55.7929
53.651
53.651
55.7929
53.651
53.651
53.651
53.651
53.651
55.7929
53.651
53.651
53.651
53.651
53.651
53.651
53.651
53.651
53.651
53.651
53.651
55.7929
53.651
53.651
53.651
55.7929
53.651
53.651
53.651
53.651
53.651
53.651
53.651
53.651
53.651
53.651
55.7929
55.7929
53.651
53.651
53.651
53.651
53.651
53.651
53.651
53.651
53.651
53.651
53.651
53.651
53.651
53.651
53.651
53.651
53.651
53.651
53.651
51.5091
53.651
53.651
53.651
53.651
53.651
53.651
53.651
53.651
53.651
51.5091
53.651
53.651
53.651
53.651
53.651
53.651
53.651
53.651
51.5091
53.651
53.651
53.651
53.651
53.651
53.651
53.651
51.5091
53.651
53.651
53.651
51.5091
53.651
53.651
51.5091
53.651
53.651
53.651
53.651
53.651
51.5091
53.651
53.651
53.651
51.5091
53.651
53.651
53.651
53.651
51.5091
53.651
53.651
53.651
53.651
53.651
51.5091
53.651
53.651
53.651
53.651
51.5091
53.651
53.651
53.651
51.5091
53.651
53.651
51.5091
51.5091
53.651
51.5091
53.651
53.651
51.5091
53.651
51.5091
53.651
51.5091
51.5091
53.651
53.651
51.5091
53.651
51.5091
53.651
51.5091
53.651
51.5091
51.5091
53.651
53.651
51.5091
53.651
53.651
51.5091
53.651
53.651
53.651
51.5091
51.5091
53.651
51.5091
53.651
51.5091
53.651
51.5091
51.5091
51.5091
53.651
51.5091
53.651
51.5091
53.651
51.5091
53.651
53.651
51.5091
53.651
53.651
53.651
51.5091
51.5091
53.651
51.5091
51.5091
51.5091
53.651
53.651
51.5091
53.651
51.5091
51.5091
53.651
51.5091
53.651
51.5091
51.5091
53.651
53.651
51.5091
53.651
51.5091
53.651
51.5091
53.651
53.651
51.5091
53.651
51.5091
51.5091
53.651
51.5091
53.651
51.5091
53.651
51.5091
53.651
53.651
51.5091
51.5091
53.651
51.5091
53.651
51.5091
53.651
51.5091
53.651
53.651
51.5091
53.651
53.651
51.5091
51.5091
53.651
51.5091
53.651
51.5091
53.651
51.5091
51.5091
51.5091
53.651
51.5091
53.651
51.5091
53.651
51.5091
53.651
53.651
51.5091
51.5091
53.651
51.5091
53.651
51.5091
53.651
51.5091
53.651
51.5091
53.651
53.651
51.5091
53.651
51.5091
53.651
51.5091
53.651
51.5091
53.651
51.5091
53.651
51.5091
51.5091
51.5091
53.651
51.5091
53.651
51.5091
53.651
51.5091
51.5091
51.5091
53.651
51.5091
51.5091
53.651
51.5091
51.5091
53.651
51.5091
53.651
51.5091
51.5091
53.651
53.651
51.5091
51.5091
53.651
51.5091
51.5091
51.5091
51.5091
53.651
53.651
51.5091
51.5091
51.5091
53.651
51.5091
51.5091
53.651
53.651
51.5091
51.5091
51.5091
51.5091
53.651
51.5091
51.5091
51.5091
53.651
51.5091
51.5091
53.651
53.651
53.651
51.5091
53.651
51.5091
51.5091
51.5091
51.5091
53.651
51.5091
51.5091
53.651
51.5091
51.5091
53.651
51.5091
51.5091
51.5091
51.5091
53.651
51.5091
51.5091
51.5091
53.651
51.5091
51.5091
53.651
51.5091
51.5091
51.5091
51.5091
53.651
51.5091
51.5091
51.5091
51.5091
51.5091
51.5091
51.5091
51.5091
51.5091
51.5091
53.651
51.5091
51.5091
53.651
51.5091
51.5091
51.5091
51.5091
53.651
51.5091
51.5091
51.5091
53.651
51.5091
51.5091
51.5091
51.5091
51.5091
53.651
51.5091
51.5091
51.5091
53.651
51.5091
51.5091
51.5091
53.651
51.5091
51.5091
51.5091
53.651
51.5091
51.5091
51.5091
53.651
51.5091
51.5091
51.5091
53.651
53.651
51.5091
51.5091
51.5091
53.651
51.5091
51.5091
51.5091
51.5091
53.651
51.5091
51.5091
51.5091
51.5091
53.651
53.651
51.5091
51.5091
51.5091
51.5091
53.651
53.651
51.5091
51.5091
51.5091
53.651
51.5091
51.5091
51.5091
51.5091
51.5091
51.5091
51.5091
51.5091
51.5091
51.5091
51.5091
53.651
51.5091
51.5091
53.651
51.5091
51.5091
51.5091
51.5091
51.5091
53.651
51.5091
51.5091
51.5091
51.5091
53.651
51.5091
51.5091
51.5091
53.651
51.5091
51.5091
51.5091
53.651
51.5091
51.5091
51.5091
51.5091
51.5091
53.651
51.5091
51.5091
51.5091
51.5091
51.5091
51.5091
53.651
51.5091
51.5091
51.5091
51.5091
51.5091
51.5091
53.651
51.5091
51.5091
51.5091
51.5091
53.651
51.5091
51.5091
51.5091
51.5091
51.5091
53.651
51.5091
51.5091
51.5091
53.651
53.651
51.5091
51.5091
51.5091
51.5091
53.651
51.5091
51.5091
51.5091
51.5091
53.651
53.651
51.5091
51.5091
51.5091
51.5091
51.5091
53.651
51.5091
51.5091
51.5091
51.5091
51.5091
51.5091
53.651
51.5091
51.5091
51.5091
51.5091
51.5091
53.651
51.5091
51.5091
51.5091
51.5091
51.5091
51.5091
51.5091
51.5091
51.5091
51.5091
51.5091
51.5091
51.5091
51.5091
51.5091
51.5091
51.5091
51.5091
51.5091
51.5091
51.5091
51.5091
53.651
51.5091
51.5091
51.5091
51.5091
51.5091
51.5091
51.5091
53.651
53.651
51.5091
51.5091
51.5091
51.5091
51.5091
53.651
53.651
51.5091
51.5091
51.5091
51.5091
51.5091
51.5091
51.5091
51.5091
51.5091
53.651
51.5091
51.5091
51.5091
51.5091
51.5091
51.5091
51.5091
53.651
51.5091
51.5091
51.5091
51.5091
51.5091
51.5091
51.5091
51.5091
51.5091
51.5091
53.651
51.5091
51.5091
51.5091
51.5091
51.5091
51.5091
53.651
51.5091
51.5091
51.5091
51.5091
51.5091
51.5091
51.5091
51.5091
51.5091
51.5091
51.5091
51.5091
53.651
51.5091
51.5091
51.5091
51.5091
51.5091
51.5091
53.651
51.5091
51.5091
51.5091
51.5091
53.651
51.5091
51.5091
51.5091
51.5091
51.5091
53.651
51.5091
51.5091
51.5091
51.5091
53.651
53.651
51.5091
51.5091
51.5091
51.5091
51.5091
51.5091
51.5091
53.651
51.5091
51.5091
51.5091
51.5091
51.5091
51.5091
53.651
51.5091
51.5091
51.5091
51.5091
53.651
53.651
51.5091
51.5091
51.5091
51.5091
53.651
53.651
51.5091
51.5091
51.5091
51.5091
53.651
51.5091
51.5091
51.5091
51.5091
51.5091
51.5091
51.5091
51.5091
51.5091
51.5091
53.651
51.5091
51.5091
51.5091
53.651
53.651
51.5091
51.5091
51.5091
53.651
51.5091
51.5091
51.5091
51.5091
51.5091
53.651
51.5091
51.5091
51.5091
51.5091
51.5091
53.651
51.5091
51.5091
51.5091
51.5091
51.5091
51.5091
51.5091
51.5091
51.5091
51.5091
51.5091
51.5091
51.5091
51.5091
51.5091
51.5091
51.5091
51.5091
51.5091
51.5091
51.5091
51.5091
51.5091
51.5091
51.5091
51.5091
51.5091
53.651
51.5091
51.5091
51.5091
51.5091
51.5091
53.651
51.5091
51.5091
51.5091
51.5091
51.5091
53.651
51.5091
51.5091
51.5091
51.5091
51.5091
53.651
51.5091
51.5091
51.5091
51.5091
53.651
51.5091
51.5091
51.5091
51.5091
51.5091
51.5091
51.5091
51.5091
51.5091
51.5091
53.651
51.5091
51.5091
51.5091
53.651
53.651
51.5091
51.5091
51.5091
51.5091
53.651
53.651
51.5091
51.5091
51.5091
51.5091
51.5091
51.5091
53.651
51.5091
51.5091
51.5091
51.5091
51.5091
51.5091
51.5091
53.651
51.5091
51.5091
51.5091
51.5091
51.5091
51.5091
51.5091
53.651
51.5091
51.5091
51.5091
51.5091
51.5091
51.5091
51.5091
53.651
51.5091
51.5091
51.5091
51.5091
51.5091
51.5091
53.651
51.5091
51.5091
51.5091
51.5091
51.5091
53.651
51.5091
51.5091
51.5091
51.5091
51.5091
51.5091
51.5091
53.651
51.5091
51.5091
51.5091
51.5091
51.5091
53.651
51.5091
51.5091
51.5091
51.5091
51.5091
51.5091
51.5091
51.5091
51.5091
51.5091
27.948
0
0
0
0
0
0
0
0
0
0
0
0
0
0
0
0
0
0
0
0
0
0
0
0
0
0
0
0
0
0
0
0
0
0
0
0
0
0
0
0
0
0
0
0
0
0
0
0
0
0
0
0
0
0
0
0
0
0
0
0
0
0
0
0
0
0
0
0
0
0
0
0
0
0
0
0
0
0
0
0
0
0
0
0
0
0
0
0
0
0
0
0
0
0
0
0
0
0
0
0
0
0
0
0
0
0
0
0
0
0
0
0
0
0
0
0
0
0
0
0
0
0
0
0
0
0
0
0
0
0
0
0
0
0
0
0
0
0
0
0
0
0
0
0
0
0
0
0
0
0
0
0
0
0
0
0
0
0
0
0
0
0
0
0
0
0
0
0
0
0
0
0
0
0
0
0
0
0
0
0
0
0
0
0
0
0
0
0
0
0
0
0
0
0
0
0
0
0
0
0
0
0
0
0
0
0
0
0
0
0
0
0
0
0
0
0
0
0
0
0
0
0
0
0
0
0
0
0
0
0
0
0
0
0
0
0
0
0
0
0
0
0
0
0
0
0
0
0
0
0
0
0
0
0
0
0
0
0
0
0
0
0
0
0
0
0
0
0
0
0
0
0
0
0
0
0
0
0
0
0
0
0
0
0
0
0
0
0
0
0
0
0
0
0
0
0
0
0
0
0
0
0
0
0
0
0
0
0
0
0
0
0
0
0
0
0
0
0
0
0
0
0
0
0
0
0
0
0
0
0
0
0
0
0
0
0
0
0
0
0
0
0
0
0
0
0
0
0
0
0
0
0
0
0
0
0
0
0
0
0
0
0
0
0
0
0
0
0
0
0
0
0
0
0
0
0
0
0
0
0
0
0
0
0
0
0
0
0
0
0
0
0
0
0
0
0
0
0
0
0
0
0
0
0
0
0
0
0
0
0
0
0
0
0
0
0
0
0
0
0
0
0
0
0
0
0
0
0
0
0
0
0
0
0
0
0
0
0
0
0
0
0
0
0
0
0
0
0
0
0
0
0
2.24392
0
0
0
0
0
0
0
0
0
0
0
0
0
0
0
0
0
0
0
0
0
0
0
0
0
0
0
0
0
0
0
0
0
0
0
0
0
0
0
0
0
0
0
0
0
0
0
0
0
0
0
0
0
0
0
0
0
0
0
0
0
0
0
0
0
0
0
0
0
0
0
0
0
0
0
0
0
0
0
0
0
0
0
0
0
0
0
0
0
0
0
0
0
0
0
0
0
0
0
0
0
0
0
0
0
0
0
0
0
0
0
0
0
0
0
0
0
0
0
0
0
0
0
0
0
0
0
0
0
0
0
0
0
0
0
0
0
0
0
0
0
0
0
0
0
0
0
0
0
0
0
0
0
0
0
0
0
0
0
0
0
0
0
0
0
0
0
0
0
0
0
0
0
0
0
0
0
0
0
0
0
0
0
0
0
0
0
0
0
0
0
0
0
0
0
0
0
0
0
0
0
0
0
0
0
0
0
0
0
0
0
0
0
0
0
0
0
0
0
0
0
0
0
0
0
0
0
0
0
0
0
0
0
0
0
0
0
0
0
0
0
0
0
0
0
0
0
0
0
0
0
0
0
0
0
0
0
0
0
0
0
0
0
0
0
0
0
0
0
0
0
0
0
0
0
0
0
0
0
0
0
0
0
0
0
0
0
0
0
0
0
0
0
0
0
0
0
0
0
0
0
0
0
0
0
0
0
0
0
0
0
0
0
0
0
0
0
0
0
0
0
0
0
0
0
0
0
0
0
0
0
0
0
0
0
0
0
0
0
0
0
0
0
0
0
0
0
0
0
0
0
0
0
0
0
0
0
0
0
0
0
0
0
0
0
0
0
0
0
0
0
0
0
0
0
0
0
0
0
0
0
0
0
0
0
0
0
0
0
0
0
0
0
0
0
0
0
0
0
0
0
0
0
0
0
0
0
0
0
0
0
0
0
0
0
0
0
0
0
0
0
0
0
0
0
0
0
0
0
0
0
0
0
0
0
0
0
0
0
713.024
100.771
79.353
79.353
72.9276
68.644
66.5021
66.5021
64.3603
64.3603
62.2185
62.2185
62.2185
64.3603
64.3603
62.2185
62.2185
62.2185
62.2185
62.2185
62.2185
62.2185
62.2185
62.2185
62.2185
62.2185
62.2185
62.2185
62.2185
62.2185
62.2185
62.2185
60.0766
62.2185
62.2185
60.0766
62.2185
60.0766
62.2185
62.2185
62.2185
60.0766
62.2185
60.0766
60.0766
60.0766
60.0766
60.0766
57.9347
60.0766
60.0766
57.9347
57.9347
57.9347
57.9347
57.9347
55.7929
57.9347
55.7929
57.9347
57.9347
55.7929
55.7929
57.9347
55.7929
57.9347
57.9347
55.7929
55.7929
57.9347
57.9347
55.7929
57.9347
55.7929
55.7929
57.9347
55.7929
57.9347
55.7929
55.7929
55.7929
55.7929
55.7929
55.7929
55.7929
55.7929
55.7929
55.7929
55.7929
55.7929
55.7929
55.7929
55.7929
55.7929
55.7929
55.7929
55.7929
55.7929
55.7929
55.7929
55.7929
55.7929
55.7929
55.7929
55.7929
55.7929
55.7929
55.7929
55.7929
55.7929
55.7929
53.651
55.7929
55.7929
55.7929
55.7929
55.7929
55.7929
55.7929
55.7929
55.7929
55.7929
55.7929
55.7929
53.651
55.7929
55.7929
55.7929
55.7929
55.7929
55.7929
55.7929
55.7929
55.7929
55.7929
55.7929
53.651
53.651
55.7929
55.7929
55.7929
55.7929
53.651
55.7929
55.7929
55.7929
55.7929
53.651
55.7929
55.7929
55.7929
53.651
55.7929
53.651
55.7929
55.7929
55.7929
55.7929
53.651
55.7929
55.7929
53.651
55.7929
55.7929
55.7929
55.7929
53.651
55.7929
55.7929
55.7929
53.651
55.7929
53.651
55.7929
55.7929
53.651
53.651
53.651
55.7929
53.651
55.7929
55.7929
53.651
55.7929
53.651
55.7929
53.651
55.7929
55.7929
53.651
53.651
55.7929
53.651
55.7929
53.651
55.7929
55.7929
53.651
55.7929
53.651
53.651
55.7929
53.651
53.651
55.7929
53.651
53.651
55.7929
55.7929
53.651
53.651
55.7929
53.651
53.651
53.651
53.651
53.651
53.651
53.651
53.651
53.651
55.7929
53.651
53.651
53.651
53.651
55.7929
53.651
53.651
53.651
55.7929
55.7929
53.651
53.651
53.651
53.651
53.651
53.651
53.651
53.651
53.651
53.651
53.651
53.651
53.651
53.651
53.651
55.7929
53.651
53.651
53.651
53.651
53.651
53.651
53.651
53.651
53.651
53.651
53.651
53.651
53.651
55.7929
53.651
53.651
53.651
53.651
53.651
53.651
53.651
53.651
53.651
53.651
53.651
53.651
53.651
53.651
53.651
53.651
53.651
53.651
53.651
53.651
53.651
53.651
53.651
53.651
53.651
51.5091
53.651
53.651
53.651
53.651
53.651
53.651
53.651
53.651
51.5091
53.651
53.651
53.651
53.651
53.651
53.651
53.651
53.651
53.651
53.651
53.651
53.651
53.651
53.651
51.5091
51.5091
53.651
53.651
53.651
51.5091
53.651
53.651
51.5091
51.5091
53.651
53.651
53.651
53.651
51.5091
53.651
51.5091
53.651
53.651
53.651
53.651
51.5091
53.651
53.651
53.651
51.5091
53.651
51.5091
53.651
53.651
51.5091
51.5091
53.651
53.651
51.5091
53.651
53.651
51.5091
53.651
53.651
53.651
51.5091
53.651
53.651
51.5091
53.651
51.5091
53.651
53.651
51.5091
53.651
53.651
51.5091
53.651
53.651
51.5091
53.651
51.5091
53.651
51.5091
53.651
53.651
53.651
51.5091
53.651
53.651
51.5091
53.651
53.651
53.651
51.5091
53.651
53.651
53.651
53.651
53.651
53.651
53.651
53.651
53.651
53.651
53.651
53.651
53.651
51.5091
53.651
51.5091
53.651
53.651
51.5091
53.651
51.5091
53.651
53.651
51.5091
53.651
53.651
51.5091
53.651
51.5091
53.651
53.651
51.5091
53.651
53.651
51.5091
53.651
53.651
51.5091
53.651
51.5091
53.651
51.5091
53.651
51.5091
53.651
53.651
51.5091
53.651
51.5091
53.651
51.5091
51.5091
53.651
51.5091
53.651
51.5091
51.5091
53.651
51.5091
53.651
51.5091
53.651
53.651
51.5091
53.651
51.5091
51.5091
53.651
51.5091
53.651
51.5091
53.651
51.5091
53.651
51.5091
53.651
53.651
51.5091
53.651
51.5091
53.651
51.5091
53.651
51.5091
53.651
51.5091
51.5091
51.5091
53.651
51.5091
53.651
51.5091
53.651
51.5091
53.651
53.651
51.5091
53.651
51.5091
51.5091
53.651
51.5091
53.651
51.5091
51.5091
51.5091
51.5091
53.651
51.5091
51.5091
53.651
51.5091
53.651
51.5091
53.651
51.5091
51.5091
53.651
53.651
51.5091
51.5091
53.651
51.5091
51.5091
53.651
51.5091
53.651
51.5091
51.5091
51.5091
51.5091
53.651
51.5091
51.5091
53.651
53.651
51.5091
51.5091
51.5091
53.651
51.5091
51.5091
53.651
51.5091
51.5091
51.5091
51.5091
53.651
51.5091
51.5091
51.5091
53.651
51.5091
51.5091
53.651
51.5091
51.5091
53.651
51.5091
51.5091
51.5091
53.651
51.5091
51.5091
51.5091
53.651
51.5091
53.651
51.5091
51.5091
51.5091
51.5091
53.651
51.5091
51.5091
51.5091
51.5091
51.5091
53.651
51.5091
51.5091
51.5091
51.5091
53.651
51.5091
51.5091
53.651
51.5091
51.5091
51.5091
53.651
51.5091
51.5091
51.5091
51.5091
53.651
51.5091
51.5091
53.651
51.5091
51.5091
51.5091
51.5091
53.651
51.5091
51.5091
53.651
51.5091
51.5091
53.651
53.651
51.5091
51.5091
51.5091
53.651
51.5091
51.5091
53.651
51.5091
51.5091
51.5091
51.5091
53.651
51.5091
51.5091
51.5091
53.651
51.5091
51.5091
51.5091
53.651
51.5091
51.5091
53.651
51.5091
51.5091
51.5091
53.651
51.5091
51.5091
53.651
51.5091
51.5091
51.5091
51.5091
53.651
51.5091
51.5091
51.5091
53.651
51.5091
53.651
51.5091
51.5091
51.5091
51.5091
53.651
51.5091
51.5091
51.5091
53.651
51.5091
51.5091
53.651
53.651
51.5091
51.5091
53.651
53.651
51.5091
51.5091
51.5091
51.5091
53.651
51.5091
51.5091
51.5091
51.5091
53.651
51.5091
53.651
51.5091
51.5091
51.5091
51.5091
53.651
51.5091
51.5091
53.651
51.5091
51.5091
53.651
51.5091
51.5091
51.5091
51.5091
53.651
51.5091
51.5091
51.5091
53.651
51.5091
53.651
53.651
51.5091
51.5091
51.5091
53.651
51.5091
51.5091
51.5091
51.5091
51.5091
51.5091
51.5091
53.651
51.5091
51.5091
51.5091
53.651
51.5091
51.5091
53.651
51.5091
51.5091
51.5091
53.651
51.5091
51.5091
51.5091
53.651
51.5091
51.5091
53.651
51.5091
51.5091
51.5091
51.5091
51.5091
53.651
51.5091
51.5091
51.5091
51.5091
51.5091
51.5091
53.651
53.651
51.5091
51.5091
53.651
51.5091
51.5091
51.5091
51.5091
51.5091
51.5091
51.5091
51.5091
53.651
51.5091
51.5091
51.5091
51.5091
51.5091
51.5091
53.651
51.5091
51.5091
51.5091
51.5091
51.5091
53.651
51.5091
51.5091
53.651
51.5091
51.5091
51.5091
51.5091
53.651
51.5091
51.5091
51.5091
53.651
51.5091
51.5091
53.651
51.5091
51.5091
51.5091
51.5091
51.5091
51.5091
53.651
51.5091
51.5091
51.5091
51.5091
53.651
51.5091
51.5091
51.5091
51.5091
51.5091
53.651
51.5091
51.5091
51.5091
51.5091
51.5091
51.5091
53.651
51.5091
51.5091
51.5091
51.5091
51.5091
53.651
51.5091
51.5091
51.5091
53.651
53.651
51.5091
51.5091
51.5091
51.5091
53.651
51.5091
51.5091
51.5091
53.651
51.5091
51.5091
51.5091
51.5091
51.5091
51.5091
53.651
51.5091
51.5091
51.5091
51.5091
51.5091
51.5091
51.5091
51.5091
51.5091
51.5091
51.5091
51.5091
51.5091
51.5091
51.5091
51.5091
51.5091
51.5091
51.5091
51.5091
51.5091
53.651
51.5091
51.5091
51.5091
51.5091
51.5091
51.5091
53.651
53.651
36.5157
0
0
0
0
0
0
0
0
0
0
0
0
0
0
0
0
0
0
0
0
0
0
0
0
0
0
0
0
0
0
0
0
0
0
0
0
0
0
0
0
0
0
0
0
0
0
0
0
0
0
0
0
0
0
0
0
0
0
0
0
0
0
0
0
0
0
0
0
0
0
0
0
0
0
0
0
0
0
0
0
0
0
0
0
0
0
0
0
0
0
0
0
0
0
0
0
0
0
0
0
0
0
0
0
0
0
0
0
0
0
0
0
0
0
0
0
0
0
0
0
0
0
0
0
0
0
0
0
0
0
0
0
0
0
0
0
0
0
0
0
0
0
0
0
0
0
0
0
0
0
0
0
0
0
0
0
0
0
0
0
0
0
0
0
0
0
0
0
0
0
0
0
0
0
0
0
0
0
0
0
0
0
0
0
0
0
0
0
0
0
0
0
0
0
0
0
0
0
0
0
0
0
0
0
0
0
0
0
0
0
0
0
0
0
0
0
0
0
0
0
0
0
0
0
0
0
0
0
0
0
0
0
0
0
0
0
0
0
0
0
0
0
0
0
0
0
0
0
0
0
0
0
0
0
0
0
0
0
0
0
0
0
0
0
0
0
0
0
0
0
0
0
0
0
0
0
0
0
0
0
0
0
0
0
0
0
0
0
0
0
0
0
0
0
0
0
0
0
0
0
0
0
0
0
0
0
0
0
0
0
0
0
0
0
0
0
0
0
0
0
0
0
0
0
0
0
0
0
0
0
0
0
0
0
0
0
0
0
0
0
0
0
0
0
0
0
0
0
0
0
0
0
0
0
0
0
0
0
0
0
0
0
0
0
0
0
0
0
0
0
0
0
0
0
0
0
0
0
0
0
0
0
0
0
0
0
0
0
0
0
0
0
0
0
0
0
0
0
0
0
0
0
0
0
0
0
0
0
0
0
0
0
0
0
0
0
0
0
0
0
0
0
0
0
0
0
0
0
0
0
0
0
0
0
0
0
0
0
0
0
0
0
0
0
0
0
0
0
0
0
0
0
0
0
0
0
0
0
0
0
0
0
0
0
0
0
0
0
0
0
0
0
0
0
0
0
0
0
0
0
0
0
0
0
0
0
0
0
0
0
0
0
0
0
0
0
0
0
0
0
0
0
0
0
0
0
0
0
0
0
0
0
0
0
0
0
0
0
0
0
0
0
0
0
0
0
0
0
0
0
0
0
0
0
0
0
0
0
0
0
0
0
0
0
0
0
0
0
0
0
0
0
0
0
0
0
0
0
0
0
0
0
0
0
0
0
0
0
0
0
0
0
0
0
0
0
0
0
0
0
0
0
0
0
0
0
0
0
0
0
0
0
0
0
0
0
0
0
0
0
0
0
0
0
0
0
0
0
0
0
0
0
0
0
0
0
0
0
0
0
0
0
0
0
0
0
0
0
0
0
0
0
0
0
0
0
0
0
0
0
0
0
0
0
0
0
0
0
0
0
0
0
0
0
0
0
0
0
0
0
0
0
0
0
0
0
0
0
0
0
0
0
0
0
0
0
0
0
0
0
0
0
0
0
0
0
0
0
0
0
0
0
0
0
0
0
0
0
0
0
0
0
0
0
0
0
0
0
0
0
0
0
0
0
0
0
0
0
0
0
0
0
0
0
0
0
0
0
0
0
0
0
0
0
0
0
0
0
0
0
0
0
0
0
0
0
0
0
0
0
0
0
0
0
0
0
0
0
0
0
0
0
0
0
0
0
0
0
0
0
0
0
0
0
0
0
0
0
0
0
0
0
0
0
0
0
0
0
0
0
0
0
0
0
0
0
0
0
0
0
0
0
0
0
0
0
0
0
0
0
0
0
0
0
0
0
0
0
0
0
0
0
0
0
0
0
0
0
0
0
0
0
0
0
0
0
0
0
0
0
0
0
0
0
0
0
0
0
0
0
0
0
0
0
0
0
0
0
0
0
0
0
0
0
0
0
0
0
0
0
0
0
0
0
0
0
0
0
0
0
0
0
0
0
0
0
873.488
873.488
340.601
340.601
340.601
340.601
340.601
340.601
340.601
340.601
340.601
340.601
340.601
340.601
340.601
340.601
340.601
340.601
340.601
340.601
340.601
340.601
340.601
340.601
62.2185
62.2185
62.2185
62.2185
62.2185
62.2185
62.2185
62.2185
62.2185
62.2185
62.2185
60.0766
60.0766
60.0766
62.2185
60.0766
60.0766
60.0766
60.0766
60.0766
60.0766
62.2185
62.2185
60.0766
57.9347
60.0766
60.0766
60.0766
57.9347
57.9347
57.9347
57.9347
57.9347
55.7929
57.9347
57.9347
57.9347
57.9347
57.9347
55.7929
55.7929
57.9347
57.9347
57.9347
57.9347
55.7929
57.9347
55.7929
57.9347
55.7929
55.7929
57.9347
55.7929
55.7929
55.7929
55.7929
55.7929
55.7929
55.7929
55.7929
55.7929
55.7929
55.7929
57.9347
55.7929
55.7929
55.7929
55.7929
55.7929
55.7929
55.7929
55.7929
55.7929
55.7929
55.7929
55.7929
55.7929
55.7929
55.7929
55.7929
55.7929
55.7929
55.7929
55.7929
55.7929
55.7929
55.7929
55.7929
55.7929
55.7929
55.7929
55.7929
55.7929
57.9347
57.9347
57.9347
55.7929
55.7929
55.7929
55.7929
55.7929
55.7929
55.7929
55.7929
55.7929
55.7929
55.7929
55.7929
55.7929
55.7929
55.7929
55.7929
55.7929
55.7929
55.7929
55.7929
55.7929
55.7929
55.7929
55.7929
55.7929
57.9347
55.7929
55.7929
55.7929
55.7929
55.7929
55.7929
55.7929
55.7929
55.7929
57.9347
55.7929
55.7929
57.9347
55.7929
55.7929
55.7929
57.9347
55.7929
55.7929
55.7929
55.7929
55.7929
57.9347
55.7929
57.9347
55.7929
57.9347
55.7929
57.9347
57.9347
55.7929
55.7929
55.7929
57.9347
57.9347
55.7929
57.9347
55.7929
55.7929
57.9347
55.7929
57.9347
57.9347
55.7929
57.9347
55.7929
57.9347
57.9347
55.7929
57.9347
57.9347
57.9347
57.9347
57.9347
55.7929
57.9347
57.9347
57.9347
57.9347
57.9347
57.9347
57.9347
57.9347
57.9347
55.7929
55.7929
55.7929
55.7929
55.7929
55.7929
55.7929
55.7929
57.9347
57.9347
57.9347
57.9347
55.7929
57.9347
57.9347
57.9347
55.7929
57.9347
57.9347
57.9347
57.9347
57.9347
57.9347
57.9347
57.9347
57.9347
57.9347
57.9347
57.9347
57.9347
57.9347
57.9347
57.9347
57.9347
57.9347
55.7929
57.9347
55.7929
55.7929
57.9347
55.7929
57.9347
57.9347
55.7929
55.7929
57.9347
55.7929
57.9347
57.9347
55.7929
55.7929
55.7929
55.7929
57.9347
57.9347
55.7929
55.7929
55.7929
55.7929
55.7929
55.7929
57.9347
55.7929
57.9347
55.7929
55.7929
55.7929
55.7929
57.9347
55.7929
55.7929
55.7929
57.9347
55.7929
55.7929
57.9347
57.9347
55.7929
55.7929
55.7929
55.7929
55.7929
55.7929
55.7929
55.7929
57.9347
55.7929
55.7929
55.7929
55.7929
55.7929
57.9347
55.7929
55.7929
55.7929
55.7929
55.7929
55.7929
57.9347
55.7929
55.7929
55.7929
55.7929
55.7929
55.7929
55.7929
55.7929
55.7929
55.7929
55.7929
55.7929
55.7929
55.7929
55.7929
55.7929
57.9347
57.9347
55.7929
55.7929
55.7929
55.7929
55.7929
55.7929
55.7929
55.7929
55.7929
55.7929
55.7929
55.7929
55.7929
55.7929
55.7929
55.7929
55.7929
55.7929
55.7929
55.7929
55.7929
55.7929
55.7929
55.7929
55.7929
55.7929
55.7929
55.7929
55.7929
55.7929
55.7929
53.651
53.651
55.7929
55.7929
55.7929
55.7929
55.7929
55.7929
55.7929
55.7929
55.7929
55.7929
55.7929
55.7929
55.7929
55.7929
55.7929
55.7929
53.651
55.7929
55.7929
55.7929
55.7929
55.7929
55.7929
55.7929
55.7929
55.7929
55.7929
55.7929
55.7929
55.7929
55.7929
55.7929
53.651
53.651
55.7929
55.7929
55.7929
55.7929
55.7929
55.7929
55.7929
53.651
55.7929
55.7929
55.7929
55.7929
55.7929
53.651
55.7929
55.7929
55.7929
55.7929
55.7929
55.7929
55.7929
55.7929
55.7929
55.7929
53.651
55.7929
55.7929
55.7929
55.7929
55.7929
55.7929
55.7929
55.7929
55.7929
55.7929
53.651
55.7929
55.7929
55.7929
53.651
55.7929
55.7929
55.7929
53.651
53.651
55.7929
55.7929
55.7929
53.651
53.651
55.7929
55.7929
55.7929
53.651
53.651
55.7929
55.7929
55.7929
55.7929
55.7929
55.7929
55.7929
55.7929
55.7929
53.651
55.7929
55.7929
55.7929
55.7929
53.651
55.7929
55.7929
55.7929
55.7929
53.651
55.7929
55.7929
55.7929
55.7929
55.7929
53.651
55.7929
55.7929
53.651
53.651
55.7929
55.7929
55.7929
53.651
53.651
55.7929
55.7929
55.7929
53.651
55.7929
55.7929
55.7929
53.651
55.7929
55.7929
55.7929
55.7929
53.651
55.7929
55.7929
55.7929
53.651
53.651
55.7929
55.7929
55.7929
55.7929
53.651
53.651
55.7929
55.7929
53.651
55.7929
55.7929
55.7929
55.7929
53.651
55.7929
55.7929
55.7929
53.651
55.7929
55.7929
53.651
53.651
55.7929
55.7929
55.7929
53.651
55.7929
55.7929
55.7929
53.651
55.7929
55.7929
55.7929
55.7929
55.7929
55.7929
55.7929
53.651
55.7929
55.7929
55.7929
53.651
55.7929
53.651
53.651
55.7929
55.7929
53.651
55.7929
53.651
53.651
55.7929
55.7929
53.651
55.7929
53.651
53.651
55.7929
55.7929
55.7929
55.7929
55.7929
55.7929
53.651
55.7929
53.651
55.7929
55.7929
55.7929
53.651
53.651
55.7929
55.7929
55.7929
53.651
55.7929
53.651
55.7929
55.7929
55.7929
53.651
55.7929
53.651
55.7929
55.7929
55.7929
53.651
55.7929
55.7929
53.651
55.7929
55.7929
55.7929
55.7929
53.651
53.651
55.7929
53.651
55.7929
53.651
53.651
55.7929
55.7929
53.651
53.651
55.7929
55.7929
53.651
55.7929
53.651
55.7929
55.7929
53.651
55.7929
55.7929
55.7929
55.7929
53.651
55.7929
55.7929
55.7929
53.651
55.7929
55.7929
53.651
55.7929
55.7929
53.651
55.7929
55.7929
55.7929
53.651
53.651
55.7929
53.651
55.7929
53.651
55.7929
53.651
55.7929
53.651
53.651
55.7929
53.651
55.7929
53.651
55.7929
53.651
53.651
55.7929
53.651
55.7929
53.651
55.7929
53.651
55.7929
55.7929
53.651
55.7929
55.7929
55.7929
53.651
55.7929
53.651
55.7929
55.7929
53.651
55.7929
55.7929
53.651
55.7929
53.651
55.7929
53.651
53.651
55.7929
53.651
53.651
55.7929
53.651
55.7929
53.651
55.7929
53.651
55.7929
53.651
53.651
55.7929
53.651
53.651
55.7929
53.651
53.651
55.7929
53.651
53.651
53.651
55.7929
53.651
53.651
53.651
55.7929
55.7929
55.7929
55.7929
55.7929
53.651
53.651
53.651
55.7929
53.651
55.7929
53.651
53.651
53.651
55.7929
53.651
53.651
53.651
55.7929
53.651
55.7929
53.651
53.651
53.651
53.651
55.7929
55.7929
53.651
53.651
55.7929
53.651
53.651
53.651
53.651
55.7929
53.651
53.651
53.651
55.7929
53.651
53.651
53.651
53.651
53.651
53.651
53.651
53.651
53.651
53.651
53.651
53.651
53.651
53.651
53.651
53.651
53.651
53.651
55.7929
53.651
53.651
53.651
53.651
53.651
53.651
53.651
53.651
53.651
55.7929
53.651
53.651
55.7929
53.651
53.651
55.7929
53.651
53.651
53.651
53.651
53.651
53.651
55.7929
53.651
53.651
55.7929
53.651
53.651
53.651
55.7929
53.651
55.7929
53.651
55.7929
53.651
53.651
55.7929
55.7929
53.651
53.651
53.651
55.7929
53.651
55.7929
53.651
53.651
55.7929
53.651
53.651
55.7929
53.651
53.651
55.7929
53.651
53.651
55.7929
53.651
53.651
55.7929
53.651
53.651
55.7929
53.651
53.651
53.651
53.651
53.651
55.7929
53.651
53.651
55.7929
53.651
55.7929
53.651
55.7929
55.7929
53.651
55.7929
55.7929
53.651
53.651
53.651
55.7929
53.651
53.651
53.651
55.7929
53.651
53.651
53.651
55.7929
53.651
53.651
55.7929
55.7929
53.651
53.651
55.7929
53.651
53.651
53.651
53.651
53.651
53.651
53.651
55.7929
55.7929
53.651
53.651
53.651
55.7929
53.651
53.651
55.7929
53.651
53.651
55.7929
53.651
53.651
53.651
55.7929
53.651
53.651
53.651
53.651
53.651
53.651
53.651
55.7929
53.651
53.651
55.7929
53.651
53.651
53.651
53.651
55.7929
55.7929
53.651
53.651
53.651
53.651
53.651
53.651
53.651
55.7929
53.651
53.651
53.651
53.651
53.651
55.7929
53.651
53.651
53.651
55.7929
53.651
53.651
53.651
55.7929
55.7929
55.7929
53.651
53.651
53.651
53.651
53.651
53.651
53.651
53.651
53.651
53.651
53.651
53.651
53.651
53.651
53.651
53.651
53.651
53.651
53.651
53.651
53.651
53.651
53.651
53.651
53.651
53.651
53.651
53.651
53.651
53.651
53.651
53.651
53.651
53.651
53.651
55.7929
53.651
53.651
53.651
53.651
53.651
55.7929
53.651
53.651
53.651
53.651
55.7929
53.651
53.651
53.651
53.651
53.651
53.651
53.651
53.651
53.651
53.651
53.651
53.651
55.7929
53.651
53.651
53.651
53.651
53.651
53.651
53.651
51.5091
51.5091
51.5091
53.651
53.651
53.651
53.651
53.651
53.651
53.651
53.651
53.651
55.7929
53.651
53.651
53.651
53.651
53.651
53.651
53.651
53.651
53.651
53.651
55.7929
55.7929
53.651
53.651
53.651
53.651
53.651
53.651
53.651
53.651
53.651
53.651
53.651
53.651
53.651
53.651
53.651
53.651
53.651
53.651
53.651
53.651
53.651
53.651
53.651
53.651
53.651
53.651
53.651
53.651
53.651
53.651
53.651
53.651
53.651
53.651
53.651
53.651
53.651
53.651
53.651
53.651
53.651
53.651
53.651
53.651
53.651
53.651
53.651
53.651
51.5091
53.651
53.651
53.651
53.651
53.651
55.7929
55.7929
53.651
51.5091
55.7929
51.5091
53.651
53.651
53.651
53.651
53.651
53.651
53.651
53.651
53.651
53.651
53.651
53.651
53.651
53.651
53.651
53.651
53.651
53.651
53.651
53.651
53.651
53.651
53.651
51.5091
53.651
53.651
53.651
53.651
53.651
53.651
53.651
53.651
53.651
53.651
53.651
53.651
53.651
53.651
53.651
53.651
51.5091
53.651
53.651
53.651
53.651
53.651
53.651
53.651
53.651
53.651
53.651
53.651
53.651
53.651
53.651
53.651
53.651
53.651
53.651
53.651
53.651
53.651
53.651
53.651
53.651
53.651
53.651
53.651
53.651
53.651
53.651
53.651
53.651
53.651
53.651
53.651
53.651
53.651
53.651
53.651
53.651
53.651
53.651
53.651
53.651
53.651
53.651
53.651
53.651
53.651
51.5091
53.651
53.651
53.651
53.651
53.651
53.651
53.651
53.651
53.651
53.651
53.651
53.651
53.651
53.651
53.651
53.651
53.651
53.651
53.651
51.5091
53.651
53.651
53.651
53.651
53.651
53.651
53.651
51.5091
53.651
53.651
53.651
53.651
53.651
53.651
51.5091
51.5091
53.651
53.651
53.651
53.651
51.5091
51.5091
51.5091
53.651
53.651
53.651
53.651
53.651
53.651
53.651
53.651
53.651
53.651
53.651
51.5091
53.651
53.651
53.651
53.651
53.651
51.5091
53.651
53.651
53.651
53.651
51.5091
53.651
53.651
53.651
53.651
53.651
51.5091
53.651
53.651
53.651
53.651
53.651
53.651
53.651
53.651
53.651
51.5091
53.651
53.651
53.651
53.651
53.651
53.651
53.651
51.5091
53.651
53.651
53.651
53.651
53.651
51.5091
53.651
53.651
51.5091
53.651
53.651
53.651
53.651
51.5091
53.651
53.651
51.5091
53.651
53.651
51.5091
53.651
53.651
53.651
53.651
51.5091
53.651
53.651
51.5091
53.651
53.651
51.5091
53.651
53.651
53.651
51.5091
53.651
53.651
51.5091
53.651
51.5091
53.651
53.651
51.5091
51.5091
53.651
53.651
51.5091
53.651
53.651
53.651
53.651
53.651
51.5091
53.651
53.651
53.651
53.651
51.5091
53.651
51.5091
53.651
53.651
51.5091
51.5091
53.651
53.651
51.5091
53.651
53.651
51.5091
53.651
51.5091
53.651
53.651
53.651
53.651
53.651
53.651
51.5091
51.5091
53.651
53.651
53.651
51.5091
53.651
53.651
53.651
51.5091
53.651
53.651
53.651
53.651
51.5091
53.651
51.5091
53.651
53.651
53.651
51.5091
53.651
53.651
51.5091
53.651
51.5091
53.651
51.5091
53.651
53.651
53.651
53.651
53.651
53.651
53.651
51.5091
53.651
51.5091
53.651
51.5091
53.651
51.5091
51.5091
53.651
51.5091
53.651
53.651
51.5091
51.5091
53.651
51.5091
53.651
51.5091
53.651
53.651
51.5091
53.651
53.651
51.5091
53.651
51.5091
53.651
53.651
51.5091
53.651
51.5091
51.5091
53.651
53.651
51.5091
53.651
51.5091
53.651
53.651
51.5091
53.651
51.5091
53.651
53.651
53.651
51.5091
53.651
51.5091
53.651
53.651
51.5091
51.5091
51.5091
51.5091
51.5091
53.651
53.651
53.651
53.651
51.5091
51.5091
53.651
51.5091
51.5091
53.651
53.651
51.5091
53.651
51.5091
53.651
51.5091
51.5091
53.651
51.5091
53.651
53.651
51.5091
51.5091
53.651
53.651
53.651
51.5091
51.5091
51.5091
51.5091
53.651
53.651
51.5091
51.5091
51.5091
53.651
51.5091
53.651
51.5091
51.5091
53.651
53.651
51.5091
53.651
51.5091
53.651
53.651
51.5091
51.5091
53.651
51.5091
53.651
51.5091
53.651
51.5091
53.651
51.5091
51.5091
51.5091
53.651
51.5091
53.651
51.5091
51.5091
51.5091
53.651
51.5091
51.5091
51.5091
53.651
51.5091
51.5091
53.651
51.5091
53.651
51.5091
51.5091
51.5091
51.5091
53.651
51.5091
51.5091
53.651
51.5091
53.651
51.5091
51.5091
53.651
51.5091
51.5091
51.5091
53.651
51.5091
51.5091
53.651
53.651
51.5091
51.5091
53.651
51.5091
51.5091
51.5091
53.651
51.5091
51.5091
53.651
53.651
51.5091
51.5091
53.651
51.5091
51.5091
53.651
51.5091
53.651
51.5091
51.5091
51.5091
51.5091
51.5091
51.5091
53.651
51.5091
51.5091
53.651
51.5091
51.5091
53.651
51.5091
53.651
51.5091
53.651
51.5091
51.5091
53.651
51.5091
51.5091
51.5091
53.651
51.5091
51.5091
53.651
51.5091
51.5091
51.5091
51.5091
53.651
51.5091
51.5091
53.651
53.651
51.5091
51.5091
51.5091
51.5091
51.5091
53.651
51.5091
51.5091
53.651
51.5091
51.5091
53.651
51.5091
51.5091
53.651
53.651
51.5091
51.5091
53.651
51.5091
51.5091
51.5091
53.651
51.5091
51.5091
51.5091
51.5091
51.5091
51.5091
51.5091
51.5091
51.5091
51.5091
51.5091
51.5091
51.5091
51.5091
51.5091
51.5091
53.651
51.5091
51.5091
53.651
51.5091
51.5091
51.5091
53.651
51.5091
51.5091
53.651
53.651
51.5091
51.5091
51.5091
53.651
51.5091
51.5091
53.651
51.5091
51.5091
51.5091
51.5091
53.651
51.5091
51.5091
53.651
51.5091
51.5091
51.5091
51.5091
51.5091
51.5091
51.5091
51.5091
51.5091
51.5091
53.651
51.5091
51.5091
51.5091
53.651
51.5091
51.5091
51.5091
53.651
51.5091
51.5091
51.5091
53.651
51.5091
51.5091
51.5091
53.651
51.5091
51.5091
51.5091
51.5091
53.651
51.5091
51.5091
51.5091
51.5091
53.651
51.5091
51.5091
51.5091
51.5091
51.5091
53.651
51.5091
51.5091
51.5091
53.651
51.5091
51.5091
51.5091
53.651
53.651
51.5091
51.5091
51.5091
53.651
51.5091
51.5091
51.5091
51.5091
51.5091
53.651
51.5091
51.5091
51.5091
51.5091
51.5091
51.5091
51.5091
51.5091
51.5091
51.5091
51.5091
51.5091
53.651
51.5091
51.5091
51.5091
51.5091
53.651
51.5091
51.5091
51.5091
51.5091
53.651
51.5091
51.5091
51.5091
51.5091
51.5091
51.5091
51.5091
51.5091
53.651
51.5091
51.5091
51.5091
51.5091
53.651
51.5091
51.5091
51.5091
51.5091
51.5091
53.651
53.651
53.651
51.5091
51.5091
53.651
51.5091
51.5091
51.5091
53.651
51.5091
51.5091
51.5091
51.5091
53.651
51.5091
51.5091
51.5091
51.5091
53.651
51.5091
51.5091
51.5091
51.5091
53.651
51.5091
51.5091
51.5091
51.5091
51.5091
51.5091
51.5091
51.5091
51.5091
51.5091
51.5091
51.5091
51.5091
53.651
51.5091
51.5091
51.5091
51.5091
51.5091
53.651
51.5091
51.5091
51.5091
51.5091
53.651
51.5091
51.5091
51.5091
51.5091
51.5091
53.651
53.651
51.5091
51.5091
53.651
51.5091
51.5091
51.5091
51.5091
51.5091
53.651
51.5091
51.5091
51.5091
51.5091
51.5091
53.651
53.651
51.5091
51.5091
51.5091
51.5091
51.5091
53.651
51.5091
51.5091
51.5091
51.5091
51.5091
53.651
51.5091
51.5091
51.5091
51.5091
51.5091
51.5091
51.5091
51.5091
51.5091
51.5091
51.5091
51.5091
51.5091
53.651
51.5091
51.5091
51.5091
51.5091
51.5091
51.5091
51.5091
51.5091
51.5091
51.5091
51.5091
51.5091
51.5091
53.651
51.5091
51.5091
51.5091
51.5091
51.5091
51.5091
51.5091
51.5091
53.651
53.651
51.5091
51.5091
51.5091
51.5091
51.5091
51.5091
51.5091
51.5091
51.5091
51.5091
53.651
51.5091
51.5091
51.5091
51.5091
51.5091
51.5091
51.5091
51.5091
51.5091
51.5091
51.5091
53.651
51.5091
51.5091
51.5091
51.5091
51.5091
51.5091
51.5091
51.5091
51.5091
51.5091
51.5091
51.5091
51.5091
53.651
51.5091
51.5091
51.5091
51.5091
51.5091
51.5091
51.5091
51.5091
51.5091
51.5091
51.5091
51.5091
51.5091
51.5091
51.5091
51.5091
51.5091
51.5091
51.5091
51.5091
53.651
51.5091
51.5091
51.5091
51.5091
51.5091
51.5091
51.5091
51.5091
51.5091
51.5091
51.5091
51.5091
51.5091
53.651
51.5091
51.5091
51.5091
51.5091
51.5091
51.5091
51.5091
51.5091
51.5091
51.5091
51.5091
51.5091
51.5091
51.5091
51.5091
51.5091
51.5091
51.5091
51.5091
51.5091
51.5091
51.5091
51.5091
51.5091
51.5091
51.5091
51.5091
51.5091
51.5091
51.5091
53.651
51.5091
51.5091
51.5091
51.5091
51.5091
51.5091
51.5091
51.5091
51.5091
51.5091
51.5091
51.5091
51.5091
51.5091
51.5091
51.5091
51.5091
51.5091
51.5091
51.5091
51.5091
51.5091
51.5091
51.5091
51.5091
51.5091
51.5091
51.5091
51.5091
51.5091
51.5091
34.3738
34.3738
34.3738
34.3738
34.3738
34.3738
34.3738
34.3738
34.3738
34.3738
34.3738
34.3738
34.3738
34.3738
34.3738
34.3738
34.3738
34.3738
34.3738
34.3738
34.3738
34.3738
34.3738
34.3738
34.3738
34.3738
34.3738
34.3738
34.3738
34.3738
34.3738
0
0
0
0
0
0
0
0
0
0
0
0
0
0
0
0
0
0
0
0
0
0
0
0
0
0
0
0
0
0
0
0
0
0
0
0
0
0
0
0
0
0
0
0
0
0
0
0
0
0
0
0
0
0
0
0
0
0
0
0
0
0
0
0
0
0
0
0
0
0
0
0
0
0
0
0
0
0
0
0
0
0
0
0
0
0
0
0
0
0
0
0
0
0
0
0
0
0
0
0
0
0
0
0
0
0
0
0
0
0
0
0
0
0
0
0
0
0
0
0
0
0
0
0
0
0
0
0
0
0
0
0
0
0
0
0
0
0
0
0
0
0
0
0
0
0
0
0
0
0
0
0
0
0
0
0
0
0
0
0
0
0
0
0
0
0
0
0
0
0
0
0
0
0
0
0
0
0
0
0
0
0
0
0
0
0
0
0
0
0
0
0
0
0
0
0
0
0
0
0
0
0
0
0
0
0
0
0
0
0
0
0
0
0
0
0
0
0
0
0
0
0
0
0
0
0
0
0
0
0
0
0
0
0
0
0
0
0
0
0
0
0
0
0
0
0
0
0
0
0
0
0
0
0
0
0
0
0
0
0
0
0
0
0
0
0
0
0
0
0
0
0
0
0
0
0
0
0
0
0
0
0
0
0
0
0
0
0
0
0
0
0
0
0
0
0
0
0
0
0
0
0
0
0
0
0
0
0
0
0
0
0
0
0
0
0
0
0
0
0
0
0
0
0
0
0
0
0
0
0
0
0
0
0
0
0
0
0
0
0
0
0
0
0
0
0
0
0
0
0
0
0
0
0
0
0
0
0
0
0
0
0
0
0
0
0
0
0
0
0
0
0
0
0
0
0
0
0
0
0
0
0
0
0
0
0
0
0
0
0
0
0
0
0
0
0
0
0
0
0
0
0
0
0
0
0
0
0
0
0
0
0
0
0
0
0
0
0
0
0
0
0
0
0
0
0
0
0
0
0
0
0
0
0
0
0
0
0
0
0
0
0
0
0
0
0
0
0
0
0
0
0
0
0
0
0
0
0
0
0
0
0
0
0
0
0
0
0
0
0
0
0
0
0
0
0
0
0
0
0
0
0
0
0
0
0
0
0
0
0
0
0
0
0
0
0
0
0
0
0
0
0
0
0
0
0
0
0
0
0
0
0
0
0
0
0
0
0
0
0
0
0
0
0
0
0
0
0
0
0
0
0
0
0
0
0
0
0
0
0
0
0
0
0
0
0
0
0
0
0
0
0
0
0
0
0
0
0
0
0
0
0
0
0
0
0
0
0
0
0
0
0
0
0
0
0
0
0
0
0
0
0
0
0
0
0
0
0
0
0
0
0
0
0
0
0
0
0
0
0
0
0
0
0
0
0
0
0
0
0
0
0
0
0
0
0
0
0
0
0
0
0
0
0
0
0
0
0
0
0
0
0
0
0
0
0
0
0
0
0
0
0
0
0
0
0
0
0
0
0
0
0
0
0
0
0
0
0
0
0
0
0
0
0
0
0
0
0
0
0
0
0
0
0
0
0
0
0
0
0
0
0
0
0
0
0
0
0
0
0
0
0
0
0
0
0
0
0
0
0
0
0
0
0
0
0
0
0
0
0
0
0
0
0
0
0
0
0
0
0
0
0
0
0
0
0
0
0
0
0
0
0
0
0
0
0
0
0
0
0
0
0
0
0
0
0
0
0
0
0
0
0
0
0
0
0
0
0
0
0
0
0
0
0
0
0
0
0
0
0
0
0
0
0
0
0
0
0
0
0
0
0
0
0
0
0
0
0
0
0
0
0
0
0
0
0
0
0
0
0
0
0
0
0
0
0
0
0
0
0
0
0
0
0
0
0
0
0
0
0
0
0
0
0
0
0
0
0
0
0
0
0
0
0
0
0
0
0
0
0
0
0
0
0
0
0
0
0
0
0
0
0
0
0
0
0
0
0
0
0
0
0
0
0
0
0
0
0
0
0
0
0
0
0
0
0
0
0
0
0
0
0
0
0
0
0
0
0
0
0
0
0
0
0
0
0
0
0
0
0
0
0
0
0
0
0
0
0
0
0
0
0
0
0
0
0
0
0
0
0
0
0
0
0
0
0
0
0
0
0
0
0
0
0
0
0
0
0
0
0
0
0
0
0
0
0
0
0
0
0
0
0
0
0
0
0
0
0
0
0
0
0
0
0
0
0
0
0
0
0
0
0
0
0
0
0
0
0
0
0
0
0
0
0
0
0
0
0
0
0
0
0
0
0
0
0
0
659.528
856.373
81.4948
75.0694
70.7858
66.5021
66.5021
66.5021
64.3603
64.3603
64.3603
62.2185
64.3603
62.2185
62.2185
62.2185
62.2185
62.2185
62.2185
62.2185
62.2185
62.2185
62.2185
62.2185
62.2185
60.0766
62.2185
60.0766
62.2185
60.0766
62.2185
60.0766
60.0766
60.0766
62.2185
60.0766
60.0766
60.0766
60.0766
60.0766
60.0766
60.0766
60.0766
60.0766
60.0766
60.0766
60.0766
57.9347
60.0766
60.0766
57.9347
60.0766
57.9347
60.0766
57.9347
57.9347
57.9347
57.9347
57.9347
55.7929
57.9347
57.9347
57.9347
55.7929
57.9347
55.7929
55.7929
57.9347
55.7929
57.9347
55.7929
57.9347
55.7929
57.9347
55.7929
55.7929
55.7929
57.9347
55.7929
55.7929
55.7929
55.7929
55.7929
55.7929
55.7929
55.7929
55.7929
55.7929
55.7929
55.7929
55.7929
55.7929
55.7929
55.7929
55.7929
55.7929
55.7929
55.7929
53.651
55.7929
55.7929
55.7929
55.7929
55.7929
55.7929
53.651
55.7929
55.7929
55.7929
55.7929
53.651
55.7929
55.7929
55.7929
55.7929
55.7929
55.7929
55.7929
55.7929
53.651
53.651
55.7929
55.7929
55.7929
55.7929
53.651
53.651
55.7929
55.7929
53.651
53.651
53.651
53.651
55.7929
55.7929
55.7929
55.7929
53.651
53.651
55.7929
55.7929
55.7929
55.7929
55.7929
55.7929
55.7929
55.7929
55.7929
55.7929
53.651
55.7929
53.651
53.651
53.651
53.651
53.651
53.651
53.651
53.651
55.7929
55.7929
55.7929
55.7929
55.7929
55.7929
53.651
53.651
53.651
55.7929
53.651
53.651
53.651
53.651
55.7929
53.651
53.651
53.651
55.7929
55.7929
55.7929
55.7929
55.7929
55.7929
53.651
53.651
53.651
53.651
53.651
53.651
53.651
53.651
53.651
53.651
53.651
53.651
53.651
53.651
53.651
53.651
53.651
53.651
53.651
53.651
53.651
53.651
53.651
53.651
53.651
53.651
53.651
53.651
53.651
53.651
53.651
53.651
53.651
53.651
53.651
53.651
53.651
53.651
53.651
53.651
53.651
53.651
53.651
53.651
53.651
53.651
53.651
53.651
53.651
53.651
53.651
53.651
53.651
53.651
53.651
53.651
53.651
53.651
51.5091
53.651
55.7929
53.651
53.651
55.7929
53.651
53.651
53.651
53.651
53.651
53.651
55.7929
53.651
53.651
53.651
53.651
53.651
53.651
53.651
53.651
53.651
53.651
53.651
53.651
53.651
53.651
53.651
53.651
53.651
53.651
53.651
53.651
53.651
53.651
53.651
53.651
53.651
53.651
53.651
53.651
53.651
53.651
53.651
53.651
53.651
53.651
53.651
53.651
53.651
53.651
53.651
51.5091
53.651
51.5091
53.651
53.651
51.5091
53.651
51.5091
53.651
51.5091
53.651
51.5091
53.651
53.651
51.5091
53.651
53.651
53.651
53.651
53.651
51.5091
53.651
53.651
53.651
53.651
53.651
51.5091
53.651
53.651
53.651
51.5091
53.651
53.651
53.651
51.5091
51.5091
53.651
53.651
53.651
51.5091
53.651
53.651
53.651
53.651
53.651
53.651
53.651
53.651
51.5091
53.651
53.651
51.5091
53.651
53.651
53.651
53.651
53.651
53.651
51.5091
53.651
53.651
53.651
53.651
51.5091
53.651
53.651
51.5091
53.651
53.651
51.5091
53.651
53.651
51.5091
53.651
53.651
53.651
53.651
51.5091
53.651
53.651
51.5091
53.651
51.5091
51.5091
53.651
51.5091
51.5091
53.651
53.651
53.651
51.5091
53.651
53.651
51.5091
51.5091
53.651
53.651
51.5091
53.651
51.5091
53.651
53.651
51.5091
53.651
53.651
51.5091
53.651
53.651
51.5091
51.5091
51.5091
51.5091
53.651
53.651
51.5091
53.651
51.5091
53.651
51.5091
53.651
53.651
51.5091
51.5091
53.651
51.5091
53.651
53.651
51.5091
53.651
51.5091
53.651
53.651
51.5091
53.651
51.5091
53.651
53.651
51.5091
53.651
51.5091
53.651
51.5091
53.651
53.651
51.5091
53.651
51.5091
51.5091
53.651
51.5091
53.651
53.651
51.5091
53.651
51.5091
53.651
51.5091
53.651
51.5091
53.651
51.5091
53.651
53.651
53.651
53.651
53.651
53.651
53.651
53.651
51.5091
53.651
51.5091
53.651
51.5091
53.651
51.5091
53.651
51.5091
53.651
51.5091
53.651
51.5091
53.651
51.5091
53.651
53.651
51.5091
51.5091
51.5091
53.651
51.5091
53.651
53.651
51.5091
53.651
51.5091
53.651
51.5091
53.651
51.5091
51.5091
53.651
51.5091
53.651
51.5091
53.651
51.5091
53.651
51.5091
51.5091
53.651
51.5091
53.651
51.5091
51.5091
51.5091
53.651
51.5091
53.651
51.5091
53.651
51.5091
51.5091
53.651
51.5091
53.651
51.5091
51.5091
53.651
53.651
53.651
53.651
51.5091
51.5091
53.651
51.5091
53.651
51.5091
51.5091
53.651
51.5091
53.651
51.5091
51.5091
53.651
51.5091
51.5091
53.651
51.5091
51.5091
51.5091
51.5091
51.5091
53.651
51.5091
51.5091
51.5091
53.651
51.5091
51.5091
53.651
51.5091
53.651
51.5091
51.5091
53.651
51.5091
51.5091
51.5091
51.5091
53.651
51.5091
51.5091
51.5091
51.5091
51.5091
51.5091
53.651
51.5091
51.5091
53.651
51.5091
51.5091
53.651
51.5091
51.5091
53.651
51.5091
51.5091
51.5091
53.651
51.5091
51.5091
53.651
51.5091
51.5091
51.5091
53.651
51.5091
51.5091
51.5091
51.5091
51.5091
53.651
51.5091
51.5091
51.5091
53.651
51.5091
51.5091
53.651
51.5091
51.5091
53.651
51.5091
51.5091
53.651
53.651
51.5091
51.5091
53.651
51.5091
53.651
53.651
51.5091
51.5091
53.651
51.5091
51.5091
53.651
51.5091
51.5091
51.5091
53.651
51.5091
51.5091
53.651
51.5091
51.5091
51.5091
53.651
51.5091
51.5091
53.651
51.5091
51.5091
51.5091
53.651
51.5091
51.5091
51.5091
53.651
51.5091
51.5091
51.5091
53.651
51.5091
51.5091
51.5091
53.651
51.5091
51.5091
53.651
51.5091
51.5091
51.5091
53.651
51.5091
51.5091
53.651
51.5091
51.5091
53.651
51.5091
51.5091
51.5091
53.651
51.5091
51.5091
53.651
51.5091
51.5091
51.5091
53.651
51.5091
51.5091
53.651
51.5091
51.5091
51.5091
51.5091
51.5091
51.5091
51.5091
53.651
51.5091
51.5091
51.5091
53.651
51.5091
51.5091
51.5091
53.651
51.5091
51.5091
53.651
51.5091
51.5091
51.5091
51.5091
53.651
51.5091
51.5091
51.5091
53.651
51.5091
51.5091
51.5091
53.651
51.5091
51.5091
51.5091
51.5091
53.651
51.5091
51.5091
51.5091
53.651
51.5091
51.5091
53.651
51.5091
51.5091
51.5091
53.651
51.5091
51.5091
51.5091
51.5091
53.651
51.5091
51.5091
53.651
51.5091
51.5091
53.651
51.5091
51.5091
51.5091
53.651
51.5091
51.5091
51.5091
53.651
51.5091
51.5091
51.5091
51.5091
51.5091
53.651
51.5091
51.5091
51.5091
53.651
51.5091
51.5091
51.5091
53.651
53.651
51.5091
51.5091
51.5091
53.651
51.5091
51.5091
51.5091
53.651
51.5091
51.5091
51.5091
51.5091
53.651
51.5091
51.5091
51.5091
51.5091
53.651
51.5091
51.5091
51.5091
53.651
51.5091
51.5091
51.5091
53.651
51.5091
51.5091
51.5091
53.651
53.651
51.5091
51.5091
51.5091
51.5091
53.651
51.5091
51.5091
53.651
51.5091
51.5091
51.5091
51.5091
53.651
51.5091
51.5091
51.5091
51.5091
51.5091
53.651
51.5091
51.5091
51.5091
51.5091
51.5091
51.5091
51.5091
51.5091
51.5091
53.651
53.651
51.5091
51.5091
51.5091
51.5091
53.651
51.5091
51.5091
51.5091
51.5091
51.5091
51.5091
51.5091
51.5091
53.651
51.5091
51.5091
51.5091
51.5091
51.5091
53.651
51.5091
51.5091
51.5091
51.5091
51.5091
51.5091
51.5091
53.651
51.5091
51.5091
51.5091
51.5091
51.5091
53.651
51.5091
51.5091
51.5091
53.651
51.5091
51.5091
51.5091
51.5091
51.5091
53.651
51.5091
51.5091
53.651
53.651
51.5091
51.5091
53.651
51.5091
51.5091
51.5091
51.5091
53.651
51.5091
51.5091
53.651
51.5091
51.5091
51.5091
53.651
53.651
51.5091
51.5091
51.5091
51.5091
53.651
51.5091
51.5091
51.5091
53.651
51.5091
51.5091
51.5091
53.651
53.651
51.5091
51.5091
53.651
51.5091
51.5091
51.5091
51.5091
53.651
51.5091
51.5091
51.5091
51.5091
51.5091
53.651
51.5091
51.5091
51.5091
53.651
51.5091
51.5091
51.5091
53.651
53.651
51.5091
51.5091
51.5091
53.651
51.5091
51.5091
51.5091
53.651
53.651
51.5091
51.5091
51.5091
51.5091
53.651
51.5091
51.5091
51.5091
51.5091
51.5091
53.651
51.5091
53.651
51.5091
51.5091
51.5091
51.5091
53.651
53.651
51.5091
51.5091
51.5091
51.5091
53.651
51.5091
51.5091
51.5091
51.5091
53.651
51.5091
51.5091
51.5091
53.651
51.5091
51.5091
51.5091
51.5091
51.5091
53.651
51.5091
51.5091
51.5091
51.5091
51.5091
53.651
51.5091
51.5091
51.5091
51.5091
53.651
51.5091
51.5091
53.651
51.5091
51.5091
51.5091
51.5091
51.5091
51.5091
53.651
51.5091
51.5091
51.5091
51.5091
51.5091
53.651
51.5091
51.5091
51.5091
51.5091
53.651
51.5091
51.5091
51.5091
51.5091
53.651
51.5091
51.5091
51.5091
51.5091
51.5091
51.5091
51.5091
53.651
51.5091
51.5091
51.5091
51.5091
51.5091
53.651
51.5091
51.5091
51.5091
51.5091
51.5091
53.651
51.5091
51.5091
51.5091
51.5091
51.5091
51.5091
51.5091
53.651
51.5091
51.5091
51.5091
51.5091
51.5091
51.5091
53.651
51.5091
51.5091
51.5091
51.5091
51.5091
51.5091
51.5091
51.5091
51.5091
51.5091
53.651
51.5091
51.5091
51.5091
51.5091
51.5091
51.5091
51.5091
53.651
51.5091
51.5091
51.5091
51.5091
51.5091
51.5091
51.5091
51.5091
51.5091
51.5091
51.5091
51.5091
53.651
49.3672
51.5091
51.5091
51.5091
51.5091
51.5091
51.5091
53.651
51.5091
51.5091
51.5091
51.5091
51.5091
51.5091
51.5091
51.5091
51.5091
51.5091
51.5091
51.5091
51.5091
51.5091
51.5091
51.5091
51.5091
51.5091
51.5091
51.5091
51.5091
53.651
51.5091
51.5091
51.5091
51.5091
51.5091
51.5091
25.806
0
0
0
0
0
0
0
0
0
0
0
0
0
0
0
0
0
0
0
0
0
0
0
0
0
0
0
0
0
0
0
0
0
0
0
0
0
0
0
0
0
0
0
0
0
0
0
0
0
0
0
0
0
0
0
0
0
0
0
0
0
0
0
0
0
0
0
0
0
0
0
0
0
0
0
0
0
0
0
0
0
0
0
0
0
0
0
0
0
0
0
0
0
0
0
0
0
0
0
0
0
0
0
0
0
0
0
0
0
0
0
0
0
0
0
0
0
0
0
0
0
0
0
0
0
0
0
0
0
0
0
0
0
0
0
0
0
0
0
0
0
0
0
0
0
0
0
0
0
0
0
0
0
0
0
0
0
0
0
0
0
0
0
0
0
0
0
0
0
0
0
0
0
0
0
0
0
0
0
0
0
0
0
0
0
0
0
0
0
0
0
0
0
0
0
0
0
0
0
0
0
0
0
0
0
0
0
0
0
0
0
0
0
0
0
0
0
0
0
0
0
0
0
0
0
0
0
0
0
0
0
0
0
0
0
0
0
0
0
0
0
0
2.24392
0
0
0
0
0
0
0
0
0
0
0
0
0
0
0
0
0
0
0
0
0
0
0
0
0
0
0
0
0
0
0
0
0
0
0
0
0
0
0
0
0
0
0
0
0
0
0
0
0
0
0
0
0
0
0
0
0
0
0
0
0
0
0
0
0
0
0
0
0
0
0
0
0
0
0
0
0
0
0
0
0
0
0
0
0
0
0
0
0
0
0
0
0
0
0
0
0
0
0
0
0
0
0
0
0
0
0
0
0
0
0
0
0
0
0
0
0
0
0
0
0
0
0
0
0
0
0
0
0
0
0
0
0
0
0
0
0
0
0
0
0
0
0
0
0
0
0
0
0
0
0
0
0
0
0
0
0
0
0
0
0
0
0
0
0
0
0
0
0
0
0
0
0
0
0
0
0
0
0
0
0
0
0
0
0
0
0
0
0
0
0
0
0
0
0
0
0
0
0
0
0
0
0
0
0
0
0
0
0
0
0
0
0
0
0
0
0
0
0
0
0
0
0
0
0
0
0
0
0
0
0
0
0
0
0
0
0
0
0
0
0
0
0
0
0
0
0
0
0
0
0
0
0
0
0
0
0
0
0
0
0
0
0
0
0
0
0
0
0
0
0
0
0
0
0
0
0
0
0
0
0
0
0
0
0
0
0
0
0
0
0
0
0
0
0
0
0
0
0
0
0
0
0
0
0
0
0
0
0
0
0
0
0
0
0
0
0
0
0
0
0
0
0
0
0
0
0
0
0
0
0
0
0
0
0
0
0
0
0
0
0
0
0
0
0
0
0
0
0
0
0
0
0
0
0
0
0
0
0
0
0
0
0
0
0
0
0
0
0
0
0
0
0
0
0
0
0
0
0
0
0
0
0
0
0
0
0
0
0
0
0
0
0
0
0
0
0
0
0
0
0
0
0
0
0
2.24392
0
0
0
0
0
0
0
0
0
0
0
0
0
0
0
0
0
0
0
0
0
0
0
0
0
0
0
0
0
0
0
0
0
0
0
0
0
0
0
0
0
0
0
0
0
0
0
0
0
0
0
0
0
0
0
0
0
0
0
0
0
0
0
0
0
0
0
0
0
0
0
0
0
0
0
0
0
0
0
0
0
0
0
0
0
0
0
0
0
0
0
0
0
0
0
0
0
0
0
0
0
0
0
0
0
0
0
0
0
0
0
0
0
0
0
0
0
0
0
0
0
0
0
0
0
0
0
0
0
0
0
0
0
0
0
0
0
0
0
0
0
0
0
0
0
0
0
0
0
0
0
0
0
0
0
0
0
0
0
0
0
0
0
0
0
0
0
0
0
0
0
0
0
0
0
0
0
0
0
0
0
0
0
0
0
0
0
0
0
0
0
0
0
0
0
0
0
0
0
0
0
0
0
0
0
0
0
0
0
0
0
0
0
0
0
0
0
0
0
0
0
0
0
0
0
0
0
0
0
0
0
0
0
0
0
0
0
0
0
0
0
0
0
0
0
0
0
0
0
0
0
0
0
0
2.24392
0
0
0
0
0
0
0
0
0
0
0
0
0
0
0
0
0
0
713.024
713.024
81.4948
81.4948
75.0694
68.644
66.5021
64.3603
64.3603
64.3603
64.3603
64.3603
62.2185
64.3603
62.2185
62.2185
62.2185
62.2185
62.2185
62.2185
62.2185
62.2185
62.2185
60.0766
62.2185
62.2185
62.2185
62.2185
62.2185
60.0766
62.2185
62.2185
60.0766
60.0766
62.2185
60.0766
60.0766
62.2185
62.2185
60.0766
60.0766
60.0766
62.2185
60.0766
60.0766
60.0766
57.9347
60.0766
60.0766
60.0766
57.9347
57.9347
60.0766
57.9347
57.9347
55.7929
57.9347
55.7929
55.7929
57.9347
55.7929
55.7929
55.7929
57.9347
57.9347
55.7929
57.9347
55.7929
57.9347
57.9347
55.7929
55.7929
55.7929
57.9347
55.7929
55.7929
55.7929
55.7929
55.7929
55.7929
55.7929
55.7929
55.7929
55.7929
55.7929
55.7929
55.7929
55.7929
55.7929
55.7929
55.7929
55.7929
55.7929
55.7929
55.7929
55.7929
55.7929
55.7929
55.7929
55.7929
55.7929
55.7929
55.7929
55.7929
55.7929
55.7929
55.7929
55.7929
55.7929
55.7929
55.7929
55.7929
55.7929
55.7929
55.7929
55.7929
55.7929
55.7929
55.7929
55.7929
53.651
55.7929
55.7929
55.7929
55.7929
55.7929
55.7929
53.651
55.7929
55.7929
55.7929
55.7929
55.7929
55.7929
53.651
53.651
55.7929
55.7929
55.7929
55.7929
55.7929
55.7929
55.7929
55.7929
55.7929
55.7929
55.7929
55.7929
55.7929
55.7929
55.7929
55.7929
55.7929
55.7929
55.7929
55.7929
55.7929
55.7929
53.651
53.651
55.7929
55.7929
53.651
55.7929
53.651
55.7929
55.7929
55.7929
53.651
53.651
55.7929
55.7929
53.651
55.7929
53.651
55.7929
53.651
55.7929
55.7929
53.651
55.7929
53.651
55.7929
53.651
55.7929
53.651
53.651
55.7929
55.7929
55.7929
53.651
55.7929
53.651
53.651
55.7929
55.7929
53.651
55.7929
53.651
53.651
53.651
55.7929
53.651
53.651
55.7929
53.651
55.7929
53.651
53.651
53.651
55.7929
55.7929
53.651
53.651
55.7929
53.651
53.651
53.651
55.7929
55.7929
53.651
53.651
53.651
53.651
53.651
55.7929
53.651
53.651
53.651
53.651
53.651
53.651
53.651
53.651
53.651
53.651
53.651
55.7929
53.651
53.651
53.651
53.651
53.651
53.651
53.651
53.651
53.651
53.651
53.651
53.651
53.651
53.651
53.651
53.651
53.651
53.651
53.651
53.651
53.651
53.651
53.651
53.651
53.651
53.651
53.651
51.5091
53.651
53.651
53.651
53.651
53.651
53.651
53.651
53.651
53.651
51.5091
53.651
53.651
53.651
53.651
53.651
53.651
51.5091
53.651
53.651
51.5091
53.651
53.651
51.5091
53.651
51.5091
51.5091
53.651
53.651
51.5091
51.5091
53.651
51.5091
53.651
51.5091
51.5091
53.651
51.5091
53.651
53.651
53.651
51.5091
53.651
51.5091
53.651
53.651
51.5091
53.651
53.651
53.651
51.5091
53.651
51.5091
53.651
51.5091
53.651
53.651
53.651
53.651
51.5091
51.5091
53.651
51.5091
53.651
53.651
53.651
53.651
53.651
53.651
51.5091
53.651
53.651
53.651
51.5091
53.651
53.651
53.651
53.651
53.651
51.5091
53.651
53.651
53.651
53.651
53.651
51.5091
53.651
53.651
53.651
53.651
51.5091
53.651
53.651
53.651
53.651
51.5091
51.5091
53.651
53.651
51.5091
53.651
53.651
51.5091
51.5091
53.651
51.5091
53.651
51.5091
51.5091
53.651
53.651
51.5091
53.651
51.5091
53.651
53.651
51.5091
53.651
51.5091
53.651
53.651
51.5091
53.651
51.5091
53.651
51.5091
53.651
53.651
51.5091
51.5091
53.651
51.5091
53.651
51.5091
53.651
53.651
51.5091
53.651
51.5091
53.651
53.651
51.5091
53.651
53.651
51.5091
53.651
51.5091
51.5091
51.5091
53.651
51.5091
53.651
51.5091
51.5091
51.5091
53.651
51.5091
53.651
53.651
51.5091
53.651
51.5091
51.5091
53.651
51.5091
51.5091
51.5091
53.651
51.5091
53.651
51.5091
51.5091
51.5091
53.651
51.5091
53.651
51.5091
53.651
51.5091
53.651
51.5091
51.5091
51.5091
53.651
51.5091
51.5091
53.651
51.5091
53.651
51.5091
53.651
51.5091
51.5091
51.5091
53.651
51.5091
51.5091
51.5091
53.651
51.5091
51.5091
53.651
53.651
53.651
53.651
53.651
53.651
53.651
53.651
53.651
53.651
53.651
53.651
53.651
53.651
53.651
53.651
51.5091
53.651
51.5091
53.651
53.651
51.5091
51.5091
53.651
51.5091
53.651
51.5091
51.5091
51.5091
53.651
51.5091
51.5091
51.5091
53.651
53.651
51.5091
51.5091
53.651
51.5091
53.651
51.5091
51.5091
51.5091
53.651
51.5091
51.5091
51.5091
53.651
53.651
51.5091
51.5091
53.651
51.5091
53.651
53.651
51.5091
51.5091
51.5091
51.5091
51.5091
53.651
53.651
51.5091
51.5091
53.651
51.5091
51.5091
53.651
53.651
51.5091
51.5091
51.5091
51.5091
53.651
53.651
51.5091
51.5091
53.651
51.5091
53.651
51.5091
51.5091
51.5091
53.651
51.5091
53.651
51.5091
51.5091
51.5091
51.5091
51.5091
53.651
51.5091
51.5091
51.5091
53.651
51.5091
51.5091
51.5091
51.5091
51.5091
53.651
51.5091
51.5091
53.651
51.5091
51.5091
51.5091
51.5091
53.651
51.5091
51.5091
53.651
53.651
51.5091
51.5091
51.5091
51.5091
51.5091
51.5091
51.5091
53.651
51.5091
51.5091
51.5091
51.5091
51.5091
51.5091
51.5091
53.651
51.5091
51.5091
53.651
51.5091
51.5091
51.5091
51.5091
53.651
51.5091
51.5091
53.651
51.5091
51.5091
51.5091
51.5091
51.5091
51.5091
51.5091
51.5091
51.5091
53.651
51.5091
51.5091
53.651
51.5091
51.5091
51.5091
51.5091
51.5091
51.5091
51.5091
51.5091
51.5091
51.5091
53.651
51.5091
51.5091
51.5091
51.5091
53.651
53.651
51.5091
51.5091
51.5091
51.5091
53.651
53.651
51.5091
51.5091
51.5091
53.651
51.5091
51.5091
51.5091
51.5091
51.5091
53.651
53.651
51.5091
51.5091
51.5091
51.5091
51.5091
51.5091
51.5091
51.5091
51.5091
51.5091
51.5091
51.5091
51.5091
51.5091
51.5091
51.5091
53.651
51.5091
51.5091
51.5091
51.5091
51.5091
53.651
51.5091
51.5091
51.5091
51.5091
53.651
53.651
51.5091
51.5091
51.5091
51.5091
51.5091
51.5091
53.651
51.5091
51.5091
51.5091
51.5091
53.651
51.5091
51.5091
51.5091
51.5091
51.5091
53.651
51.5091
51.5091
51.5091
51.5091
51.5091
53.651
51.5091
51.5091
51.5091
51.5091
51.5091
53.651
53.651
51.5091
51.5091
51.5091
53.651
51.5091
51.5091
51.5091
51.5091
51.5091
53.651
53.651
51.5091
51.5091
51.5091
51.5091
53.651
51.5091
51.5091
51.5091
51.5091
51.5091
53.651
51.5091
51.5091
51.5091
51.5091
51.5091
53.651
51.5091
51.5091
51.5091
51.5091
51.5091
53.651
51.5091
51.5091
51.5091
51.5091
51.5091
51.5091
53.651
51.5091
51.5091
51.5091
51.5091
51.5091
53.651
51.5091
51.5091
51.5091
51.5091
51.5091
51.5091
51.5091
51.5091
51.5091
51.5091
51.5091
51.5091
51.5091
51.5091
51.5091
53.651
51.5091
51.5091
51.5091
51.5091
51.5091
51.5091
53.651
51.5091
51.5091
51.5091
51.5091
51.5091
51.5091
51.5091
51.5091
53.651
53.651
51.5091
51.5091
51.5091
51.5091
51.5091
51.5091
51.5091
51.5091
51.5091
53.651
36.5157
0
0
0
0
0
0
0
0
0
0
0
0
0
0
0
0
0
0
0
0
0
0
0
0
0
0
0
0
0
0
0
0
0
0
0
0
0
0
0
0
0
0
0
0
0
0
0
0
0
0
0
0
0
0
0
0
0
0
0
0
0
0
0
0
0
0
0
0
0
0
0
0
0
0
0
0
0
0
0
0
0
0
0
0
0
0
0
0
0
0
0
0
0
0
0
0
0
0
0
0
0
0
0
0
0
0
0
0
0
0
0
0
0
0
0
0
0
0
0
0
0
0
0
0
0
0
0
0
0
0
0
0
0
0
0
0
0
0
0
0
0
0
0
0
0
0
0
0
0
0
0
0
0
0
0
0
0
0
0
0
0
0
0
0
0
0
0
0
0
0
0
0
0
0
0
0
0
0
0
0
0
0
0
0
0
0
0
0
0
0
0
0
0
0
0
0
0
0
0
0
0
0
0
0
0
0
0
0
0
0
0
0
0
0
0
0
0
0
0
0
0
0
0
0
0
0
0
0
0
0
0
0
0
0
0
0
0
0
0
0
0
0
0
0
0
0
0
0
0
0
0
0
0
0
0
0
0
0
0
0
0
0
0
0
0
0
0
0
0
0
0
0
0
0
0
2.24392
0
0
0
0
0
0
0
0
0
0
0
0
0
0
0
0
0
0
0
0
0
0
0
0
0
0
0
0
0
0
0
0
0
0
0
0
0
0
0
0
0
0
0
0
0
0
0
0
0
0
0
0
0
0
0
0
0
0
0
0
0
0
0
0
0
0
0
0
0
0
0
0
0
0
0
0
0
0
0
0
0
0
0
0
0
0
0
0
0
0
0
0
0
0
0
0
0
0
0
0
0
0
0
0
0
0
0
0
0
0
0
0
0
0
0
0
0
0
0
0
0
0
0
0
0
0
0
0
0
0
0
0
0
0
0
0
0
0
0
0
0
0
0
0
0
0
0
0
0
0
0
0
0
0
0
0
0
0
0
0
0
0
0
0
0
0
0
0
0
0
0
0
0
0
0
0
0
0
0
0
0
0
0
0
0
0
0
0
0
0
0
0
0
0
0
0
0
0
0
0
0
0
0
0
0
0
0
0
0
0
0
0
0
0
0
0
0
0
0
0
0
0
0
0
0
0
0
0
0
0
0
0
0
0
0
0
0
0
0
0
0
0
0
0
0
0
0
0
0
0
0
0
0
0
0
0
0
0
0
0
0
0
0
0
0
0
0
0
0
0
0
0
0
0
0
0
0
0
0
0
0
0
0
0
0
0
0
0
0
0
0
0
0
0
0
0
0
0
0
0
0
0
0
0
0
0
0
0
0
0
0
0
0
0
0
0
0
0
0
0
0
0
0
0
0
0
0
0
0
0
0
0
0
0
0
0
0
0
0
0
0
0
0
0
0
0
0
0
0
0
0
0
0
0
0
0
0
0
0
0
0
0
0
0
0
0
0
0
0
0
0
0
0
0
0
0
0
0
2.24392
0
0
0
0
0
0
0
0
0
0
0
0
0
0
0
0
0
0
0
0
0
0
0
0
0
0
0
0
0
0
0
0
0
0
0
0
0
0
0
0
0
0
0
0
0
0
0
0
0
0
0
0
0
0
0
0
0
0
0
0
0
0
0
0
0
0
0
0
0
0
0
0
0
0
0
0
0
0
0
0
0
0
0
0
0
0
0
2.24392
2.24392
0
0
0
0
0
0
0
0
0
0
0
0
0
0
0
0
0
0
0
0
0
0
0
0
0
0
0
0
0
0
0
0
0
0
0
0
0
0
0
0
0
0
0
0
0
0
0
0
0
0
0
0
0
0
0
0
0
0
0
0
0
0
0
0
0
0
0
0
0
0
0
0
0
0
0
0
0
0
32.2319
946.218
653.108
653.108
94.3455
79.353
72.9276
68.644
66.5021
66.5021
64.3603
62.2185
62.2185
64.3603
62.2185
64.3603
62.2185
62.2185
62.2185
62.2185
62.2185
62.2185
62.2185
62.2185
64.3603
62.2185
62.2185
62.2185
62.2185
62.2185
60.0766
62.2185
62.2185
62.2185
62.2185
62.2185
60.0766
62.2185
60.0766
62.2185
62.2185
62.2185
60.0766
62.2185
62.2185
60.0766
60.0766
60.0766
60.0766
60.0766
57.9347
60.0766
60.0766
60.0766
57.9347
60.0766
57.9347
55.7929
57.9347
57.9347
57.9347
55.7929
57.9347
55.7929
57.9347
55.7929
55.7929
55.7929
55.7929
55.7929
57.9347
55.7929
55.7929
57.9347
55.7929
55.7929
57.9347
57.9347
55.7929
55.7929
57.9347
55.7929
55.7929
55.7929
55.7929
55.7929
57.9347
55.7929
55.7929
55.7929
55.7929
55.7929
55.7929
55.7929
55.7929
55.7929
55.7929
55.7929
55.7929
55.7929
55.7929
55.7929
55.7929
55.7929
55.7929
55.7929
55.7929
55.7929
55.7929
55.7929
55.7929
55.7929
55.7929
55.7929
55.7929
55.7929
55.7929
55.7929
53.651
55.7929
55.7929
55.7929
55.7929
55.7929
55.7929
55.7929
55.7929
55.7929
55.7929
55.7929
55.7929
55.7929
55.7929
55.7929
53.651
55.7929
55.7929
55.7929
55.7929
55.7929
53.651
55.7929
55.7929
55.7929
55.7929
55.7929
53.651
55.7929
55.7929
55.7929
55.7929
55.7929
55.7929
55.7929
55.7929
55.7929
55.7929
55.7929
53.651
55.7929
55.7929
53.651
55.7929
55.7929
55.7929
55.7929
53.651
55.7929
55.7929
53.651
55.7929
53.651
53.651
53.651
55.7929
53.651
55.7929
53.651
55.7929
53.651
55.7929
55.7929
55.7929
53.651
53.651
55.7929
53.651
53.651
55.7929
53.651
55.7929
55.7929
53.651
53.651
53.651
55.7929
55.7929
53.651
55.7929
53.651
53.651
55.7929
53.651
53.651
53.651
53.651
55.7929
53.651
53.651
53.651
55.7929
53.651
53.651
55.7929
53.651
53.651
53.651
53.651
55.7929
53.651
53.651
53.651
53.651
53.651
53.651
53.651
53.651
55.7929
55.7929
53.651
53.651
53.651
55.7929
53.651
53.651
53.651
55.7929
53.651
53.651
53.651
53.651
55.7929
53.651
53.651
53.651
53.651
53.651
53.651
53.651
55.7929
53.651
53.651
53.651
53.651
53.651
53.651
53.651
53.651
53.651
55.7929
51.5091
55.7929
53.651
53.651
53.651
53.651
53.651
53.651
53.651
53.651
53.651
53.651
53.651
53.651
53.651
53.651
53.651
53.651
53.651
53.651
53.651
53.651
53.651
53.651
53.651
53.651
53.651
53.651
53.651
53.651
53.651
53.651
53.651
53.651
53.651
53.651
53.651
53.651
53.651
53.651
53.651
53.651
53.651
53.651
53.651
51.5091
53.651
53.651
53.651
53.651
53.651
53.651
53.651
53.651
53.651
53.651
53.651
53.651
53.651
53.651
51.5091
53.651
53.651
53.651
51.5091
53.651
53.651
53.651
53.651
53.651
51.5091
53.651
53.651
51.5091
53.651
53.651
51.5091
53.651
53.651
53.651
53.651
51.5091
53.651
53.651
53.651
51.5091
53.651
51.5091
53.651
53.651
53.651
53.651
51.5091
53.651
53.651
51.5091
53.651
51.5091
53.651
53.651
53.651
51.5091
53.651
53.651
53.651
53.651
53.651
53.651
51.5091
53.651
51.5091
53.651
53.651
53.651
51.5091
53.651
53.651
51.5091
53.651
51.5091
51.5091
53.651
51.5091
53.651
53.651
51.5091
53.651
51.5091
51.5091
53.651
53.651
51.5091
53.651
53.651
53.651
53.651
51.5091
53.651
51.5091
53.651
53.651
53.651
51.5091
53.651
51.5091
53.651
53.651
51.5091
53.651
51.5091
53.651
53.651
51.5091
53.651
51.5091
51.5091
51.5091
51.5091
53.651
51.5091
53.651
51.5091
53.651
53.651
51.5091
53.651
53.651
51.5091
51.5091
53.651
53.651
51.5091
51.5091
53.651
51.5091
53.651
51.5091
53.651
51.5091
53.651
53.651
53.651
53.651
51.5091
53.651
53.651
51.5091
53.651
51.5091
53.651
53.651
51.5091
53.651
51.5091
51.5091
53.651
53.651
51.5091
51.5091
53.651
51.5091
53.651
51.5091
53.651
51.5091
51.5091
51.5091
53.651
51.5091
53.651
53.651
51.5091
51.5091
53.651
51.5091
53.651
51.5091
53.651
51.5091
51.5091
53.651
51.5091
53.651
51.5091
53.651
53.651
51.5091
53.651
51.5091
53.651
51.5091
51.5091
53.651
51.5091
53.651
53.651
53.651
51.5091
51.5091
53.651
51.5091
51.5091
53.651
51.5091
53.651
51.5091
53.651
51.5091
53.651
51.5091
53.651
53.651
51.5091
51.5091
53.651
51.5091
53.651
53.651
51.5091
51.5091
51.5091
53.651
51.5091
53.651
51.5091
53.651
53.651
51.5091
53.651
53.651
51.5091
51.5091
53.651
51.5091
53.651
51.5091
51.5091
53.651
51.5091
51.5091
51.5091
53.651
51.5091
53.651
51.5091
51.5091
51.5091
53.651
53.651
51.5091
51.5091
53.651
51.5091
53.651
51.5091
53.651
51.5091
51.5091
51.5091
53.651
51.5091
51.5091
53.651
51.5091
53.651
51.5091
53.651
53.651
51.5091
51.5091
53.651
51.5091
51.5091
51.5091
51.5091
53.651
51.5091
51.5091
51.5091
53.651
51.5091
51.5091
51.5091
51.5091
53.651
53.651
51.5091
51.5091
53.651
51.5091
51.5091
53.651
51.5091
51.5091
51.5091
51.5091
53.651
51.5091
51.5091
53.651
51.5091
51.5091
51.5091
51.5091
51.5091
53.651
51.5091
51.5091
53.651
51.5091
51.5091
51.5091
51.5091
51.5091
53.651
51.5091
51.5091
53.651
51.5091
51.5091
51.5091
51.5091
53.651
51.5091
51.5091
51.5091
53.651
51.5091
51.5091
51.5091
51.5091
51.5091
51.5091
51.5091
51.5091
51.5091
51.5091
51.5091
51.5091
53.651
51.5091
51.5091
51.5091
51.5091
53.651
51.5091
51.5091
51.5091
51.5091
51.5091
51.5091
53.651
51.5091
51.5091
51.5091
51.5091
53.651
53.651
51.5091
51.5091
51.5091
51.5091
53.651
51.5091
51.5091
51.5091
51.5091
51.5091
53.651
51.5091
51.5091
51.5091
53.651
51.5091
51.5091
51.5091
51.5091
53.651
51.5091
51.5091
51.5091
53.651
51.5091
51.5091
51.5091
53.651
51.5091
51.5091
51.5091
51.5091
51.5091
53.651
51.5091
51.5091
51.5091
53.651
51.5091
51.5091
51.5091
51.5091
51.5091
53.651
51.5091
51.5091
51.5091
53.651
53.651
51.5091
51.5091
51.5091
51.5091
53.651
51.5091
51.5091
53.651
51.5091
51.5091
51.5091
51.5091
51.5091
53.651
51.5091
51.5091
51.5091
51.5091
53.651
51.5091
51.5091
51.5091
51.5091
51.5091
53.651
51.5091
51.5091
51.5091
51.5091
53.651
51.5091
51.5091
51.5091
51.5091
51.5091
53.651
51.5091
51.5091
51.5091
51.5091
51.5091
51.5091
51.5091
21.522
0
0
0
0
0
0
0
0
0
0
0
0
0
0
0
0
0
0
0
0
0
0
0
0
0
0
0
0
0
0
0
0
0
0
0
0
0
0
0
0
0
0
0
0
0
0
0
0
0
0
0
0
0
0
0
0
0
0
0
0
0
0
0
0
0
0
0
0
0
0
0
0
0
0
0
0
0
2.24392
0
0
0
0
0
0
0
0
0
0
0
0
0
0
0
0
0
0
0
0
0
0
0
0
0
0
0
0
0
0
0
0
0
0
0
0
0
0
0
0
0
0
0
0
0
0
0
0
0
0
0
0
0
0
0
0
0
0
0
0
0
0
0
0
0
0
0
0
0
0
0
0
0
0
0
0
0
0
0
0
0
0
0
0
0
0
0
0
0
0
0
0
0
0
0
0
0
0
0
0
0
0
0
0
0
0
0
0
0
0
0
0
0
0
0
0
0
0
0
0
0
0
0
0
0
0
0
0
0
0
0
0
0
0
0
0
0
0
0
0
0
0
0
0
0
0
0
0
0
0
0
0
0
0
0
0
0
0
0
0
0
0
0
0
0
0
0
0
0
0
0
0
0
0
0
0
0
0
0
0
0
0
0
0
0
0
0
0
0
0
0
0
0
0
0
0
0
0
0
0
0
0
0
0
0
0
0
0
0
0
0
0
0
0
0
0
0
0
0
0
0
0
0
0
0
0
0
0
0
0
0
0
0
0
0
0
0
0
0
0
0
0
0
0
0
0
0
0
0
0
0
0
0
0
0
0
0
0
0
0
0
0
0
0
0
0
0
0
0
0
0
0
0
0
0
0
0
0
0
0
0
0
0
0
0
0
0
0
0
0
0
0
0
0
0
0
0
0
0
0
0
0
0
0
0
0
0
0
0
0
0
0
0
0
0
0
0
0
0
0
0
0
0
0
0
0
0
0
0
0
0
0
0
0
0
0
0
0
0
0
0
0
0
0
0
0
0
0
0
0
0
0
0
0
0
0
0
0
0
0
0
0
0
0
0
0
0
0
0
0
0
0
0
0
0
0
0
0
0
0
0
0
0
0
0
0
0
0
0
0
0
0
0
0
0
0
0
0
0
0
0
0
0
0
0
0
0
0
0
0
0
0
0
0
0
0
0
0
0
0
0
0
0
0
0
0
0
0
0
0
0
0
0
0
0
0
0
0
0
0
0
0
0
0
0
0
0
0
0
0
0
0
0
0
0
0
0
0
0
0
0
0
0
0
0
0
0
0
0
0
0
0
0
0
0
0
0
0
0
0
0
0
0
0
0
0
0
0
0
0
0
0
0
0
0
0
0
0
0
0
0
0
0
0
0
0
0
0
0
0
0
0
0
0
0
0
0
0
0
0
0
0
0
0
0
0
0
0
0
0
0
0
0
0
0
0
0
0
0
0
0
0
0
0
0
0
0
0
0
0
0
0
0
0
0
0
0
0
0
0
0
0
0
0
0
0
0
0
0
0
0
0
0
0
0
0
0
0
0
0
0
0
0
0
0
0
0
0
0
0
0
0
0
0
0
0
0
0
0
0
0
0
0
0
0
0
0
0
0
0
0
0
0
0
0
0
0
0
0
0
0
0
0
0
0
0
0
0
0
0
0
0
0
0
0
0
0
0
0
0
0
0
0
0
0
0
0
0
0
0
0
0
0
0
0
0
0
0
0
0
0
0
0
0
0
0
0
0
0
0
0
0
0
0
0
0
0
0
0
0
0
0
0
0
0
0
0
0
0
0
0
0
0
0
0
0
0
0
0
0
0
0
0
0
0
0
0
0
0
674.507
834.98
81.4948
75.0694
68.644
68.644
68.644
66.5021
64.3603
64.3603
62.2185
64.3603
64.3603
62.2185
64.3603
62.2185
62.2185
62.2185
62.2185
62.2185
62.2185
62.2185
62.2185
62.2185
62.2185
62.2185
62.2185
62.2185
62.2185
62.2185
60.0766
62.2185
62.2185
62.2185
60.0766
62.2185
60.0766
62.2185
62.2185
60.0766
62.2185
62.2185
60.0766
60.0766
60.0766
62.2185
60.0766
60.0766
57.9347
60.0766
60.0766
57.9347
57.9347
60.0766
57.9347
57.9347
55.7929
55.7929
57.9347
57.9347
57.9347
55.7929
55.7929
55.7929
57.9347
55.7929
57.9347
57.9347
57.9347
55.7929
55.7929
57.9347
55.7929
57.9347
57.9347
55.7929
55.7929
55.7929
55.7929
55.7929
55.7929
55.7929
55.7929
55.7929
55.7929
55.7929
55.7929
57.9347
55.7929
55.7929
55.7929
55.7929
55.7929
57.9347
55.7929
55.7929
55.7929
55.7929
55.7929
55.7929
55.7929
55.7929
55.7929
55.7929
53.651
55.7929
55.7929
55.7929
55.7929
55.7929
55.7929
55.7929
55.7929
55.7929
55.7929
55.7929
55.7929
55.7929
55.7929
55.7929
55.7929
55.7929
55.7929
55.7929
55.7929
55.7929
55.7929
55.7929
53.651
55.7929
55.7929
55.7929
55.7929
55.7929
55.7929
55.7929
55.7929
55.7929
53.651
53.651
55.7929
55.7929
55.7929
55.7929
55.7929
53.651
53.651
55.7929
55.7929
55.7929
53.651
55.7929
55.7929
53.651
55.7929
55.7929
55.7929
55.7929
55.7929
53.651
55.7929
53.651
53.651
55.7929
55.7929
55.7929
53.651
55.7929
53.651
55.7929
55.7929
55.7929
53.651
53.651
55.7929
55.7929
53.651
55.7929
55.7929
55.7929
53.651
53.651
53.651
55.7929
53.651
53.651
53.651
53.651
55.7929
53.651
55.7929
53.651
53.651
53.651
55.7929
53.651
53.651
53.651
55.7929
55.7929
53.651
53.651
55.7929
53.651
55.7929
53.651
53.651
53.651
55.7929
53.651
53.651
55.7929
55.7929
53.651
53.651
53.651
55.7929
53.651
53.651
53.651
53.651
53.651
55.7929
53.651
53.651
53.651
53.651
53.651
53.651
53.651
53.651
53.651
53.651
53.651
53.651
53.651
53.651
53.651
53.651
55.7929
53.651
53.651
53.651
53.651
53.651
53.651
53.651
53.651
53.651
53.651
53.651
53.651
53.651
51.5091
53.651
53.651
53.651
53.651
53.651
53.651
53.651
53.651
53.651
53.651
53.651
53.651
53.651
53.651
53.651
53.651
51.5091
53.651
53.651
53.651
53.651
53.651
51.5091
53.651
53.651
53.651
53.651
51.5091
53.651
53.651
53.651
53.651
53.651
53.651
53.651
53.651
53.651
53.651
53.651
53.651
53.651
53.651
53.651
53.651
53.651
51.5091
53.651
53.651
53.651
53.651
53.651
53.651
53.651
53.651
53.651
53.651
51.5091
53.651
53.651
53.651
51.5091
53.651
53.651
53.651
53.651
53.651
53.651
53.651
51.5091
51.5091
53.651
53.651
51.5091
53.651
53.651
53.651
53.651
51.5091
53.651
51.5091
53.651
53.651
53.651
51.5091
53.651
51.5091
53.651
53.651
53.651
53.651
51.5091
53.651
53.651
51.5091
53.651
53.651
53.651
51.5091
53.651
53.651
53.651
53.651
53.651
51.5091
51.5091
53.651
53.651
51.5091
53.651
53.651
53.651
53.651
51.5091
53.651
53.651
53.651
51.5091
53.651
53.651
53.651
53.651
51.5091
53.651
53.651
53.651
51.5091
53.651
53.651
51.5091
53.651
51.5091
53.651
53.651
51.5091
51.5091
53.651
51.5091
53.651
53.651
51.5091
51.5091
53.651
53.651
53.651
51.5091
53.651
51.5091
53.651
51.5091
53.651
51.5091
53.651
51.5091
51.5091
53.651
53.651
51.5091
53.651
51.5091
51.5091
53.651
53.651
51.5091
53.651
51.5091
51.5091
53.651
51.5091
51.5091
53.651
51.5091
53.651
53.651
51.5091
53.651
51.5091
53.651
51.5091
53.651
51.5091
51.5091
53.651
51.5091
53.651
53.651
51.5091
53.651
51.5091
53.651
51.5091
51.5091
53.651
51.5091
51.5091
51.5091
51.5091
53.651
51.5091
53.651
51.5091
51.5091
51.5091
53.651
51.5091
53.651
53.651
51.5091
53.651
51.5091
53.651
51.5091
51.5091
51.5091
53.651
51.5091
51.5091
53.651
51.5091
53.651
51.5091
53.651
53.651
53.651
51.5091
51.5091
53.651
53.651
51.5091
51.5091
51.5091
51.5091
53.651
51.5091
51.5091
51.5091
51.5091
51.5091
51.5091
51.5091
51.5091
53.651
53.651
53.651
53.651
51.5091
53.651
53.651
53.651
53.651
53.651
53.651
53.651
53.651
53.651
53.651
53.651
53.651
53.651
53.651
53.651
53.651
53.651
51.5091
51.5091
53.651
53.651
51.5091
51.5091
53.651
51.5091
51.5091
51.5091
51.5091
51.5091
51.5091
53.651
51.5091
51.5091
53.651
51.5091
51.5091
53.651
51.5091
51.5091
51.5091
53.651
51.5091
51.5091
51.5091
51.5091
53.651
51.5091
51.5091
53.651
53.651
51.5091
51.5091
53.651
51.5091
51.5091
53.651
51.5091
51.5091
51.5091
51.5091
53.651
51.5091
51.5091
51.5091
53.651
51.5091
51.5091
51.5091
51.5091
53.651
51.5091
51.5091
53.651
51.5091
51.5091
53.651
51.5091
51.5091
51.5091
51.5091
51.5091
53.651
51.5091
51.5091
51.5091
51.5091
51.5091
51.5091
53.651
53.651
51.5091
51.5091
51.5091
53.651
51.5091
51.5091
51.5091
53.651
51.5091
51.5091
51.5091
53.651
51.5091
51.5091
53.651
51.5091
51.5091
51.5091
51.5091
53.651
51.5091
51.5091
53.651
51.5091
51.5091
51.5091
51.5091
51.5091
53.651
51.5091
51.5091
53.651
51.5091
51.5091
51.5091
53.651
53.651
51.5091
51.5091
51.5091
53.651
51.5091
51.5091
51.5091
53.651
51.5091
51.5091
51.5091
51.5091
51.5091
53.651
51.5091
51.5091
51.5091
53.651
53.651
51.5091
51.5091
51.5091
51.5091
53.651
51.5091
51.5091
51.5091
51.5091
53.651
51.5091
51.5091
51.5091
51.5091
51.5091
51.5091
51.5091
51.5091
51.5091
53.651
51.5091
51.5091
51.5091
51.5091
51.5091
51.5091
51.5091
53.651
51.5091
51.5091
51.5091
51.5091
51.5091
53.651
51.5091
51.5091
51.5091
53.651
53.651
51.5091
51.5091
51.5091
51.5091
53.651
51.5091
51.5091
51.5091
53.651
51.5091
51.5091
51.5091
51.5091
51.5091
51.5091
53.651
51.5091
51.5091
51.5091
53.651
53.651
51.5091
51.5091
51.5091
51.5091
51.5091
51.5091
51.5091
51.5091
51.5091
51.5091
51.5091
51.5091
53.651
51.5091
51.5091
51.5091
4.38596
0
0
0
0
0
0
0
0
0
0
0
0
0
0
0
0
0
0
0
0
0
0
0
0
0
0
0
0
0
0
0
0
0
0
0
0
0
0
0
0
0
0
0
0
0
0
0
0
0
0
0
0
0
0
0
0
0
0
0
0
0
0
0
0
0
0
0
0
0
0
0
0
0
0
0
0
0
0
0
0
0
0
0
0
0
0
0
0
0
0
0
0
0
0
0
0
0
0
0
0
0
0
2.24392
2.24392
0
0
0
0
0
0
0
0
0
0
0
0
0
0
0
0
0
0
0
0
0
0
0
0
0
0
0
0
0
0
0
0
0
0
0
0
0
0
0
0
0
0
0
0
0
0
0
0
0
0
0
0
0
0
0
0
0
0
0
0
0
0
0
0
0
0
0
0
0
0
0
0
0
0
0
0
0
0
0
0
0
0
0
0
0
0
0
0
0
0
0
0
0
0
0
0
0
0
0
0
0
0
0
0
0
0
0
0
0
0
0
0
0
0
0
0
0
0
0
0
0
0
0
0
0
0
0
0
0
0
0
0
0
0
0
0
0
0
0
0
0
0
0
0
0
0
0
0
0
0
0
0
0
0
0
0
0
0
0
0
0
0
0
0
0
0
0
0
0
0
0
0
0
0
0
0
0
0
0
0
0
0
0
0
0
0
0
0
0
0
0
0
0
0
0
0
0
0
0
0
0
0
0
0
0
0
0
0
0
0
0
0
0
0
0
0
0
0
0
0
0
0
0
0
0
0
0
0
0
0
0
0
0
0
0
0
0
0
0
0
0
0
0
0
0
0
0
0
0
0
0
0
0
0
0
0
0
0
0
0
0
0
0
0
0
0
0
0
0
0
0
0
0
0
0
0
0
0
0
0
0
0
0
0
0
0
0
0
0
0
0
0
0
0
0
0
0
0
0
0
0
0
0
0
0
0
0
0
0
0
0
0
0
0
0
0
0
0
0
0
0
0
0
0
0
0
0
0
0
0
0
0
0
0
0
0
0
0
0
0
0
0
0
0
0
0
0
0
0
0
0
0
0
0
0
0
0
0
0
0
0
0
0
0
0
0
0
0
0
0
0
0
0
0
0
0
0
0
0
0
0
0
0
0
0
0
0
0
0
0
0
0
0
0
0
0
0
0
0
0
0
0
0
0
0
0
0
0
0
0
0
0
0
0
0
0
0
0
0
0
0
0
0
0
0
0
0
0
0
0
0
0
0
0
0
0
0
0
0
0
0
0
0
0
0
0
0
0
0
0
0
0
0
0
0
0
0
0
0
0
0
0
0
0
0
0
0
0
0
0
0
0
0
0
0
0
0
0
0
0
0
0
0
0
0
0
0
0
0
0
0
0
0
0
0
0
0
0
0
0
0
0
0
0
0
0
0
0
0
0
0
0
0
0
0
0
0
0
0
0
0
0
0
0
0
0
0
0
0
0
0
0
0
0
0
0
0
0
0
0
0
0
0
0
0
0
0
0
0
0
0
0
0
0
0
0
0
0
0
0
0
0
0
0
0
0
0
0
0
0
0
0
0
0
0
0
0
0
0
0
0
0
0
0
0
0
0
0
0
0
0
0
0
0
0
0
0
0
0
0
0
0
0
0
0
0
0
0
0
0
0
0
0
0
0
0
0
0
0
0
0
0
0
0
0
0
0
0
0
0
0
0
0
0
0
0
0
0
0
0
0
0
0
0
0
0
0
0
0
0
0
0
0
0
0
0
0
0
0
0
0
0
0
0
0
0
0
0
0
0
150.029
907.715
554.663
90.0619
72.9276
68.644
66.5021
64.3603
66.5021
66.5021
62.2185
64.3603
64.3603
62.2185
62.2185
64.3603
62.2185
62.2185
62.2185
62.2185
62.2185
62.2185
62.2185
62.2185
62.2185
62.2185
62.2185
62.2185
62.2185
62.2185
60.0766
62.2185
62.2185
62.2185
60.0766
60.0766
60.0766
62.2185
60.0766
60.0766
60.0766
60.0766
60.0766
60.0766
60.0766
60.0766
57.9347
57.9347
60.0766
57.9347
60.0766
57.9347
57.9347
57.9347
57.9347
57.9347
57.9347
57.9347
57.9347
55.7929
55.7929
57.9347
55.7929
55.7929
57.9347
55.7929
55.7929
55.7929
57.9347
55.7929
57.9347
55.7929
57.9347
55.7929
57.9347
55.7929
55.7929
55.7929
55.7929
55.7929
55.7929
57.9347
55.7929
55.7929
55.7929
55.7929
55.7929
53.651
55.7929
55.7929
55.7929
55.7929
55.7929
57.9347
57.9347
55.7929
55.7929
55.7929
55.7929
55.7929
55.7929
55.7929
55.7929
55.7929
55.7929
55.7929
55.7929
55.7929
55.7929
55.7929
55.7929
55.7929
55.7929
55.7929
53.651
55.7929
55.7929
55.7929
55.7929
55.7929
55.7929
55.7929
55.7929
55.7929
55.7929
55.7929
53.651
55.7929
55.7929
55.7929
55.7929
55.7929
55.7929
55.7929
53.651
55.7929
55.7929
55.7929
53.651
55.7929
55.7929
55.7929
55.7929
55.7929
53.651
55.7929
55.7929
53.651
53.651
55.7929
55.7929
53.651
55.7929
55.7929
53.651
55.7929
55.7929
53.651
53.651
55.7929
55.7929
53.651
55.7929
55.7929
55.7929
55.7929
53.651
55.7929
55.7929
55.7929
53.651
55.7929
55.7929
53.651
55.7929
53.651
53.651
55.7929
53.651
55.7929
53.651
53.651
55.7929
53.651
55.7929
55.7929
53.651
55.7929
53.651
55.7929
53.651
53.651
55.7929
53.651
53.651
53.651
55.7929
53.651
55.7929
53.651
53.651
55.7929
53.651
55.7929
53.651
53.651
53.651
53.651
55.7929
53.651
53.651
53.651
53.651
53.651
53.651
53.651
55.7929
53.651
53.651
53.651
55.7929
53.651
53.651
53.651
53.651
55.7929
53.651
53.651
53.651
53.651
53.651
53.651
55.7929
53.651
53.651
53.651
53.651
53.651
53.651
55.7929
53.651
53.651
53.651
53.651
53.651
53.651
53.651
53.651
53.651
53.651
53.651
53.651
53.651
53.651
55.7929
53.651
53.651
53.651
53.651
53.651
53.651
53.651
53.651
53.651
53.651
53.651
53.651
53.651
51.5091
53.651
53.651
53.651
53.651
53.651
53.651
53.651
53.651
53.651
53.651
53.651
51.5091
53.651
53.651
53.651
53.651
51.5091
53.651
53.651
53.651
53.651
53.651
53.651
51.5091
53.651
53.651
53.651
53.651
53.651
53.651
53.651
53.651
53.651
53.651
53.651
53.651
51.5091
51.5091
53.651
51.5091
53.651
53.651
53.651
51.5091
53.651
51.5091
53.651
53.651
51.5091
51.5091
53.651
53.651
51.5091
53.651
53.651
53.651
53.651
53.651
51.5091
51.5091
53.651
53.651
51.5091
53.651
53.651
51.5091
51.5091
53.651
53.651
51.5091
53.651
53.651
51.5091
53.651
51.5091
53.651
51.5091
51.5091
53.651
53.651
51.5091
53.651
51.5091
53.651
51.5091
53.651
51.5091
51.5091
53.651
51.5091
53.651
53.651
53.651
53.651
53.651
53.651
51.5091
53.651
53.651
51.5091
53.651
53.651
51.5091
53.651
53.651
51.5091
53.651
53.651
53.651
51.5091
53.651
53.651
51.5091
53.651
53.651
53.651
53.651
53.651
53.651
53.651
53.651
53.651
53.651
53.651
53.651
53.651
53.651
51.5091
53.651
51.5091
53.651
53.651
51.5091
53.651
51.5091
53.651
51.5091
51.5091
53.651
53.651
51.5091
51.5091
53.651
51.5091
53.651
51.5091
53.651
51.5091
51.5091
53.651
53.651
51.5091
53.651
51.5091
53.651
51.5091
51.5091
53.651
53.651
51.5091
53.651
53.651
51.5091
53.651
51.5091
51.5091
51.5091
53.651
51.5091
53.651
53.651
51.5091
53.651
51.5091
53.651
51.5091
53.651
51.5091
51.5091
53.651
51.5091
53.651
51.5091
51.5091
51.5091
53.651
51.5091
51.5091
53.651
51.5091
51.5091
53.651
51.5091
51.5091
53.651
51.5091
51.5091
51.5091
51.5091
51.5091
53.651
51.5091
53.651
53.651
51.5091
51.5091
51.5091
53.651
51.5091
53.651
51.5091
51.5091
53.651
51.5091
51.5091
51.5091
53.651
53.651
51.5091
51.5091
53.651
51.5091
53.651
51.5091
53.651
51.5091
51.5091
53.651
51.5091
51.5091
51.5091
53.651
51.5091
51.5091
53.651
51.5091
51.5091
51.5091
53.651
51.5091
51.5091
51.5091
53.651
51.5091
51.5091
53.651
51.5091
51.5091
51.5091
51.5091
51.5091
53.651
51.5091
51.5091
53.651
51.5091
53.651
51.5091
51.5091
53.651
53.651
51.5091
51.5091
53.651
51.5091
51.5091
53.651
51.5091
51.5091
53.651
51.5091
53.651
51.5091
51.5091
51.5091
51.5091
53.651
51.5091
51.5091
53.651
51.5091
51.5091
51.5091
51.5091
53.651
51.5091
51.5091
51.5091
51.5091
51.5091
51.5091
51.5091
51.5091
51.5091
51.5091
51.5091
51.5091
53.651
51.5091
51.5091
51.5091
53.651
51.5091
51.5091
53.651
51.5091
51.5091
51.5091
51.5091
53.651
51.5091
51.5091
51.5091
53.651
51.5091
51.5091
51.5091
51.5091
53.651
51.5091
51.5091
51.5091
51.5091
53.651
51.5091
51.5091
51.5091
51.5091
53.651
51.5091
51.5091
51.5091
51.5091
53.651
51.5091
51.5091
51.5091
53.651
53.651
53.651
53.651
53.651
51.5091
51.5091
51.5091
53.651
51.5091
51.5091
51.5091
51.5091
53.651
51.5091
51.5091
51.5091
53.651
53.651
53.651
51.5091
51.5091
53.651
53.651
51.5091
51.5091
51.5091
51.5091
51.5091
53.651
51.5091
51.5091
51.5091
51.5091
51.5091
51.5091
51.5091
53.651
51.5091
51.5091
51.5091
51.5091
53.651
51.5091
51.5091
51.5091
51.5091
51.5091
51.5091
53.651
51.5091
51.5091
51.5091
51.5091
51.5091
51.5091
53.651
53.651
51.5091
51.5091
51.5091
51.5091
51.5091
51.5091
51.5091
51.5091
53.651
51.5091
51.5091
51.5091
51.5091
51.5091
51.5091
53.651
51.5091
51.5091
51.5091
51.5091
51.5091
51.5091
51.5091
51.5091
53.651
51.5091
51.5091
51.5091
51.5091
19.3801
19.3801
0
0
0
0
0
0
0
0
0
0
0
0
0
0
0
0
0
0
0
0
0
0
2.24392
0
0
0
0
0
0
0
0
0
0
0
0
0
0
0
0
0
0
0
0
0
0
0
0
0
0
0
0
0
0
0
0
0
0
0
0
0
0
0
0
0
0
0
0
0
0
0
0
0
0
0
0
0
0
0
0
0
0
0
0
0
0
0
0
0
0
0
0
0
0
0
0
0
0
0
0
0
0
0
0
0
0
0
0
0
0
0
0
0
0
0
0
0
0
0
0
0
0
0
0
0
0
0
0
0
2.24392
0
0
0
0
0
0
0
0
0
0
0
0
0
0
0
0
0
0
0
0
0
0
0
0
0
0
0
0
0
0
0
0
0
0
0
0
0
0
0
0
0
0
0
0
0
0
0
0
0
0
0
0
0
0
0
0
0
0
0
0
0
0
0
0
0
0
0
0
0
0
0
0
0
0
0
0
0
0
0
0
0
0
0
0
0
0
0
0
0
0
0
0
0
0
0
0
0
0
0
0
0
0
0
0
0
0
0
0
0
0
0
0
0
0
0
0
0
0
0
0
0
0
0
0
0
0
0
0
0
0
0
0
0
0
0
0
0
0
0
0
0
0
0
0
0
0
0
0
0
0
0
0
0
0
0
0
0
0
0
0
0
0
0
0
0
0
0
0
0
0
0
0
0
0
0
0
0
0
0
0
0
0
0
0
0
0
0
0
0
0
0
0
0
0
0
0
0
0
0
0
0
0
0
0
0
0
0
0
0
0
0
0
0
0
0
0
0
0
0
0
0
0
0
0
0
0
0
0
0
0
0
0
0
2.24392
0
0
0
0
0
0
0
0
0
0
0
0
0
0
0
0
0
0
0
0
0
0
0
0
0
0
0
0
0
0
0
0
0
0
0
0
0
0
0
0
0
0
0
0
0
0
0
0
0
0
0
0
0
0
0
0
0
0
0
0
0
0
0
0
0
0
0
0
0
0
0
0
0
0
0
0
0
0
0
0
0
0
0
0
0
0
0
0
0
0
0
0
0
0
0
0
0
0
0
0
0
0
0
0
0
0
0
0
0
0
0
0
0
0
0
0
0
0
0
0
0
0
0
0
0
0
0
0
0
0
0
0
0
0
0
0
0
0
0
2.24392
2.24392
2.24392
0
0
0
0
0
0
0
0
0
0
0
0
0
0
0
0
0
0
0
0
0
0
0
0
0
0
0
0
0
0
0
0
0
0
0
0
0
0
0
0
0
0
0
0
0
0
0
0
0
0
0
0
0
0
0
0
0
0
0
0
0
0
0
0
0
0
0
0
0
0
0
0
0
0
0
0
0
0
0
0
0
0
0
0
2.24392
0
0
0
0
0
0
0
0
0
0
0
0
0
0
0
0
0
0
0
0
0
0
0
0
0
0
0
0
0
0
0
0
0
0
0
0
0
0
0
0
0
0
0
0
0
0
0
0
0
0
0
0
0
0
0
0
0
0
0
0
0
0
0
0
0
0
0
0
0
0
0
0
0
0
0
0
0
0
0
0
0
0
0
0
0
0
0
0
0
0
0
0
0
0
0
0
0
0
0
0
0
0
0
0
0
0
0
0
0
0
0
0
0
0
0
0
0
0
0
0
0
0
0
0
0
0
0
0
0
0
0
0
0
0
0
0
0
0
0
0
0
0
0
0
0
0
0
0
0
0
0
0
0
0
0
0
0
0
0
0
0
0
0
0
0
0
0
0
0
0
0
0
0
0
0
0
0
0
0
0
0
0
0
0
0
0
0
0
0
0
0
0
0
0
248.534
873.488
516.137
87.9202
72.9276
68.644
66.5021
66.5021
66.5021
64.3603
64.3603
64.3603
62.2185
62.2185
62.2185
64.3603
62.2185
62.2185
62.2185
62.2185
62.2185
62.2185
60.0766
62.2185
62.2185
62.2185
62.2185
60.0766
62.2185
62.2185
60.0766
62.2185
60.0766
60.0766
62.2185
60.0766
60.0766
60.0766
60.0766
60.0766
60.0766
60.0766
60.0766
60.0766
60.0766
57.9347
60.0766
60.0766
57.9347
60.0766
57.9347
57.9347
60.0766
57.9347
55.7929
57.9347
57.9347
55.7929
57.9347
55.7929
55.7929
55.7929
55.7929
55.7929
55.7929
55.7929
57.9347
55.7929
55.7929
57.9347
57.9347
57.9347
55.7929
55.7929
55.7929
57.9347
55.7929
55.7929
55.7929
53.651
55.7929
55.7929
55.7929
55.7929
55.7929
55.7929
55.7929
55.7929
55.7929
55.7929
55.7929
55.7929
55.7929
55.7929
55.7929
55.7929
55.7929
55.7929
55.7929
53.651
55.7929
55.7929
55.7929
55.7929
55.7929
53.651
55.7929
55.7929
55.7929
55.7929
55.7929
55.7929
55.7929
55.7929
55.7929
55.7929
55.7929
55.7929
55.7929
55.7929
55.7929
53.651
55.7929
55.7929
55.7929
55.7929
55.7929
53.651
53.651
55.7929
55.7929
55.7929
55.7929
53.651
55.7929
55.7929
55.7929
55.7929
55.7929
55.7929
55.7929
55.7929
55.7929
55.7929
55.7929
55.7929
55.7929
55.7929
55.7929
53.651
55.7929
55.7929
53.651
55.7929
55.7929
55.7929
53.651
55.7929
55.7929
53.651
55.7929
53.651
55.7929
55.7929
53.651
55.7929
55.7929
55.7929
53.651
55.7929
55.7929
53.651
53.651
55.7929
55.7929
53.651
55.7929
55.7929
53.651
55.7929
53.651
55.7929
53.651
55.7929
53.651
53.651
55.7929
53.651
55.7929
53.651
53.651
53.651
53.651
53.651
55.7929
53.651
53.651
53.651
53.651
53.651
55.7929
55.7929
55.7929
53.651
55.7929
53.651
53.651
53.651
55.7929
53.651
53.651
55.7929
53.651
53.651
55.7929
53.651
53.651
53.651
53.651
53.651
55.7929
53.651
53.651
53.651
55.7929
53.651
53.651
53.651
53.651
53.651
53.651
53.651
53.651
53.651
53.651
53.651
53.651
53.651
53.651
55.7929
53.651
53.651
53.651
53.651
53.651
53.651
53.651
53.651
53.651
53.651
53.651
53.651
53.651
53.651
53.651
53.651
51.5091
53.651
53.651
53.651
53.651
53.651
53.651
53.651
53.651
53.651
53.651
53.651
53.651
51.5091
53.651
53.651
53.651
53.651
53.651
53.651
53.651
53.651
53.651
53.651
51.5091
51.5091
53.651
53.651
53.651
53.651
53.651
53.651
51.5091
53.651
53.651
53.651
53.651
51.5091
53.651
53.651
53.651
53.651
51.5091
53.651
53.651
53.651
53.651
53.651
53.651
53.651
53.651
53.651
53.651
51.5091
53.651
53.651
53.651
53.651
53.651
53.651
53.651
51.5091
53.651
53.651
53.651
53.651
51.5091
53.651
53.651
53.651
51.5091
53.651
53.651
53.651
51.5091
53.651
53.651
51.5091
53.651
53.651
51.5091
53.651
53.651
51.5091
51.5091
53.651
53.651
53.651
51.5091
53.651
51.5091
53.651
53.651
51.5091
53.651
51.5091
53.651
53.651
51.5091
53.651
51.5091
51.5091
51.5091
53.651
51.5091
51.5091
51.5091
53.651
53.651
51.5091
53.651
51.5091
53.651
51.5091
53.651
53.651
51.5091
53.651
51.5091
53.651
53.651
53.651
53.651
53.651
51.5091
53.651
51.5091
51.5091
53.651
51.5091
53.651
51.5091
51.5091
51.5091
51.5091
51.5091
51.5091
53.651
51.5091
53.651
53.651
53.651
51.5091
53.651
51.5091
53.651
51.5091
53.651
51.5091
53.651
51.5091
53.651
51.5091
53.651
51.5091
53.651
51.5091
53.651
51.5091
53.651
51.5091
53.651
51.5091
53.651
53.651
51.5091
53.651
53.651
51.5091
53.651
51.5091
53.651
53.651
53.651
51.5091
53.651
53.651
51.5091
51.5091
53.651
53.651
51.5091
53.651
51.5091
53.651
51.5091
53.651
51.5091
53.651
51.5091
53.651
51.5091
51.5091
53.651
51.5091
53.651
51.5091
53.651
51.5091
53.651
51.5091
53.651
51.5091
51.5091
53.651
51.5091
53.651
51.5091
51.5091
53.651
51.5091
53.651
51.5091
53.651
51.5091
51.5091
53.651
51.5091
53.651
51.5091
51.5091
53.651
51.5091
53.651
51.5091
51.5091
53.651
51.5091
53.651
51.5091
51.5091
53.651
51.5091
53.651
51.5091
51.5091
53.651
51.5091
53.651
51.5091
51.5091
53.651
51.5091
51.5091
53.651
51.5091
53.651
51.5091
51.5091
53.651
51.5091
51.5091
53.651
51.5091
51.5091
53.651
51.5091
51.5091
53.651
51.5091
53.651
53.651
51.5091
51.5091
51.5091
51.5091
53.651
53.651
51.5091
51.5091
53.651
51.5091
51.5091
51.5091
51.5091
51.5091
53.651
53.651
51.5091
51.5091
53.651
51.5091
51.5091
53.651
51.5091
51.5091
53.651
51.5091
53.651
51.5091
51.5091
53.651
53.651
53.651
53.651
53.651
53.651
53.651
53.651
51.5091
51.5091
51.5091
53.651
51.5091
51.5091
51.5091
53.651
51.5091
51.5091
51.5091
51.5091
51.5091
51.5091
51.5091
51.5091
51.5091
51.5091
51.5091
51.5091
51.5091
53.651
51.5091
51.5091
53.651
53.651
53.651
51.5091
53.651
51.5091
53.651
53.651
53.651
51.5091
51.5091
51.5091
51.5091
51.5091
53.651
51.5091
51.5091
51.5091
53.651
51.5091
51.5091
51.5091
53.651
51.5091
51.5091
51.5091
53.651
51.5091
51.5091
51.5091
51.5091
51.5091
53.651
51.5091
51.5091
53.651
51.5091
51.5091
51.5091
53.651
51.5091
51.5091
51.5091
51.5091
51.5091
51.5091
51.5091
51.5091
53.651
51.5091
51.5091
51.5091
53.651
51.5091
51.5091
51.5091
53.651
51.5091
51.5091
51.5091
53.651
51.5091
51.5091
51.5091
51.5091
51.5091
51.5091
51.5091
51.5091
51.5091
51.5091
51.5091
51.5091
51.5091
51.5091
51.5091
51.5091
51.5091
51.5091
51.5091
51.5091
51.5091
51.5091
51.5091
51.5091
51.5091
51.5091
53.651
51.5091
51.5091
32.2319
0
0
0
0
0
0
0
0
0
0
0
0
0
0
0
0
0
0
0
0
0
0
0
0
0
0
0
0
0
0
0
0
0
0
0
0
0
0
0
0
0
0
0
0
0
0
0
0
0
0
0
0
0
0
0
0
0
0
0
0
0
0
0
0
0
0
0
0
0
0
0
0
0
0
0
0
0
0
0
0
0
0
0
0
0
0
0
0
0
0
0
0
0
0
0
0
0
0
0
0
0
0
0
0
0
0
0
0
0
0
0
0
0
0
0
0
0
0
0
0
0
0
0
0
0
0
0
0
0
0
0
0
0
0
0
0
0
0
0
0
0
0
0
0
0
0
0
0
0
0
0
0
0
0
0
0
0
0
0
0
0
0
0
0
0
0
0
0
0
0
0
0
0
0
0
0
0
0
0
0
0
0
0
0
0
0
0
0
0
0
0
0
0
0
0
0
0
0
0
0
0
0
0
0
0
0
0
0
0
0
0
0
0
0
0
0
0
0
0
0
0
0
0
0
0
0
0
0
0
0
0
0
0
0
0
0
0
0
0
0
0
0
0
0
0
0
0
0
0
0
0
0
0
0
0
0
0
0
0
0
0
0
0
0
0
0
0
0
0
0
0
2.24392
0
0
0
0
0
0
0
0
0
0
0
0
0
0
0
0
0
0
0
0
0
0
0
0
0
0
0
0
0
0
0
0
0
0
0
0
0
0
0
0
0
0
0
0
0
0
0
0
0
0
0
0
0
0
0
0
0
0
0
0
0
0
0
0
0
0
0
0
0
0
0
0
0
0
0
0
0
0
0
0
0
0
0
0
0
0
0
0
0
0
0
0
0
0
0
0
0
0
0
0
0
0
0
0
0
0
0
0
0
0
0
0
0
0
0
0
0
0
0
0
0
0
0
0
0
0
0
0
0
0
0
0
0
0
0
0
0
0
0
0
0
0
0
0
0
0
0
0
0
0
0
0
0
0
0
0
0
0
0
0
0
0
0
0
0
0
0
0
0
0
0
0
0
0
0
0
0
0
0
0
0
0
0
0
0
0
0
0
0
0
0
0
0
0
0
0
0
0
0
0
0
0
0
0
0
0
0
0
0
0
0
0
0
2.24392
0
0
0
0
0
0
0
0
0
0
0
0
0
0
0
0
0
0
0
0
0
0
0
0
0
0
0
0
0
0
0
0
0
0
0
0
0
0
0
0
0
0
0
0
0
0
0
0
0
0
0
0
0
0
0
0
0
0
0
0
0
0
0
0
0
0
0
0
0
0
0
0
0
0
0
0
0
0
0
0
0
0
0
0
0
0
0
0
0
0
0
0
0
0
0
0
0
0
0
0
0
0
0
0
0
0
0
0
0
0
0
0
0
0
0
0
0
0
0
0
0
0
0
0
0
0
0
0
0
0
0
0
0
0
0
0
0
0
0
0
0
0
0
0
0
0
0
0
0
0
0
0
0
0
0
0
0
0
0
0
0
0
0
0
0
0
0
0
0
0
0
0
0
0
0
0
0
0
0
0
0
0
0
0
0
0
0
0
0
0
0
0
0
0
0
0
0
0
0
0
0
0
0
0
0
0
0
0
0
0
0
0
0
0
0
0
0
0
0
0
0
0
0
0
0
0
0
0
0
0
0
0
0
0
0
0
0
0
0
0
0
0
0
0
0
0
0
0
0
0
0
0
0
0
0
0
0
0
0
0
0
2.24392
0
0
0
0
0
0
0
0
0
0
0
0
0
0
0
0
0
0
0
0
0
0
0
0
0
0
0
0
0
0
0
0
0
0
0
0
0
0
0
762.237
805.028
124.329
79.353
70.7858
70.7858
66.5021
64.3603
66.5021
62.2185
64.3603
64.3603
62.2185
64.3603
62.2185
64.3603
62.2185
62.2185
62.2185
62.2185
64.3603
62.2185
62.2185
62.2185
62.2185
62.2185
62.2185
62.2185
62.2185
62.2185
62.2185
60.0766
62.2185
60.0766
62.2185
60.0766
62.2185
60.0766
60.0766
62.2185
60.0766
60.0766
60.0766
60.0766
60.0766
60.0766
60.0766
60.0766
57.9347
60.0766
57.9347
60.0766
57.9347
57.9347
57.9347
57.9347
57.9347
55.7929
57.9347
55.7929
57.9347
55.7929
57.9347
55.7929
57.9347
55.7929
57.9347
57.9347
55.7929
57.9347
55.7929
57.9347
57.9347
55.7929
57.9347
55.7929
55.7929
55.7929
55.7929
55.7929
55.7929
55.7929
57.9347
55.7929
55.7929
55.7929
55.7929
55.7929
57.9347
55.7929
55.7929
55.7929
55.7929
55.7929
57.9347
55.7929
55.7929
55.7929
55.7929
55.7929
55.7929
57.9347
55.7929
55.7929
55.7929
55.7929
55.7929
55.7929
55.7929
55.7929
55.7929
55.7929
55.7929
55.7929
55.7929
55.7929
55.7929
55.7929
55.7929
55.7929
53.651
55.7929
55.7929
55.7929
55.7929
55.7929
55.7929
55.7929
55.7929
55.7929
55.7929
55.7929
53.651
55.7929
55.7929
55.7929
55.7929
53.651
53.651
55.7929
55.7929
55.7929
55.7929
55.7929
55.7929
55.7929
53.651
55.7929
55.7929
55.7929
53.651
55.7929
55.7929
55.7929
55.7929
53.651
55.7929
55.7929
53.651
55.7929
55.7929
55.7929
53.651
55.7929
55.7929
53.651
55.7929
55.7929
53.651
55.7929
53.651
55.7929
53.651
55.7929
55.7929
53.651
55.7929
55.7929
53.651
55.7929
55.7929
53.651
55.7929
55.7929
53.651
55.7929
55.7929
53.651
55.7929
53.651
55.7929
55.7929
53.651
55.7929
53.651
55.7929
53.651
55.7929
53.651
53.651
55.7929
53.651
55.7929
53.651
55.7929
53.651
55.7929
53.651
55.7929
53.651
53.651
55.7929
53.651
55.7929
53.651
53.651
55.7929
53.651
53.651
55.7929
53.651
55.7929
53.651
53.651
53.651
55.7929
53.651
53.651
55.7929
53.651
53.651
55.7929
53.651
53.651
53.651
55.7929
53.651
53.651
53.651
55.7929
53.651
53.651
53.651
53.651
53.651
55.7929
53.651
53.651
53.651
53.651
53.651
53.651
53.651
53.651
53.651
53.651
53.651
53.651
53.651
53.651
53.651
53.651
53.651
53.651
53.651
53.651
53.651
53.651
53.651
53.651
53.651
53.651
53.651
53.651
53.651
53.651
53.651
53.651
53.651
51.5091
53.651
53.651
53.651
53.651
53.651
53.651
53.651
51.5091
53.651
53.651
53.651
53.651
53.651
51.5091
53.651
53.651
53.651
53.651
53.651
51.5091
53.651
53.651
53.651
53.651
53.651
53.651
53.651
51.5091
53.651
53.651
53.651
53.651
53.651
51.5091
53.651
53.651
53.651
53.651
53.651
53.651
53.651
51.5091
53.651
53.651
53.651
53.651
51.5091
53.651
53.651
53.651
51.5091
53.651
53.651
53.651
53.651
53.651
53.651
53.651
53.651
53.651
53.651
53.651
53.651
53.651
53.651
53.651
53.651
53.651
53.651
53.651
51.5091
53.651
53.651
53.651
51.5091
53.651
51.5091
53.651
53.651
53.651
51.5091
53.651
53.651
51.5091
53.651
53.651
53.651
51.5091
53.651
53.651
53.651
53.651
53.651
51.5091
53.651
53.651
53.651
53.651
53.651
53.651
53.651
53.651
53.651
53.651
53.651
51.5091
53.651
53.651
51.5091
53.651
53.651
51.5091
53.651
53.651
51.5091
53.651
53.651
51.5091
53.651
53.651
51.5091
51.5091
53.651
53.651
51.5091
53.651
53.651
51.5091
53.651
53.651
51.5091
51.5091
51.5091
53.651
53.651
53.651
53.651
53.651
51.5091
51.5091
53.651
53.651
51.5091
53.651
51.5091
51.5091
53.651
53.651
51.5091
53.651
51.5091
53.651
53.651
53.651
51.5091
53.651
53.651
53.651
53.651
51.5091
51.5091
53.651
51.5091
53.651
53.651
51.5091
53.651
53.651
51.5091
53.651
51.5091
53.651
53.651
51.5091
53.651
51.5091
51.5091
51.5091
53.651
51.5091
53.651
51.5091
53.651
51.5091
51.5091
53.651
51.5091
53.651
51.5091
53.651
51.5091
53.651
53.651
51.5091
53.651
51.5091
53.651
51.5091
51.5091
53.651
51.5091
53.651
51.5091
53.651
51.5091
53.651
51.5091
53.651
51.5091
53.651
51.5091
53.651
51.5091
51.5091
53.651
51.5091
51.5091
53.651
51.5091
53.651
51.5091
53.651
53.651
51.5091
53.651
51.5091
53.651
51.5091
51.5091
53.651
51.5091
53.651
51.5091
51.5091
51.5091
51.5091
53.651
53.651
53.651
53.651
51.5091
53.651
51.5091
53.651
51.5091
51.5091
53.651
51.5091
53.651
51.5091
53.651
51.5091
51.5091
53.651
51.5091
53.651
53.651
51.5091
51.5091
53.651
51.5091
53.651
51.5091
53.651
51.5091
51.5091
53.651
51.5091
53.651
51.5091
53.651
51.5091
51.5091
51.5091
53.651
51.5091
53.651
51.5091
51.5091
53.651
51.5091
51.5091
53.651
51.5091
53.651
53.651
53.651
51.5091
51.5091
53.651
51.5091
53.651
53.651
51.5091
51.5091
53.651
51.5091
53.651
51.5091
51.5091
53.651
51.5091
53.651
51.5091
51.5091
53.651
53.651
51.5091
51.5091
51.5091
53.651
53.651
51.5091
53.651
51.5091
53.651
51.5091
53.651
51.5091
51.5091
53.651
51.5091
51.5091
53.651
51.5091
51.5091
53.651
51.5091
51.5091
51.5091
53.651
51.5091
51.5091
53.651
53.651
51.5091
51.5091
53.651
51.5091
53.651
51.5091
53.651
51.5091
51.5091
53.651
53.651
51.5091
51.5091
53.651
51.5091
51.5091
53.651
51.5091
51.5091
51.5091
53.651
51.5091
51.5091
53.651
51.5091
53.651
51.5091
51.5091
53.651
53.651
51.5091
51.5091
53.651
51.5091
51.5091
51.5091
53.651
51.5091
51.5091
51.5091
53.651
51.5091
51.5091
53.651
51.5091
51.5091
53.651
51.5091
51.5091
51.5091
51.5091
53.651
51.5091
51.5091
51.5091
51.5091
51.5091
51.5091
53.651
51.5091
51.5091
51.5091
53.651
51.5091
51.5091
51.5091
53.651
51.5091
53.651
51.5091
51.5091
51.5091
53.651
51.5091
51.5091
53.651
51.5091
51.5091
51.5091
51.5091
53.651
51.5091
51.5091
10.812
10.812
0
0
0
0
0
0
0
0
0
0
0
0
0
0
0
0
0
0
0
0
0
0
0
0
0
0
0
0
0
0
0
0
0
0
0
0
0
0
0
0
0
0
0
0
0
0
0
0
0
0
0
0
0
0
0
0
0
0
0
0
0
0
0
0
0
0
0
0
0
0
0
0
0
0
0
0
0
0
0
0
0
0
0
0
0
0
0
0
0
0
0
0
0
0
0
0
0
0
2.24392
0
0
0
0
0
0
0
0
0
0
0
0
0
0
0
0
0
0
0
0
0
0
0
0
0
0
0
0
0
0
0
0
0
0
0
0
0
0
0
0
0
0
0
0
0
0
0
0
0
0
0
0
0
0
0
0
0
0
0
0
0
0
0
0
0
0
0
0
0
0
0
0
0
0
0
0
0
0
0
0
0
0
0
0
0
0
0
0
0
0
0
0
0
0
0
0
0
0
0
0
0
0
0
0
0
0
0
0
0
0
0
0
0
0
0
0
0
0
0
0
0
0
0
2.24392
0
0
0
0
0
0
0
0
0
0
0
0
0
0
0
0
0
0
0
0
0
0
0
0
0
0
0
0
0
0
0
0
0
0
0
0
0
0
0
0
0
0
0
0
0
0
0
0
0
0
0
0
0
0
0
0
0
0
0
0
0
0
0
0
0
0
0
0
0
0
0
0
0
0
0
0
0
0
0
0
0
0
0
0
0
0
0
0
0
0
0
0
0
0
0
0
0
0
0
0
0
0
0
0
0
0
0
0
0
0
0
0
0
0
0
0
0
0
0
0
0
0
0
0
0
0
0
0
0
0
0
0
0
0
0
0
0
0
0
0
0
0
0
0
0
0
0
0
0
0
0
0
0
0
0
0
0
0
0
0
0
0
0
0
0
0
0
0
0
0
0
0
0
0
0
0
0
0
0
0
0
0
0
0
0
0
0
0
0
0
0
0
0
0
0
0
0
0
0
0
0
0
0
0
0
0
0
0
0
0
0
0
0
0
0
0
0
0
0
0
0
0
0
0
0
0
0
0
0
0
0
0
0
0
0
0
0
0
0
0
0
0
0
0
0
0
0
0
0
0
0
0
0
0
0
0
0
0
0
0
0
0
0
0
0
0
0
0
0
0
0
0
0
0
0
0
0
0
0
0
0
0
0
0
0
0
0
0
0
0
0
0
0
0
0
0
0
0
0
0
0
0
0
0
0
0
0
0
0
0
0
0
0
0
0
0
0
0
0
0
0
0
0
0
0
0
0
0
0
0
0
0
0
0
0
0
0
0
0
0
0
0
0
0
0
0
0
0
0
0
0
0
0
0
0
0
0
0
0
0
0
0
0
0
0
0
0
0
0
0
0
0
0
0
0
0
0
0
0
0
0
0
0
0
0
0
0
0
0
0
0
0
0
0
0
0
0
0
0
0
0
0
0
0
0
0
0
0
0
0
0
0
0
0
0
0
0
0
0
0
0
0
0
0
0
0
0
2.24392
0
0
0
0
0
0
0
0
0
0
0
0
0
0
0
0
0
0
0
0
0
0
0
0
0
0
0
0
0
0
0
0
0
0
0
0
0
0
0
0
0
0
0
0
0
0
0
0
0
0
0
0
0
0
0
0
0
0
0
0
0
0
0
0
0
0
0
0
0
0
0
0
0
0
0
0
0
0
0
0
0
0
0
0
0
0
0
0
0
0
0
0
0
0
0
0
0
0
0
0
0
0
0
0
0
0
0
2.24392
0
0
0
0
0
0
0
0
0
0
0
334.178
871.348
432.656
432.656
432.656
70.7858
70.7858
66.5021
64.3603
64.3603
64.3603
64.3603
64.3603
62.2185
64.3603
62.2185
62.2185
62.2185
62.2185
62.2185
62.2185
62.2185
62.2185
62.2185
62.2185
62.2185
62.2185
62.2185
62.2185
60.0766
60.0766
60.0766
60.0766
62.2185
62.2185
60.0766
62.2185
60.0766
60.0766
62.2185
57.9347
60.0766
60.0766
60.0766
60.0766
60.0766
60.0766
60.0766
60.0766
60.0766
60.0766
60.0766
57.9347
60.0766
57.9347
57.9347
57.9347
57.9347
55.7929
55.7929
55.7929
55.7929
57.9347
55.7929
57.9347
57.9347
55.7929
55.7929
57.9347
57.9347
57.9347
57.9347
57.9347
55.7929
57.9347
55.7929
55.7929
55.7929
55.7929
57.9347
55.7929
55.7929
55.7929
55.7929
57.9347
55.7929
55.7929
55.7929
55.7929
57.9347
55.7929
55.7929
57.9347
55.7929
55.7929
55.7929
55.7929
55.7929
55.7929
55.7929
55.7929
55.7929
55.7929
55.7929
57.9347
55.7929
55.7929
55.7929
55.7929
55.7929
55.7929
55.7929
55.7929
55.7929
57.9347
55.7929
55.7929
55.7929
55.7929
55.7929
55.7929
55.7929
55.7929
55.7929
53.651
55.7929
55.7929
55.7929
55.7929
55.7929
55.7929
53.651
55.7929
55.7929
55.7929
55.7929
55.7929
55.7929
55.7929
55.7929
55.7929
53.651
55.7929
55.7929
55.7929
55.7929
55.7929
53.651
53.651
55.7929
55.7929
55.7929
55.7929
55.7929
55.7929
55.7929
55.7929
53.651
53.651
55.7929
55.7929
53.651
55.7929
55.7929
53.651
55.7929
55.7929
55.7929
55.7929
55.7929
53.651
55.7929
53.651
55.7929
55.7929
53.651
55.7929
53.651
53.651
55.7929
53.651
55.7929
53.651
53.651
53.651
55.7929
53.651
55.7929
53.651
53.651
55.7929
53.651
53.651
55.7929
53.651
55.7929
53.651
55.7929
53.651
53.651
55.7929
53.651
55.7929
53.651
55.7929
53.651
53.651
53.651
53.651
53.651
53.651
53.651
53.651
53.651
53.651
53.651
53.651
53.651
53.651
53.651
53.651
53.651
53.651
53.651
53.651
53.651
53.651
53.651
53.651
53.651
53.651
53.651
53.651
55.7929
53.651
53.651
53.651
53.651
53.651
53.651
53.651
55.7929
53.651
53.651
53.651
53.651
53.651
53.651
55.7929
53.651
53.651
53.651
53.651
53.651
53.651
53.651
53.651
53.651
53.651
53.651
55.7929
53.651
53.651
53.651
53.651
53.651
53.651
53.651
53.651
53.651
53.651
53.651
53.651
53.651
53.651
53.651
53.651
53.651
53.651
53.651
53.651
53.651
53.651
53.651
53.651
51.5091
53.651
53.651
53.651
53.651
53.651
53.651
53.651
53.651
53.651
53.651
51.5091
53.651
53.651
53.651
53.651
53.651
53.651
53.651
53.651
53.651
53.651
53.651
53.651
51.5091
51.5091
51.5091
53.651
53.651
53.651
51.5091
53.651
53.651
53.651
53.651
53.651
53.651
53.651
53.651
53.651
53.651
53.651
51.5091
53.651
53.651
53.651
53.651
53.651
51.5091
53.651
53.651
53.651
51.5091
53.651
53.651
53.651
53.651
53.651
53.651
53.651
53.651
53.651
51.5091
53.651
53.651
53.651
51.5091
53.651
53.651
53.651
51.5091
53.651
51.5091
53.651
53.651
53.651
53.651
51.5091
53.651
51.5091
53.651
53.651
51.5091
53.651
53.651
53.651
53.651
51.5091
51.5091
53.651
51.5091
53.651
53.651
53.651
51.5091
53.651
51.5091
53.651
53.651
51.5091
53.651
53.651
51.5091
53.651
53.651
51.5091
53.651
51.5091
53.651
53.651
51.5091
53.651
53.651
51.5091
53.651
53.651
51.5091
53.651
51.5091
53.651
53.651
51.5091
51.5091
53.651
51.5091
53.651
51.5091
53.651
53.651
53.651
53.651
51.5091
53.651
53.651
53.651
53.651
53.651
53.651
51.5091
53.651
53.651
53.651
53.651
53.651
53.651
51.5091
51.5091
51.5091
51.5091
51.5091
53.651
51.5091
53.651
51.5091
51.5091
53.651
51.5091
53.651
53.651
53.651
53.651
53.651
53.651
53.651
53.651
53.651
53.651
53.651
53.651
53.651
53.651
53.651
53.651
53.651
53.651
53.651
53.651
53.651
53.651
53.651
53.651
51.5091
53.651
51.5091
53.651
51.5091
51.5091
51.5091
53.651
51.5091
51.5091
53.651
53.651
51.5091
53.651
53.651
51.5091
51.5091
53.651
51.5091
51.5091
53.651
51.5091
51.5091
53.651
51.5091
51.5091
53.651
53.651
53.651
51.5091
51.5091
51.5091
51.5091
53.651
53.651
51.5091
51.5091
51.5091
51.5091
51.5091
51.5091
51.5091
51.5091
51.5091
51.5091
51.5091
51.5091
51.5091
51.5091
51.5091
51.5091
51.5091
51.5091
51.5091
51.5091
51.5091
51.5091
51.5091
51.5091
53.651
53.651
53.651
53.651
53.651
53.651
51.5091
53.651
51.5091
51.5091
53.651
51.5091
51.5091
51.5091
53.651
51.5091
51.5091
51.5091
51.5091
51.5091
51.5091
53.651
51.5091
51.5091
53.651
51.5091
51.5091
51.5091
51.5091
51.5091
51.5091
51.5091
51.5091
51.5091
51.5091
51.5091
53.651
51.5091
51.5091
51.5091
51.5091
51.5091
51.5091
53.651
53.651
53.651
51.5091
51.5091
51.5091
51.5091
51.5091
53.651
53.651
51.5091
53.651
51.5091
51.5091
53.651
51.5091
51.5091
51.5091
51.5091
53.651
51.5091
51.5091
53.651
51.5091
51.5091
51.5091
51.5091
53.651
51.5091
51.5091
53.651
51.5091
51.5091
51.5091
53.651
51.5091
51.5091
51.5091
51.5091
51.5091
51.5091
53.651
51.5091
51.5091
53.651
51.5091
53.651
51.5091
51.5091
53.651
51.5091
51.5091
51.5091
53.651
51.5091
51.5091
51.5091
53.651
51.5091
51.5091
51.5091
53.651
53.651
51.5091
51.5091
51.5091
53.651
53.651
51.5091
51.5091
51.5091
51.5091
51.5091
51.5091
53.651
51.5091
51.5091
53.651
51.5091
51.5091
51.5091
51.5091
53.651
51.5091
53.651
51.5091
51.5091
51.5091
51.5091
53.651
51.5091
51.5091
53.651
51.5091
51.5091
51.5091
53.651
51.5091
51.5091
51.5091
53.651
51.5091
51.5091
51.5091
53.651
51.5091
51.5091
53.651
51.5091
51.5091
51.5091
53.651
10.812
0
0
0
0
0
0
0
0
0
0
0
0
0
0
0
0
0
0
0
0
0
0
0
0
0
0
0
0
0
0
0
0
0
0
0
0
0
0
0
0
0
0
0
0
0
0
0
0
0
0
0
0
0
0
0
0
0
0
0
0
0
0
0
0
0
0
0
0
0
0
0
0
0
0
0
0
0
0
0
0
0
0
0
0
0
0
0
0
0
0
0
0
0
0
0
0
0
0
0
0
0
0
0
0
0
0
0
0
2.24392
0
0
0
0
0
0
0
0
0
0
0
0
0
0
0
0
0
0
0
0
0
0
0
0
0
0
0
0
0
0
0
0
0
0
0
0
0
0
0
0
0
0
0
0
0
0
0
0
0
0
0
0
0
0
0
0
0
0
0
0
0
0
0
0
0
0
0
0
0
0
0
0
0
0
0
0
0
0
0
0
0
0
0
0
0
0
0
0
0
0
0
0
0
0
0
0
0
0
0
0
0
0
0
0
0
0
0
0
0
0
0
0
0
0
0
0
0
0
0
0
0
0
0
0
0
0
0
0
0
0
0
0
0
0
0
0
0
0
0
0
0
0
0
0
0
0
0
0
0
2.24392
0
0
0
0
0
0
0
0
0
0
0
0
0
0
0
0
0
0
0
0
0
0
0
0
0
0
0
0
0
0
0
0
0
0
0
0
0
0
0
0
0
0
0
0
0
0
0
0
0
0
0
0
0
0
0
0
0
0
0
0
0
0
0
0
0
0
0
0
0
0
0
0
0
0
0
0
0
0
0
0
0
0
0
0
0
0
0
0
0
0
0
2.24392
0
0
0
0
0
0
0
0
0
0
0
0
0
0
0
0
0
0
0
0
0
0
0
0
0
0
0
0
0
0
0
0
0
0
0
0
0
0
0
0
0
0
0
0
0
0
0
0
0
0
0
0
0
0
0
0
0
0
0
0
0
0
0
0
0
0
0
0
0
0
0
0
0
0
0
0
0
0
0
0
0
0
0
0
0
0
0
0
0
0
0
0
0
0
0
0
0
0
0
0
0
0
0
0
0
0
0
0
0
0
0
0
0
0
0
0
0
0
0
0
0
0
0
0
0
0
0
0
0
0
0
0
0
0
0
0
0
0
0
0
0
0
0
0
0
0
0
0
0
0
0
0
0
0
0
0
0
0
0
0
0
0
0
0
0
0
0
0
0
0
0
0
0
0
0
0
0
0
0
0
0
0
0
0
0
0
0
0
0
0
0
0
0
0
0
0
0
0
0
0
0
0
0
0
0
0
0
0
0
0
0
0
0
0
0
0
0
0
0
0
0
0
0
0
0
0
0
0
0
0
0
0
0
0
0
0
0
0
0
0
0
0
0
0
0
0
0
0
0
0
0
0
0
0
0
0
0
0
0
2.24392
0
0
0
0
0
0
0
0
0
0
0
0
0
0
0
0
0
0
0
0
0
0
0
0
0
0
0
0
0
0
0
0
0
0
0
0
0
0
0
0
0
0
0
0
0
0
0
0
0
0
0
0
0
0
0
0
0
0
0
0
0
0
0
0
0
0
0
0
0
0
0
0
0
0
0
0
0
0
0
0
0
0
0
0
0
0
0
0
0
0
0
0
0
0
0
0
0
0
0
0
0
0
0
0
0
0
0
0
0
0
0
0
0
0
0
2.24392
0
0
0
0
0
0
0
0
0
0
0
0
0
0
0
0
0
0
0
0
0
0
0
0
0
0
0
0
0
0
0
0
0
0
0
0
0
0
0
0
0
0
0
68.644
64.3603
64.3603
64.3603
64.3603
64.3603
64.3603
64.3603
64.3603
64.3603
64.3603
64.3603
64.3603
64.3603
64.3603
64.3603
64.3603
64.3603
64.3603
64.3603
62.2185
62.2185
62.2185
62.2185
62.2185
62.2185
62.2185
60.0766
62.2185
60.0766
60.0766
62.2185
60.0766
62.2185
60.0766
60.0766
60.0766
60.0766
60.0766
60.0766
60.0766
57.9347
60.0766
60.0766
57.9347
57.9347
57.9347
57.9347
57.9347
57.9347
57.9347
57.9347
55.7929
55.7929
57.9347
57.9347
57.9347
57.9347
57.9347
55.7929
55.7929
57.9347
55.7929
57.9347
57.9347
55.7929
57.9347
55.7929
55.7929
57.9347
55.7929
55.7929
55.7929
55.7929
55.7929
57.9347
55.7929
55.7929
55.7929
55.7929
55.7929
57.9347
57.9347
55.7929
55.7929
55.7929
55.7929
55.7929
55.7929
55.7929
55.7929
55.7929
55.7929
57.9347
55.7929
55.7929
55.7929
55.7929
55.7929
55.7929
55.7929
55.7929
55.7929
55.7929
55.7929
55.7929
55.7929
55.7929
55.7929
55.7929
55.7929
55.7929
55.7929
55.7929
55.7929
55.7929
55.7929
55.7929
55.7929
55.7929
55.7929
55.7929
55.7929
55.7929
55.7929
55.7929
55.7929
55.7929
55.7929
55.7929
55.7929
55.7929
55.7929
55.7929
55.7929
55.7929
55.7929
55.7929
55.7929
55.7929
53.651
55.7929
55.7929
55.7929
53.651
53.651
55.7929
55.7929
55.7929
55.7929
55.7929
53.651
55.7929
55.7929
55.7929
53.651
55.7929
55.7929
55.7929
55.7929
53.651
55.7929
55.7929
53.651
55.7929
55.7929
55.7929
53.651
55.7929
53.651
55.7929
55.7929
55.7929
55.7929
53.651
55.7929
55.7929
55.7929
53.651
55.7929
53.651
55.7929
55.7929
53.651
55.7929
55.7929
53.651
55.7929
53.651
55.7929
55.7929
55.7929
55.7929
55.7929
53.651
55.7929
53.651
55.7929
55.7929
53.651
53.651
55.7929
53.651
55.7929
53.651
53.651
55.7929
53.651
53.651
55.7929
53.651
53.651
55.7929
53.651
53.651
53.651
55.7929
53.651
53.651
55.7929
53.651
53.651
53.651
53.651
53.651
53.651
55.7929
53.651
53.651
53.651
55.7929
53.651
53.651
53.651
53.651
55.7929
55.7929
53.651
53.651
53.651
53.651
53.651
53.651
55.7929
53.651
53.651
53.651
53.651
53.651
53.651
53.651
55.7929
55.7929
53.651
53.651
53.651
53.651
53.651
53.651
53.651
55.7929
53.651
53.651
53.651
53.651
53.651
53.651
53.651
53.651
53.651
53.651
53.651
53.651
53.651
53.651
53.651
53.651
53.651
53.651
53.651
53.651
53.651
53.651
53.651
53.651
53.651
53.651
53.651
53.651
53.651
53.651
53.651
53.651
53.651
53.651
53.651
53.651
53.651
53.651
53.651
53.651
53.651
53.651
53.651
53.651
53.651
51.5091
53.651
53.651
53.651
53.651
53.651
53.651
53.651
53.651
53.651
53.651
53.651
53.651
53.651
51.5091
53.651
53.651
53.651
53.651
53.651
53.651
53.651
53.651
53.651
53.651
53.651
51.5091
53.651
53.651
53.651
53.651
53.651
53.651
53.651
51.5091
53.651
53.651
53.651
53.651
53.651
53.651
53.651
53.651
53.651
53.651
53.651
51.5091
53.651
53.651
53.651
53.651
51.5091
53.651
53.651
53.651
53.651
51.5091
51.5091
53.651
53.651
53.651
53.651
53.651
51.5091
53.651
53.651
51.5091
51.5091
53.651
53.651
53.651
51.5091
51.5091
53.651
51.5091
53.651
53.651
53.651
51.5091
53.651
53.651
53.651
51.5091
53.651
51.5091
53.651
53.651
53.651
51.5091
53.651
53.651
51.5091
53.651
51.5091
53.651
53.651
51.5091
53.651
53.651
53.651
53.651
53.651
51.5091
53.651
53.651
53.651
53.651
53.651
51.5091
51.5091
53.651
53.651
51.5091
51.5091
51.5091
51.5091
53.651
53.651
51.5091
51.5091
53.651
51.5091
53.651
53.651
53.651
53.651
53.651
51.5091
53.651
53.651
51.5091
53.651
51.5091
51.5091
53.651
51.5091
53.651
51.5091
51.5091
53.651
51.5091
53.651
51.5091
51.5091
53.651
51.5091
53.651
53.651
51.5091
53.651
51.5091
53.651
53.651
53.651
53.651
51.5091
53.651
51.5091
51.5091
53.651
53.651
51.5091
51.5091
53.651
51.5091
53.651
51.5091
51.5091
51.5091
53.651
51.5091
53.651
53.651
53.651
53.651
53.651
53.651
51.5091
51.5091
53.651
53.651
51.5091
53.651
51.5091
51.5091
51.5091
51.5091
51.5091
51.5091
51.5091
51.5091
53.651
51.5091
51.5091
51.5091
51.5091
53.651
53.651
51.5091
51.5091
51.5091
51.5091
51.5091
51.5091
51.5091
51.5091
53.651
51.5091
51.5091
51.5091
51.5091
53.651
51.5091
51.5091
51.5091
53.651
51.5091
51.5091
51.5091
53.651
53.651
51.5091
51.5091
51.5091
51.5091
51.5091
51.5091
53.651
53.651
51.5091
51.5091
53.651
51.5091
51.5091
51.5091
53.651
53.651
53.651
51.5091
51.5091
51.5091
53.651
51.5091
51.5091
51.5091
53.651
51.5091
51.5091
51.5091
51.5091
51.5091
53.651
51.5091
51.5091
51.5091
53.651
51.5091
51.5091
51.5091
53.651
53.651
51.5091
51.5091
51.5091
53.651
51.5091
51.5091
51.5091
53.651
53.651
51.5091
51.5091
51.5091
51.5091
51.5091
51.5091
51.5091
51.5091
53.651
51.5091
51.5091
51.5091
51.5091
51.5091
51.5091
53.651
51.5091
51.5091
51.5091
51.5091
51.5091
51.5091
51.5091
51.5091
51.5091
51.5091
51.5091
51.5091
51.5091
51.5091
51.5091
51.5091
51.5091
51.5091
51.5091
51.5091
51.5091
51.5091
51.5091
51.5091
51.5091
53.651
53.651
51.5091
51.5091
51.5091
53.651
51.5091
51.5091
51.5091
53.651
51.5091
51.5091
51.5091
51.5091
53.651
51.5091
51.5091
51.5091
51.5091
51.5091
51.5091
51.5091
51.5091
51.5091
51.5091
51.5091
51.5091
51.5091
51.5091
51.5091
53.651
51.5091
51.5091
51.5091
51.5091
51.5091
51.5091
51.5091
51.5091
51.5091
51.5091
51.5091
51.5091
53.651
51.5091
51.5091
51.5091
51.5091
53.651
51.5091
51.5091
51.5091
51.5091
51.5091
53.651
51.5091
51.5091
51.5091
51.5091
51.5091
51.5091
51.5091
51.5091
51.5091
0
0
0
0
0
0
0
0
0
0
0
0
0
0
0
0
0
0
0
0
0
0
0
0
0
0
0
0
0
0
0
0
0
0
0
0
0
0
0
0
0
0
0
0
0
0
0
0
0
0
0
0
0
0
0
0
0
0
0
0
0
0
0
0
0
0
0
0
0
0
0
0
0
0
0
0
0
0
0
0
0
0
0
0
0
0
0
0
0
0
0
0
0
0
0
0
0
0
0
0
0
0
0
0
0
0
0
0
0
0
0
0
0
0
0
0
0
0
0
0
0
0
0
0
0
0
0
0
0
0
0
0
0
0
0
0
0
0
0
0
0
0
0
0
0
0
0
0
0
0
0
0
0
0
0
0
0
0
0
0
0
0
0
0
0
0
0
0
0
0
0
0
0
0
0
0
0
0
0
0
0
0
0
0
0
0
0
0
0
0
0
0
0
0
0
0
0
0
0
0
0
0
0
0
0
0
0
0
0
0
0
0
0
0
0
0
0
0
0
0
0
0
0
0
0
0
0
0
0
0
0
0
0
0
0
0
0
0
0
0
0
0
0
0
0
0
0
0
0
0
0
0
0
0
0
0
0
0
0
0
0
0
0
0
0
0
0
0
0
0
0
0
0
0
0
0
0
0
0
0
0
0
0
0
0
0
0
0
0
0
0
0
0
0
0
0
0
0
0
0
0
0
0
0
0
0
0
0
0
0
0
0
0
0
0
0
0
0
0
0
0
0
0
0
0
0
0
0
0
0
0
0
0
0
0
0
0
0
0
0
0
0
0
0
0
0
0
0
0
0
0
0
0
0
0
0
0
0
0
0
0
0
0
0
0
0
0
0
0
0
0
0
0
0
0
0
0
0
0
0
0
0
0
0
0
0
0
0
0
0
0
0
0
0
0
0
0
0
0
0
0
0
0
0
0
0
0
0
0
0
0
0
0
0
0
0
0
0
0
0
0
0
0
0
0
0
0
0
0
0
0
0
0
0
0
0
0
0
0
0
0
0
0
0
0
0
0
0
0
0
0
0
0
0
0
0
0
0
0
0
0
0
0
0
0
0
0
0
0
0
0
0
0
0
0
0
0
0
0
0
0
0
0
0
0
0
0
0
0
0
0
0
0
0
0
0
0
0
0
0
0
0
0
0
0
0
0
0
0
0
0
0
0
0
0
0
0
0
0
0
0
0
0
0
0
0
0
0
0
0
0
0
0
0
0
0
0
0
0
0
0
0
0
0
0
0
0
0
0
0
0
0
0
0
0
0
0
0
0
0
0
0
0
0
0
0
0
0
0
0
0
0
0
0
0
0
0
0
0
0
0
0
0
0
0
0
0
0
0
0
0
0
0
0
0
0
0
0
0
0
0
0
0
0
0
0
0
0
0
0
0
0
0
0
0
0
0
0
0
0
0
0
0
0
0
0
0
0
0
0
0
0
0
0
0
0
0
0
0
0
0
0
0
0
0
0
0
0
0
0
0
0
0
0
0
0
0
0
0
0
0
0
0
0
0
0
0
0
0
0
0
0
0
0
0
0
0
0
0
0
0
0
0
0
0
0
0
0
0
0
0
0
0
0
0
0
0
0
0
0
0
0
0
0
0
0
0
0
0
0
0
0
0
0
0
0
0
0
0
0
0
0
0
0
0
0
0
0
0
0
0
0
0
0
0
0
0
0
0
0
0
0
0
0
0
0
0
0
0
0
0
0
0
0
0
0
0
0
841.398
736.561
107.196
77.2112
77.2112
75.0694
68.644
66.5021
66.5021
64.3603
62.2185
64.3603
64.3603
64.3603
62.2185
62.2185
62.2185
64.3603
62.2185
62.2185
62.2185
60.0766
60.0766
62.2185
62.2185
62.2185
62.2185
60.0766
62.2185
62.2185
62.2185
60.0766
62.2185
60.0766
62.2185
62.2185
60.0766
60.0766
60.0766
60.0766
60.0766
60.0766
60.0766
57.9347
60.0766
57.9347
60.0766
60.0766
57.9347
60.0766
57.9347
57.9347
57.9347
57.9347
57.9347
57.9347
55.7929
55.7929
57.9347
55.7929
55.7929
57.9347
55.7929
57.9347
55.7929
57.9347
57.9347
55.7929
57.9347
55.7929
57.9347
57.9347
55.7929
57.9347
55.7929
55.7929
55.7929
55.7929
55.7929
55.7929
55.7929
55.7929
55.7929
55.7929
55.7929
55.7929
55.7929
55.7929
55.7929
55.7929
55.7929
55.7929
57.9347
55.7929
55.7929
55.7929
55.7929
55.7929
55.7929
55.7929
55.7929
55.7929
53.651
55.7929
55.7929
55.7929
55.7929
55.7929
55.7929
55.7929
55.7929
55.7929
55.7929
55.7929
55.7929
53.651
55.7929
55.7929
55.7929
55.7929
55.7929
55.7929
55.7929
53.651
53.651
55.7929
55.7929
53.651
55.7929
55.7929
53.651
55.7929
55.7929
53.651
53.651
55.7929
55.7929
55.7929
53.651
55.7929
55.7929
55.7929
55.7929
53.651
55.7929
55.7929
53.651
55.7929
55.7929
53.651
55.7929
55.7929
55.7929
53.651
55.7929
53.651
55.7929
53.651
55.7929
55.7929
55.7929
53.651
55.7929
53.651
55.7929
53.651
55.7929
53.651
53.651
55.7929
53.651
55.7929
53.651
55.7929
55.7929
53.651
55.7929
53.651
53.651
55.7929
55.7929
53.651
53.651
53.651
55.7929
53.651
55.7929
53.651
53.651
55.7929
53.651
53.651
55.7929
53.651
53.651
53.651
55.7929
53.651
53.651
55.7929
55.7929
53.651
53.651
53.651
53.651
53.651
53.651
53.651
55.7929
53.651
53.651
53.651
53.651
55.7929
55.7929
53.651
53.651
53.651
53.651
53.651
53.651
53.651
53.651
53.651
53.651
53.651
53.651
53.651
53.651
53.651
53.651
53.651
53.651
53.651
53.651
53.651
53.651
53.651
53.651
53.651
53.651
53.651
53.651
53.651
53.651
53.651
53.651
53.651
53.651
53.651
53.651
53.651
53.651
53.651
53.651
53.651
53.651
53.651
53.651
51.5091
53.651
53.651
53.651
53.651
53.651
51.5091
53.651
53.651
53.651
53.651
53.651
51.5091
53.651
53.651
53.651
51.5091
53.651
53.651
53.651
53.651
51.5091
53.651
53.651
53.651
53.651
51.5091
53.651
53.651
53.651
51.5091
53.651
51.5091
53.651
51.5091
53.651
53.651
51.5091
51.5091
53.651
51.5091
53.651
53.651
53.651
51.5091
51.5091
51.5091
51.5091
51.5091
53.651
53.651
53.651
51.5091
53.651
51.5091
53.651
51.5091
53.651
53.651
53.651
53.651
53.651
51.5091
51.5091
51.5091
51.5091
53.651
53.651
51.5091
51.5091
51.5091
51.5091
51.5091
51.5091
51.5091
51.5091
51.5091
51.5091
51.5091
51.5091
51.5091
51.5091
51.5091
51.5091
53.651
53.651
53.651
53.651
53.651
53.651
53.651
53.651
53.651
53.651
53.651
53.651
53.651
53.651
53.651
53.651
53.651
53.651
51.5091
51.5091
53.651
51.5091
51.5091
51.5091
53.651
51.5091
51.5091
51.5091
51.5091
51.5091
53.651
51.5091
51.5091
51.5091
51.5091
51.5091
53.651
53.651
53.651
53.651
51.5091
53.651
51.5091
53.651
51.5091
51.5091
51.5091
53.651
51.5091
53.651
51.5091
51.5091
53.651
53.651
51.5091
51.5091
51.5091
51.5091
53.651
53.651
51.5091
51.5091
53.651
53.651
53.651
53.651
51.5091
53.651
51.5091
51.5091
51.5091
53.651
53.651
53.651
53.651
51.5091
51.5091
51.5091
51.5091
51.5091
51.5091
51.5091
53.651
51.5091
53.651
53.651
51.5091
51.5091
51.5091
53.651
51.5091
51.5091
51.5091
53.651
51.5091
53.651
51.5091
51.5091
51.5091
53.651
51.5091
51.5091
53.651
51.5091
51.5091
51.5091
53.651
53.651
53.651
53.651
51.5091
51.5091
53.651
51.5091
51.5091
51.5091
53.651
51.5091
51.5091
53.651
51.5091
51.5091
51.5091
51.5091
51.5091
53.651
51.5091
51.5091
51.5091
53.651
51.5091
51.5091
53.651
51.5091
51.5091
51.5091
51.5091
53.651
51.5091
51.5091
53.651
51.5091
51.5091
51.5091
51.5091
53.651
51.5091
51.5091
51.5091
51.5091
51.5091
51.5091
51.5091
51.5091
51.5091
53.651
53.651
51.5091
51.5091
51.5091
51.5091
53.651
51.5091
51.5091
51.5091
51.5091
51.5091
53.651
51.5091
51.5091
51.5091
51.5091
53.651
51.5091
51.5091
51.5091
53.651
51.5091
51.5091
53.651
51.5091
51.5091
51.5091
51.5091
53.651
51.5091
53.651
51.5091
51.5091
51.5091
51.5091
53.651
51.5091
51.5091
53.651
53.651
51.5091
51.5091
53.651
51.5091
51.5091
51.5091
51.5091
53.651
51.5091
51.5091
53.651
51.5091
51.5091
51.5091
51.5091
51.5091
51.5091
51.5091
51.5091
51.5091
51.5091
51.5091
51.5091
51.5091
51.5091
51.5091
51.5091
51.5091
51.5091
51.5091
51.5091
51.5091
51.5091
51.5091
51.5091
51.5091
51.5091
51.5091
51.5091
53.651
51.5091
51.5091
51.5091
51.5091
51.5091
51.5091
51.5091
51.5091
51.5091
51.5091
53.651
53.651
51.5091
51.5091
51.5091
51.5091
51.5091
51.5091
51.5091
53.651
53.651
53.651
53.651
51.5091
51.5091
53.651
53.651
51.5091
51.5091
51.5091
51.5091
53.651
51.5091
53.651
51.5091
51.5091
53.651
51.5091
53.651
53.651
51.5091
51.5091
51.5091
51.5091
53.651
53.651
53.651
53.651
53.651
53.651
53.651
53.651
53.651
53.651
53.651
53.651
53.651
53.651
53.651
53.651
51.5091
51.5091
51.5091
51.5091
51.5091
53.651
51.5091
51.5091
51.5091
51.5091
53.651
53.651
51.5091
51.5091
51.5091
51.5091
51.5091
51.5091
53.651
51.5091
51.5091
51.5091
51.5091
53.651
53.651
51.5091
51.5091
53.651
51.5091
51.5091
51.5091
47.2253
0
0
0
0
0
0
0
0
2.24392
0
0
0
0
0
0
0
0
0
0
0
0
0
0
0
0
0
0
0
0
0
0
0
0
0
0
0
0
0
0
0
0
0
0
0
0
0
0
0
0
0
0
0
0
0
0
0
0
0
0
0
0
0
0
0
0
0
0
0
0
0
0
0
0
0
0
0
0
0
0
0
0
0
0
0
0
0
0
0
0
0
0
0
0
0
0
0
0
2.24392
2.24392
0
0
0
0
0
0
0
0
0
0
0
0
0
0
0
0
0
0
0
0
0
0
0
0
0
0
0
0
0
0
0
0
0
0
0
0
0
0
0
0
0
0
0
0
0
0
0
0
0
0
0
0
0
0
0
0
0
0
0
0
0
0
0
0
0
0
0
0
0
0
0
0
0
0
0
0
0
0
0
0
0
0
0
0
0
0
0
0
0
0
0
0
0
0
0
0
0
0
0
0
0
0
0
0
0
0
0
0
0
0
0
0
0
0
0
0
0
0
0
0
0
0
0
0
0
0
0
0
0
0
0
0
0
0
0
0
0
0
0
0
0
0
0
0
0
0
0
0
0
0
0
0
0
0
0
0
0
0
0
0
0
0
0
0
0
0
0
0
0
0
0
0
0
0
0
0
0
0
0
0
0
0
0
0
0
0
0
0
0
0
0
0
0
0
0
0
0
0
0
0
0
0
0
2.24392
2.24392
0
0
0
0
0
0
0
0
0
0
0
0
0
0
0
0
0
0
0
0
0
0
0
0
0
0
0
0
0
0
0
0
0
0
0
0
0
0
0
0
0
0
0
0
0
0
0
0
0
0
0
0
0
0
0
0
0
0
0
0
0
0
0
0
0
0
0
0
0
0
0
0
0
0
0
0
0
0
0
0
0
0
0
0
0
0
0
0
0
0
0
0
0
0
0
0
0
0
0
0
0
0
0
0
0
0
0
0
0
0
0
0
0
0
0
0
0
0
0
0
0
0
0
0
0
0
0
0
0
0
0
0
0
0
0
0
0
0
0
0
0
0
0
0
0
0
0
0
0
0
0
0
0
0
0
0
0
0
0
0
0
0
0
0
0
0
0
2.24392
0
0
0
0
0
0
0
0
0
0
0
0
0
0
0
0
0
0
0
0
0
0
0
0
0
0
0
0
0
0
0
0
0
0
0
0
0
0
0
0
0
0
0
0
0
0
0
0
0
0
0
0
0
0
0
0
0
0
0
0
0
0
0
0
0
0
0
0
0
0
0
0
0
0
0
0
0
0
0
0
0
0
0
0
0
0
0
0
0
0
0
0
0
0
0
0
0
2.24392
0
0
0
0
0
0
0
0
0
0
0
0
0
0
0
0
0
0
0
0
0
0
0
0
0
0
0
0
0
0
0
0
0
0
0
0
0
0
0
0
0
0
0
0
0
0
0
0
0
0
0
0
0
0
0
0
0
0
0
0
0
0
0
0
0
0
0
0
0
0
0
0
0
0
0
0
0
0
0
0
0
0
0
0
0
0
0
0
0
0
0
0
0
0
0
0
0
0
0
0
0
0
0
0
0
0
0
0
0
0
0
0
0
0
0
0
0
0
0
0
0
0
0
0
0
0
0
0
0
0
2.24392
0
0
0
0
0
0
0
0
0
0
0
0
0
0
0
0
0
0
0
0
0
0
0
0
0
0
0
0
0
0
0
0
0
0
0
0
0
0
0
0
0
0
0
0
0
0
0
0
0
0
0
0
0
0
0
0
0
0
0
0
0
0
772.935
772.935
772.935
772.935
115.763
72.9276
68.644
66.5021
66.5021
64.3603
64.3603
64.3603
64.3603
64.3603
62.2185
62.2185
64.3603
64.3603
62.2185
62.2185
62.2185
62.2185
62.2185
62.2185
62.2185
62.2185
62.2185
62.2185
62.2185
62.2185
62.2185
62.2185
62.2185
62.2185
62.2185
62.2185
62.2185
62.2185
62.2185
60.0766
62.2185
60.0766
60.0766
60.0766
60.0766
60.0766
60.0766
60.0766
60.0766
60.0766
60.0766
60.0766
60.0766
60.0766
60.0766
60.0766
60.0766
60.0766
60.0766
60.0766
60.0766
60.0766
60.0766
60.0766
60.0766
60.0766
60.0766
57.9347
57.9347
57.9347
57.9347
57.9347
55.7929
57.9347
55.7929
55.7929
57.9347
55.7929
55.7929
57.9347
55.7929
55.7929
55.7929
55.7929
55.7929
57.9347
57.9347
57.9347
57.9347
57.9347
57.9347
57.9347
55.7929
57.9347
57.9347
57.9347
55.7929
55.7929
55.7929
53.651
53.651
55.7929
55.7929
55.7929
55.7929
55.7929
55.7929
55.7929
55.7929
55.7929
55.7929
55.7929
55.7929
55.7929
55.7929
55.7929
55.7929
55.7929
55.7929
55.7929
55.7929
55.7929
55.7929
55.7929
55.7929
55.7929
55.7929
55.7929
55.7929
55.7929
55.7929
55.7929
55.7929
55.7929
55.7929
55.7929
55.7929
55.7929
55.7929
55.7929
55.7929
55.7929
53.651
55.7929
55.7929
55.7929
53.651
53.651
53.651
55.7929
55.7929
55.7929
55.7929
53.651
55.7929
55.7929
53.651
53.651
55.7929
53.651
55.7929
55.7929
55.7929
55.7929
55.7929
55.7929
53.651
55.7929
55.7929
55.7929
53.651
55.7929
55.7929
55.7929
53.651
55.7929
55.7929
55.7929
55.7929
55.7929
53.651
55.7929
53.651
53.651
55.7929
53.651
53.651
53.651
53.651
55.7929
53.651
53.651
55.7929
53.651
53.651
53.651
53.651
55.7929
53.651
55.7929
53.651
53.651
53.651
55.7929
53.651
53.651
53.651
53.651
53.651
53.651
53.651
53.651
55.7929
53.651
53.651
53.651
53.651
53.651
53.651
55.7929
55.7929
53.651
53.651
53.651
53.651
53.651
53.651
55.7929
55.7929
53.651
53.651
53.651
53.651
53.651
55.7929
55.7929
55.7929
53.651
53.651
53.651
53.651
53.651
53.651
53.651
55.7929
53.651
53.651
53.651
53.651
53.651
53.651
53.651
53.651
53.651
53.651
53.651
53.651
53.651
53.651
53.651
53.651
53.651
53.651
53.651
53.651
53.651
53.651
53.651
53.651
53.651
53.651
53.651
53.651
53.651
53.651
53.651
53.651
53.651
53.651
53.651
53.651
53.651
53.651
53.651
53.651
53.651
51.5091
53.651
53.651
53.651
53.651
53.651
53.651
53.651
53.651
53.651
53.651
53.651
53.651
53.651
53.651
53.651
53.651
53.651
53.651
51.5091
53.651
51.5091
51.5091
53.651
53.651
53.651
51.5091
53.651
53.651
53.651
51.5091
51.5091
53.651
51.5091
53.651
51.5091
53.651
53.651
51.5091
53.651
53.651
51.5091
53.651
53.651
51.5091
51.5091
53.651
53.651
53.651
51.5091
51.5091
51.5091
53.651
53.651
51.5091
53.651
51.5091
51.5091
51.5091
51.5091
53.651
51.5091
53.651
53.651
53.651
53.651
51.5091
53.651
53.651
51.5091
53.651
53.651
51.5091
53.651
51.5091
53.651
51.5091
51.5091
53.651
53.651
51.5091
51.5091
51.5091
51.5091
51.5091
51.5091
51.5091
53.651
51.5091
51.5091
51.5091
53.651
53.651
51.5091
51.5091
51.5091
51.5091
53.651
51.5091
53.651
51.5091
51.5091
51.5091
53.651
51.5091
53.651
51.5091
51.5091
51.5091
51.5091
51.5091
51.5091
53.651
53.651
51.5091
51.5091
51.5091
51.5091
53.651
53.651
51.5091
51.5091
53.651
51.5091
53.651
51.5091
51.5091
51.5091
53.651
51.5091
53.651
51.5091
51.5091
51.5091
53.651
51.5091
53.651
51.5091
51.5091
51.5091
51.5091
53.651
51.5091
51.5091
51.5091
51.5091
51.5091
51.5091
51.5091
51.5091
53.651
51.5091
51.5091
51.5091
51.5091
53.651
51.5091
51.5091
51.5091
51.5091
51.5091
53.651
51.5091
51.5091
51.5091
53.651
53.651
51.5091
51.5091
51.5091
53.651
51.5091
51.5091
51.5091
51.5091
51.5091
51.5091
51.5091
51.5091
51.5091
51.5091
53.651
51.5091
51.5091
51.5091
51.5091
53.651
51.5091
51.5091
51.5091
51.5091
53.651
53.651
53.651
51.5091
51.5091
51.5091
51.5091
53.651
51.5091
51.5091
51.5091
51.5091
51.5091
51.5091
51.5091
51.5091
51.5091
51.5091
51.5091
51.5091
51.5091
53.651
51.5091
51.5091
51.5091
51.5091
53.651
51.5091
51.5091
51.5091
51.5091
53.651
51.5091
51.5091
51.5091
53.651
53.651
51.5091
51.5091
51.5091
53.651
51.5091
51.5091
51.5091
51.5091
51.5091
51.5091
53.651
53.651
51.5091
51.5091
51.5091
51.5091
51.5091
51.5091
53.651
51.5091
51.5091
51.5091
51.5091
53.651
53.651
51.5091
51.5091
51.5091
51.5091
53.651
53.651
51.5091
51.5091
51.5091
51.5091
53.651
51.5091
51.5091
51.5091
51.5091
51.5091
53.651
53.651
51.5091
51.5091
51.5091
51.5091
51.5091
53.651
53.651
51.5091
51.5091
51.5091
51.5091
51.5091
51.5091
51.5091
51.5091
51.5091
51.5091
51.5091
53.651
51.5091
51.5091
51.5091
51.5091
51.5091
51.5091
53.651
53.651
51.5091
51.5091
51.5091
51.5091
51.5091
51.5091
51.5091
51.5091
51.5091
51.5091
51.5091
51.5091
53.651
51.5091
51.5091
51.5091
51.5091
51.5091
51.5091
51.5091
51.5091
51.5091
51.5091
53.651
51.5091
51.5091
51.5091
51.5091
51.5091
51.5091
51.5091
51.5091
51.5091
51.5091
51.5091
53.651
51.5091
51.5091
51.5091
51.5091
51.5091
51.5091
51.5091
51.5091
51.5091
51.5091
51.5091
51.5091
51.5091
51.5091
51.5091
51.5091
51.5091
51.5091
51.5091
51.5091
51.5091
51.5091
51.5091
51.5091
51.5091
51.5091
51.5091
53.651
51.5091
51.5091
51.5091
51.5091
51.5091
51.5091
51.5091
51.5091
51.5091
51.5091
51.5091
51.5091
51.5091
51.5091
51.5091
51.5091
51.5091
51.5091
51.5091
51.5091
51.5091
51.5091
51.5091
51.5091
51.5091
51.5091
51.5091
8.67002
8.67002
0
0
0
0
0
0
0
0
0
0
0
0
0
0
0
0
0
0
0
0
0
0
0
0
0
0
0
0
0
0
0
0
0
0
0
0
0
0
0
0
0
0
0
0
0
0
0
0
0
0
0
0
0
0
0
0
0
0
0
0
0
0
0
0
0
0
0
0
0
0
0
0
0
0
0
0
0
0
0
0
0
0
0
0
0
0
0
0
0
0
0
0
0
0
0
0
0
0
0
0
0
0
0
0
0
0
0
0
0
0
0
0
0
0
0
0
0
0
0
0
0
0
0
0
0
0
0
0
0
0
0
0
0
0
0
0
0
0
0
0
0
0
0
0
0
0
0
0
0
0
0
0
0
0
0
0
0
0
0
0
0
0
0
0
0
0
0
0
0
0
0
0
0
0
0
0
0
0
0
0
0
0
0
0
0
0
0
0
0
0
0
0
0
0
0
0
0
0
0
0
0
0
0
0
0
0
0
0
0
0
0
0
0
0
0
0
0
0
0
0
0
0
0
0
0
0
0
0
0
0
0
0
0
0
0
0
0
0
0
0
0
0
0
0
0
0
0
0
0
0
0
0
0
0
0
0
0
0
0
0
0
0
0
0
0
0
0
0
0
0
0
0
0
0
0
0
0
0
0
0
0
0
0
0
0
0
0
0
0
0
0
0
0
0
0
0
0
0
0
0
0
0
0
0
0
0
0
0
0
0
0
0
0
0
0
0
0
0
0
0
0
0
0
0
0
0
0
0
0
0
0
0
0
0
0
0
0
0
0
0
0
0
0
0
0
0
0
0
0
0
0
0
0
0
0
0
0
0
0
0
0
0
0
0
0
0
0
0
0
0
0
0
0
0
0
0
0
0
0
0
0
0
0
0
0
0
0
0
0
0
0
0
0
0
0
0
0
0
0
0
0
0
0
0
0
0
0
0
0
0
0
0
0
0
0
0
0
0
0
0
0
0
0
0
0
0
0
0
0
0
0
0
0
0
0
0
0
0
0
0
0
0
0
0
0
0
0
0
0
0
0
0
0
0
0
0
0
0
0
0
0
0
0
0
0
0
0
0
0
0
0
0
0
0
0
0
0
0
0
0
0
0
0
0
0
0
0
0
0
0
0
0
0
0
0
0
0
0
0
0
0
0
0
0
0
0
0
0
0
0
0
0
0
0
0
0
0
0
0
0
0
0
0
0
0
0
0
0
0
0
0
0
0
0
0
0
0
0
0
0
0
0
0
0
0
0
0
0
0
0
0
0
0
0
0
0
0
0
0
0
0
0
0
0
0
0
0
0
0
0
0
0
0
0
0
0
0
0
0
0
0
0
0
0
0
0
0
0
0
0
0
0
0
0
0
0
0
0
0
0
0
0
0
0
0
0
0
0
0
0
0
0
0
0
0
0
0
0
0
0
0
0
0
0
0
0
0
0
0
0
0
0
0
0
0
0
0
0
0
0
0
0
0
0
0
0
0
0
0
0
0
0
0
0
0
0
0
0
0
0
0
0
0
0
0
0
0
0
0
0
0
0
0
0
0
0
0
0
0
0
0
0
0
0
0
0
0
0
0
0
0
0
0
0
0
0
0
0
0
0
0
0
0
0
0
0
0
0
0
0
0
0
0
0
0
0
0
0
0
0
0
0
0
0
0
0
0
0
0
0
0
0
0
0
0
0
0
0
0
0
0
0
0
0
0
0
0
0
0
0
0
0
0
0
0
0
0
0
0
0
725.863
807.167
141.462
141.462
81.4948
75.0694
66.5021
66.5021
66.5021
66.5021
66.5021
66.5021
64.3603
62.2185
64.3603
64.3603
64.3603
64.3603
62.2185
62.2185
62.2185
62.2185
62.2185
64.3603
62.2185
60.0766
62.2185
62.2185
62.2185
62.2185
62.2185
62.2185
62.2185
60.0766
60.0766
60.0766
60.0766
60.0766
60.0766
60.0766
60.0766
60.0766
60.0766
60.0766
60.0766
60.0766
60.0766
60.0766
60.0766
60.0766
60.0766
60.0766
60.0766
60.0766
60.0766
60.0766
60.0766
60.0766
60.0766
60.0766
60.0766
60.0766
60.0766
60.0766
60.0766
60.0766
57.9347
55.7929
57.9347
57.9347
57.9347
57.9347
57.9347
57.9347
57.9347
57.9347
57.9347
55.7929
57.9347
57.9347
55.7929
57.9347
57.9347
55.7929
55.7929
55.7929
55.7929
57.9347
57.9347
55.7929
55.7929
57.9347
55.7929
55.7929
55.7929
55.7929
57.9347
55.7929
55.7929
55.7929
57.9347
55.7929
55.7929
55.7929
55.7929
55.7929
55.7929
57.9347
55.7929
55.7929
55.7929
55.7929
55.7929
57.9347
55.7929
55.7929
55.7929
55.7929
55.7929
57.9347
55.7929
55.7929
55.7929
55.7929
55.7929
55.7929
55.7929
55.7929
55.7929
55.7929
55.7929
53.651
55.7929
55.7929
55.7929
55.7929
55.7929
55.7929
55.7929
55.7929
55.7929
55.7929
55.7929
55.7929
55.7929
55.7929
55.7929
55.7929
55.7929
55.7929
55.7929
55.7929
55.7929
55.7929
53.651
55.7929
55.7929
55.7929
55.7929
53.651
55.7929
53.651
55.7929
55.7929
53.651
53.651
55.7929
55.7929
55.7929
55.7929
53.651
55.7929
55.7929
55.7929
53.651
55.7929
55.7929
55.7929
55.7929
55.7929
55.7929
55.7929
53.651
53.651
55.7929
55.7929
53.651
53.651
55.7929
55.7929
55.7929
53.651
55.7929
55.7929
53.651
55.7929
53.651
53.651
53.651
55.7929
55.7929
55.7929
53.651
55.7929
55.7929
53.651
53.651
53.651
53.651
55.7929
53.651
55.7929
55.7929
53.651
53.651
53.651
53.651
55.7929
55.7929
53.651
53.651
55.7929
55.7929
53.651
53.651
53.651
53.651
53.651
55.7929
55.7929
53.651
53.651
53.651
53.651
53.651
53.651
53.651
53.651
53.651
55.7929
53.651
53.651
53.651
53.651
53.651
53.651
53.651
53.651
53.651
53.651
53.651
53.651
53.651
53.651
53.651
53.651
53.651
55.7929
53.651
53.651
53.651
53.651
53.651
53.651
53.651
53.651
53.651
53.651
53.651
53.651
53.651
53.651
53.651
53.651
53.651
53.651
53.651
53.651
53.651
53.651
53.651
53.651
53.651
53.651
53.651
53.651
53.651
53.651
53.651
53.651
53.651
53.651
53.651
53.651
53.651
53.651
53.651
53.651
53.651
53.651
53.651
53.651
53.651
53.651
53.651
53.651
53.651
53.651
53.651
53.651
53.651
53.651
53.651
53.651
53.651
53.651
53.651
51.5091
53.651
53.651
53.651
53.651
53.651
53.651
53.651
53.651
51.5091
53.651
53.651
53.651
53.651
51.5091
53.651
53.651
53.651
53.651
53.651
53.651
53.651
53.651
53.651
53.651
53.651
51.5091
53.651
53.651
53.651
53.651
51.5091
51.5091
53.651
53.651
53.651
51.5091
53.651
53.651
53.651
53.651
51.5091
53.651
53.651
51.5091
53.651
53.651
53.651
53.651
51.5091
53.651
53.651
51.5091
51.5091
53.651
53.651
51.5091
53.651
53.651
53.651
53.651
51.5091
53.651
51.5091
53.651
53.651
53.651
53.651
51.5091
53.651
51.5091
53.651
53.651
53.651
51.5091
53.651
51.5091
53.651
53.651
51.5091
51.5091
53.651
51.5091
53.651
51.5091
51.5091
53.651
53.651
51.5091
53.651
51.5091
53.651
53.651
53.651
51.5091
53.651
53.651
53.651
53.651
53.651
51.5091
53.651
53.651
53.651
53.651
51.5091
51.5091
53.651
51.5091
53.651
51.5091
53.651
51.5091
51.5091
53.651
53.651
51.5091
51.5091
53.651
53.651
53.651
51.5091
53.651
51.5091
53.651
53.651
51.5091
53.651
51.5091
53.651
53.651
53.651
51.5091
53.651
53.651
53.651
53.651
51.5091
51.5091
53.651
53.651
53.651
51.5091
53.651
53.651
53.651
51.5091
53.651
51.5091
53.651
51.5091
51.5091
53.651
53.651
53.651
53.651
51.5091
51.5091
53.651
51.5091
53.651
51.5091
53.651
51.5091
51.5091
53.651
53.651
53.651
51.5091
51.5091
51.5091
51.5091
51.5091
53.651
51.5091
51.5091
53.651
51.5091
51.5091
53.651
51.5091
51.5091
53.651
53.651
53.651
51.5091
53.651
53.651
51.5091
53.651
53.651
51.5091
53.651
53.651
53.651
51.5091
51.5091
53.651
51.5091
53.651
51.5091
53.651
53.651
51.5091
53.651
51.5091
53.651
51.5091
53.651
53.651
51.5091
53.651
53.651
51.5091
53.651
51.5091
51.5091
53.651
51.5091
53.651
51.5091
53.651
51.5091
51.5091
53.651
51.5091
51.5091
51.5091
53.651
51.5091
51.5091
53.651
51.5091
51.5091
53.651
51.5091
51.5091
51.5091
53.651
51.5091
51.5091
53.651
51.5091
53.651
53.651
51.5091
51.5091
51.5091
53.651
51.5091
51.5091
53.651
51.5091
51.5091
53.651
51.5091
51.5091
51.5091
53.651
51.5091
51.5091
53.651
51.5091
51.5091
51.5091
53.651
53.651
51.5091
53.651
51.5091
51.5091
51.5091
53.651
53.651
51.5091
51.5091
53.651
53.651
51.5091
51.5091
51.5091
51.5091
53.651
53.651
51.5091
51.5091
53.651
51.5091
53.651
51.5091
53.651
53.651
51.5091
51.5091
51.5091
53.651
51.5091
51.5091
51.5091
53.651
51.5091
53.651
53.651
51.5091
51.5091
53.651
53.651
51.5091
51.5091
51.5091
53.651
51.5091
51.5091
53.651
51.5091
51.5091
51.5091
53.651
51.5091
53.651
51.5091
53.651
53.651
51.5091
51.5091
51.5091
51.5091
53.651
51.5091
51.5091
51.5091
53.651
51.5091
53.651
51.5091
51.5091
51.5091
51.5091
53.651
51.5091
53.651
51.5091
51.5091
51.5091
51.5091
53.651
53.651
51.5091
51.5091
51.5091
51.5091
51.5091
51.5091
51.5091
51.5091
51.5091
51.5091
51.5091
51.5091
51.5091
51.5091
51.5091
51.5091
51.5091
51.5091
51.5091
51.5091
51.5091
51.5091
51.5091
53.651
51.5091
53.651
51.5091
53.651
51.5091
53.651
53.651
51.5091
51.5091
53.651
51.5091
51.5091
51.5091
53.651
51.5091
51.5091
53.651
53.651
51.5091
51.5091
53.651
51.5091
53.651
51.5091
53.651
51.5091
51.5091
53.651
53.651
51.5091
51.5091
51.5091
53.651
51.5091
51.5091
51.5091
51.5091
53.651
53.651
53.651
53.651
51.5091
51.5091
53.651
53.651
53.651
51.5091
51.5091
53.651
51.5091
51.5091
53.651
53.651
51.5091
51.5091
53.651
51.5091
53.651
53.651
53.651
51.5091
53.651
53.651
51.5091
51.5091
53.651
51.5091
51.5091
51.5091
53.651
51.5091
51.5091
51.5091
53.651
51.5091
53.651
51.5091
51.5091
53.651
53.651
53.651
51.5091
51.5091
51.5091
51.5091
53.651
51.5091
51.5091
51.5091
51.5091
51.5091
51.5091
51.5091
51.5091
51.5091
51.5091
51.5091
51.5091
51.5091
53.651
51.5091
6.528
0
0
0
0
0
0
0
0
0
0
0
0
0
0
0
0
0
0
0
0
0
0
0
0
0
0
0
0
0
0
0
0
0
0
0
0
0
0
0
0
0
0
0
0
0
0
0
0
0
0
0
0
0
0
0
0
0
0
0
0
0
0
0
0
0
0
0
0
0
0
0
0
0
0
0
0
0
0
0
0
0
0
0
0
0
0
0
0
0
0
0
0
0
0
0
0
0
0
0
0
0
0
0
0
0
0
0
0
0
0
0
0
0
0
0
0
0
0
0
0
0
0
0
0
0
0
0
0
0
0
0
0
0
0
0
0
0
0
0
0
0
0
0
0
0
0
0
0
0
0
0
0
0
0
0
0
0
0
0
2.24392
0
0
0
0
0
0
0
0
0
0
0
0
0
0
0
0
0
0
0
0
0
0
0
0
0
0
0
0
0
0
0
0
0
0
0
0
0
0
0
0
0
0
0
0
0
0
0
0
0
0
0
0
0
0
0
0
0
0
0
0
0
0
0
0
0
0
0
0
0
0
0
0
0
0
0
0
0
0
0
0
0
0
0
0
0
0
0
0
0
0
0
0
0
0
0
0
0
0
0
0
0
0
0
0
2.24392
0
0
0
0
0
0
0
0
0
0
0
0
0
0
0
0
0
0
0
0
0
0
0
0
0
0
0
0
0
0
0
0
0
0
0
0
0
0
0
0
0
0
0
0
0
0
0
0
0
0
0
0
0
0
0
0
0
0
0
0
0
0
0
0
0
0
0
0
0
0
0
0
0
0
0
0
0
0
0
0
0
0
0
0
0
0
0
0
0
0
0
0
0
0
0
0
0
0
2.24392
0
0
0
0
0
0
0
0
0
0
0
0
0
0
0
0
0
0
0
0
0
0
0
0
0
0
0
0
0
0
0
0
0
0
0
0
0
0
0
0
0
0
0
0
0
0
0
0
0
0
0
0
0
0
0
0
0
0
0
0
0
0
0
0
0
0
0
0
0
0
0
0
0
0
0
0
0
0
0
0
0
0
0
0
0
0
0
0
0
0
0
0
0
0
0
0
0
0
0
0
0
0
0
0
0
0
0
0
0
0
0
0
0
0
0
0
0
0
0
0
0
0
0
0
0
0
0
2.24392
0
0
0
0
0
0
0
0
0
0
0
0
0
0
0
0
0
0
0
0
0
0
0
0
0
0
0
0
0
0
0
0
0
0
0
0
0
0
0
0
0
0
0
0
0
0
0
0
0
0
0
0
0
0
0
0
0
0
0
0
0
0
0
0
0
0
0
0
0
0
0
0
0
0
0
0
0
0
0
0
0
0
0
0
0
0
0
0
0
0
0
0
0
0
0
0
0
0
0
0
0
0
0
0
0
0
0
0
0
0
0
0
0
0
0
2.24392
0
0
0
0
0
0
0
0
0
0
0
0
0
0
0
0
0
0
0
0
0
0
0
0
0
0
0
0
0
0
0
0
0
0
0
0
0
0
0
0
0
0
0
0
0
0
0
0
0
0
0
0
0
0
0
0
0
0
0
0
0
0
0
0
0
0
0
0
0
0
0
0
0
0
0
0
0
0
0
0
0
0
0
0
0
0
0
0
0
0
0
0
0
0
0
0
0
0
0
0
0
0
0
0
0
0
0
0
0
0
0
0
0
0
0
0
0
0
0
0
0
2.24392
0
0
0
0
0
0
0
0
0
0
0
0
0
0
0
0
0
0
0
0
64.3603
929.106
593.187
90.0619
72.9276
70.7858
66.5021
66.5021
64.3603
64.3603
64.3603
62.2185
64.3603
62.2185
62.2185
64.3603
62.2185
62.2185
62.2185
64.3603
62.2185
62.2185
64.3603
64.3603
64.3603
62.2185
62.2185
60.0766
62.2185
62.2185
62.2185
62.2185
62.2185
62.2185
62.2185
62.2185
60.0766
62.2185
62.2185
60.0766
60.0766
60.0766
60.0766
60.0766
60.0766
60.0766
60.0766
60.0766
60.0766
57.9347
60.0766
57.9347
57.9347
60.0766
57.9347
60.0766
57.9347
55.7929
55.7929
57.9347
57.9347
55.7929
60.0766
57.9347
55.7929
55.7929
57.9347
57.9347
55.7929
57.9347
55.7929
57.9347
55.7929
57.9347
55.7929
57.9347
57.9347
55.7929
55.7929
57.9347
55.7929
55.7929
55.7929
55.7929
55.7929
55.7929
55.7929
57.9347
55.7929
55.7929
57.9347
55.7929
55.7929
57.9347
55.7929
55.7929
55.7929
55.7929
55.7929
55.7929
57.9347
55.7929
55.7929
55.7929
55.7929
55.7929
55.7929
55.7929
55.7929
55.7929
55.7929
55.7929
55.7929
55.7929
55.7929
55.7929
57.9347
55.7929
55.7929
55.7929
55.7929
55.7929
55.7929
55.7929
55.7929
55.7929
55.7929
55.7929
55.7929
55.7929
55.7929
55.7929
55.7929
55.7929
55.7929
55.7929
55.7929
55.7929
55.7929
55.7929
55.7929
55.7929
55.7929
55.7929
55.7929
55.7929
55.7929
55.7929
55.7929
55.7929
55.7929
53.651
55.7929
55.7929
55.7929
55.7929
55.7929
55.7929
53.651
55.7929
55.7929
53.651
55.7929
53.651
55.7929
55.7929
53.651
53.651
55.7929
55.7929
55.7929
55.7929
55.7929
53.651
55.7929
55.7929
55.7929
55.7929
53.651
55.7929
55.7929
55.7929
53.651
55.7929
53.651
55.7929
53.651
53.651
55.7929
53.651
53.651
55.7929
55.7929
53.651
55.7929
53.651
53.651
55.7929
55.7929
53.651
55.7929
53.651
53.651
53.651
53.651
55.7929
53.651
53.651
53.651
55.7929
53.651
53.651
55.7929
53.651
53.651
53.651
53.651
53.651
55.7929
53.651
53.651
53.651
53.651
53.651
53.651
53.651
53.651
53.651
53.651
55.7929
53.651
53.651
53.651
53.651
53.651
53.651
53.651
53.651
53.651
53.651
55.7929
53.651
53.651
53.651
53.651
53.651
53.651
53.651
53.651
53.651
53.651
51.5091
53.651
53.651
53.651
53.651
53.651
53.651
53.651
53.651
53.651
53.651
51.5091
53.651
53.651
53.651
53.651
53.651
53.651
51.5091
53.651
53.651
53.651
53.651
53.651
51.5091
53.651
53.651
51.5091
53.651
53.651
53.651
53.651
51.5091
53.651
53.651
53.651
53.651
53.651
53.651
53.651
51.5091
51.5091
51.5091
53.651
51.5091
53.651
53.651
53.651
51.5091
53.651
51.5091
53.651
53.651
53.651
51.5091
51.5091
53.651
53.651
53.651
53.651
51.5091
53.651
53.651
53.651
53.651
53.651
51.5091
53.651
53.651
51.5091
51.5091
53.651
53.651
51.5091
53.651
53.651
53.651
51.5091
53.651
51.5091
53.651
53.651
53.651
51.5091
53.651
51.5091
53.651
51.5091
53.651
53.651
51.5091
53.651
53.651
51.5091
53.651
53.651
51.5091
53.651
53.651
51.5091
53.651
53.651
51.5091
53.651
53.651
53.651
51.5091
53.651
51.5091
51.5091
53.651
53.651
51.5091
53.651
53.651
51.5091
53.651
51.5091
53.651
53.651
53.651
53.651
53.651
53.651
51.5091
51.5091
53.651
51.5091
53.651
53.651
51.5091
53.651
51.5091
53.651
51.5091
53.651
51.5091
53.651
53.651
51.5091
53.651
51.5091
51.5091
51.5091
53.651
51.5091
53.651
53.651
51.5091
53.651
51.5091
53.651
53.651
51.5091
53.651
51.5091
53.651
51.5091
51.5091
53.651
51.5091
53.651
51.5091
51.5091
53.651
51.5091
51.5091
53.651
51.5091
51.5091
53.651
51.5091
51.5091
51.5091
53.651
51.5091
53.651
53.651
51.5091
51.5091
53.651
53.651
51.5091
53.651
51.5091
53.651
51.5091
51.5091
53.651
51.5091
53.651
51.5091
53.651
51.5091
53.651
51.5091
53.651
51.5091
51.5091
51.5091
53.651
51.5091
53.651
51.5091
53.651
51.5091
51.5091
53.651
51.5091
51.5091
51.5091
53.651
51.5091
53.651
51.5091
51.5091
53.651
51.5091
53.651
53.651
51.5091
51.5091
51.5091
51.5091
53.651
51.5091
51.5091
53.651
53.651
51.5091
51.5091
53.651
51.5091
53.651
51.5091
51.5091
51.5091
53.651
53.651
51.5091
51.5091
53.651
53.651
51.5091
51.5091
53.651
53.651
51.5091
51.5091
53.651
53.651
51.5091
51.5091
53.651
51.5091
53.651
51.5091
51.5091
51.5091
53.651
53.651
51.5091
51.5091
51.5091
53.651
51.5091
51.5091
53.651
51.5091
51.5091
53.651
51.5091
51.5091
51.5091
51.5091
53.651
51.5091
53.651
51.5091
51.5091
51.5091
51.5091
53.651
51.5091
51.5091
53.651
51.5091
53.651
51.5091
51.5091
53.651
53.651
51.5091
51.5091
53.651
51.5091
53.651
51.5091
51.5091
51.5091
51.5091
53.651
51.5091
51.5091
51.5091
51.5091
51.5091
51.5091
53.651
51.5091
53.651
51.5091
51.5091
51.5091
53.651
53.651
51.5091
51.5091
53.651
51.5091
53.651
51.5091
51.5091
51.5091
53.651
53.651
51.5091
51.5091
53.651
51.5091
51.5091
51.5091
51.5091
53.651
51.5091
51.5091
51.5091
51.5091
53.651
51.5091
51.5091
53.651
51.5091
53.651
51.5091
51.5091
51.5091
51.5091
53.651
51.5091
51.5091
53.651
51.5091
51.5091
51.5091
53.651
53.651
51.5091
51.5091
51.5091
53.651
51.5091
51.5091
53.651
51.5091
51.5091
51.5091
51.5091
51.5091
51.5091
51.5091
53.651
51.5091
51.5091
51.5091
51.5091
53.651
51.5091
51.5091
53.651
51.5091
51.5091
51.5091
53.651
53.651
51.5091
51.5091
51.5091
53.651
51.5091
51.5091
51.5091
51.5091
51.5091
51.5091
51.5091
51.5091
51.5091
51.5091
53.651
51.5091
51.5091
51.5091
53.651
53.651
53.651
51.5091
51.5091
53.651
53.651
53.651
51.5091
51.5091
51.5091
51.5091
51.5091
51.5091
51.5091
51.5091
53.651
51.5091
51.5091
51.5091
51.5091
51.5091
51.5091
53.651
51.5091
51.5091
51.5091
51.5091
51.5091
53.651
51.5091
51.5091
51.5091
51.5091
51.5091
53.651
51.5091
51.5091
53.651
51.5091
51.5091
51.5091
51.5091
51.5091
53.651
51.5091
51.5091
51.5091
51.5091
51.5091
51.5091
53.651
51.5091
51.5091
51.5091
51.5091
53.651
51.5091
51.5091
51.5091
51.5091
51.5091
51.5091
53.651
51.5091
51.5091
51.5091
51.5091
51.5091
53.651
53.651
51.5091
51.5091
51.5091
51.5091
51.5091
53.651
51.5091
51.5091
51.5091
51.5091
51.5091
53.651
53.651
51.5091
51.5091
51.5091
51.5091
51.5091
51.5091
53.651
51.5091
51.5091
51.5091
51.5091
51.5091
51.5091
51.5091
53.651
51.5091
51.5091
51.5091
51.5091
51.5091
51.5091
51.5091
53.651
51.5091
51.5091
51.5091
51.5091
51.5091
51.5091
51.5091
53.651
51.5091
51.5091
51.5091
51.5091
51.5091
53.651
51.5091
51.5091
51.5091
51.5091
51.5091
51.5091
51.5091
51.5091
51.5091
51.5091
51.5091
51.5091
51.5091
51.5091
51.5091
53.651
51.5091
51.5091
51.5091
53.651
51.5091
51.5091
51.5091
53.651
53.651
51.5091
51.5091
53.651
51.5091
53.651
51.5091
51.5091
53.651
51.5091
51.5091
51.5091
53.651
51.5091
53.651
51.5091
51.5091
42.9415
0
0
0
0
0
0
0
0
0
0
0
0
0
0
0
0
0
0
0
0
0
0
0
0
0
0
0
0
0
0
0
0
0
0
0
0
0
0
0
0
0
0
0
0
0
0
0
0
0
0
2.24392
0
0
0
0
0
0
0
0
0
0
0
0
0
0
0
0
0
0
0
0
0
0
0
0
0
0
0
0
0
0
0
0
0
0
0
0
0
0
0
0
0
0
0
0
0
0
0
0
0
0
0
0
0
0
0
0
0
0
0
0
0
0
0
0
0
0
0
0
0
0
0
0
0
0
0
0
0
0
0
0
0
0
0
0
0
0
0
0
0
0
0
0
0
0
0
0
0
0
0
0
0
0
0
0
0
0
0
0
0
0
0
0
0
0
0
0
0
0
0
0
0
0
0
0
0
0
0
0
0
0
0
0
0
0
0
0
0
0
0
0
0
0
0
0
0
0
0
0
0
0
0
0
0
0
0
0
0
0
0
0
0
0
0
0
0
0
0
0
0
0
0
0
0
0
0
0
0
0
0
0
0
0
0
0
0
0
0
0
0
0
0
0
0
0
0
0
0
0
0
0
0
0
0
0
0
0
0
0
0
0
0
0
0
0
0
0
0
0
0
0
0
0
0
0
0
0
0
0
0
0
0
0
0
0
0
0
0
0
0
0
0
0
0
0
0
0
0
0
0
0
0
0
0
0
0
0
0
0
0
0
0
0
0
0
0
0
0
0
0
0
0
0
0
0
0
0
0
0
0
0
0
0
0
0
0
0
0
0
0
0
0
0
0
0
0
0
0
0
0
0
0
0
0
0
0
0
0
0
0
0
0
0
0
0
0
0
0
0
0
0
0
0
0
0
0
0
0
0
0
0
0
0
0
0
0
0
0
0
0
0
0
0
0
0
0
0
0
0
0
0
0
0
0
0
0
0
0
0
0
0
0
0
0
0
0
0
0
0
0
0
0
0
0
0
0
0
0
0
0
0
0
0
0
0
0
0
0
0
0
0
0
0
0
0
0
0
0
0
0
0
0
0
0
0
0
0
0
0
0
0
0
0
0
0
0
0
0
0
0
0
0
0
0
0
0
0
0
0
0
0
0
0
0
0
0
0
0
0
0
0
0
0
0
0
0
0
0
0
0
0
0
0
0
0
0
0
0
0
0
0
0
0
0
0
0
0
0
0
0
0
0
0
0
0
0
0
0
0
0
0
0
0
0
0
0
0
0
0
0
0
0
0
0
0
0
0
0
0
0
0
0
0
0
0
0
0
0
0
0
0
0
0
0
0
0
0
0
0
0
0
0
0
0
0
0
0
0
0
0
0
0
0
0
0
0
0
0
0
0
0
0
0
0
0
0
0
0
0
0
0
0
0
0
0
0
0
0
0
0
0
0
0
0
0
0
0
0
0
0
0
0
0
0
0
0
0
0
0
0
0
0
0
0
0
0
0
0
0
0
0
0
0
0
0
0
0
0
0
0
0
0
0
0
0
0
0
0
0
0
0
0
0
0
0
0
0
0
0
0
0
0
0
0
0
0
0
0
0
0
0
0
0
0
0
0
0
0
0
0
0
0
0
0
0
0
0
0
0
0
0
0
0
0
0
0
0
0
0
0
0
0
0
0
0
0
0
0
0
0
0
0
0
0
0
0
0
0
0
0
0
0
0
0
0
0
0
0
0
0
0
0
0
0
0
0
0
0
0
0
0
0
0
0
0
0
0
0
0
0
0
0
0
267.805
879.905
466.906
85.7784
77.2112
72.9276
72.9276
68.644
66.5021
66.5021
64.3603
64.3603
64.3603
62.2185
64.3603
62.2185
64.3603
62.2185
64.3603
62.2185
62.2185
62.2185
64.3603
62.2185
62.2185
62.2185
62.2185
62.2185
62.2185
62.2185
62.2185
62.2185
62.2185
62.2185
62.2185
60.0766
62.2185
60.0766
62.2185
60.0766
62.2185
60.0766
62.2185
60.0766
60.0766
62.2185
57.9347
60.0766
60.0766
60.0766
57.9347
60.0766
57.9347
57.9347
60.0766
57.9347
57.9347
60.0766
55.7929
57.9347
57.9347
57.9347
55.7929
60.0766
57.9347
57.9347
57.9347
55.7929
57.9347
57.9347
57.9347
55.7929
57.9347
57.9347
55.7929
57.9347
55.7929
57.9347
55.7929
55.7929
55.7929
55.7929
55.7929
57.9347
55.7929
55.7929
55.7929
57.9347
55.7929
55.7929
57.9347
55.7929
55.7929
55.7929
55.7929
57.9347
55.7929
55.7929
55.7929
55.7929
55.7929
55.7929
55.7929
55.7929
55.7929
57.9347
55.7929
55.7929
55.7929
55.7929
55.7929
55.7929
55.7929
55.7929
57.9347
55.7929
55.7929
55.7929
55.7929
55.7929
55.7929
55.7929
55.7929
55.7929
55.7929
55.7929
55.7929
55.7929
55.7929
55.7929
55.7929
55.7929
55.7929
55.7929
55.7929
55.7929
55.7929
55.7929
55.7929
55.7929
55.7929
55.7929
55.7929
53.651
55.7929
55.7929
55.7929
55.7929
55.7929
55.7929
55.7929
53.651
55.7929
55.7929
55.7929
55.7929
53.651
55.7929
55.7929
55.7929
53.651
55.7929
55.7929
55.7929
53.651
55.7929
55.7929
55.7929
53.651
55.7929
55.7929
55.7929
53.651
55.7929
55.7929
53.651
55.7929
53.651
55.7929
55.7929
53.651
55.7929
53.651
55.7929
53.651
55.7929
53.651
55.7929
53.651
55.7929
53.651
55.7929
53.651
55.7929
53.651
53.651
55.7929
53.651
55.7929
53.651
55.7929
53.651
53.651
55.7929
55.7929
55.7929
53.651
55.7929
53.651
53.651
55.7929
53.651
53.651
55.7929
53.651
53.651
55.7929
53.651
53.651
53.651
55.7929
53.651
53.651
55.7929
53.651
53.651
55.7929
53.651
53.651
55.7929
53.651
55.7929
53.651
53.651
55.7929
53.651
53.651
53.651
53.651
53.651
55.7929
55.7929
53.651
53.651
53.651
53.651
53.651
55.7929
53.651
53.651
53.651
53.651
53.651
53.651
53.651
53.651
53.651
55.7929
53.651
53.651
53.651
53.651
53.651
53.651
53.651
53.651
53.651
53.651
53.651
53.651
53.651
53.651
53.651
53.651
53.651
55.7929
53.651
53.651
53.651
53.651
53.651
51.5091
53.651
53.651
53.651
53.651
53.651
53.651
53.651
53.651
53.651
53.651
53.651
51.5091
51.5091
51.5091
53.651
53.651
53.651
51.5091
53.651
53.651
53.651
53.651
53.651
53.651
53.651
53.651
53.651
53.651
53.651
53.651
53.651
53.651
53.651
53.651
53.651
53.651
51.5091
53.651
53.651
53.651
53.651
53.651
51.5091
53.651
53.651
53.651
53.651
53.651
51.5091
53.651
53.651
51.5091
53.651
53.651
53.651
53.651
53.651
53.651
53.651
53.651
51.5091
53.651
53.651
53.651
51.5091
53.651
53.651
53.651
51.5091
53.651
53.651
53.651
53.651
53.651
53.651
51.5091
53.651
53.651
53.651
51.5091
53.651
53.651
51.5091
53.651
53.651
51.5091
51.5091
53.651
53.651
53.651
53.651
53.651
51.5091
53.651
53.651
51.5091
53.651
53.651
53.651
53.651
53.651
53.651
51.5091
53.651
53.651
53.651
51.5091
53.651
53.651
53.651
53.651
51.5091
53.651
53.651
51.5091
53.651
53.651
51.5091
51.5091
53.651
51.5091
53.651
53.651
53.651
51.5091
53.651
53.651
51.5091
53.651
53.651
51.5091
53.651
51.5091
53.651
53.651
53.651
51.5091
51.5091
51.5091
51.5091
53.651
53.651
53.651
51.5091
53.651
53.651
51.5091
53.651
53.651
51.5091
53.651
53.651
53.651
51.5091
53.651
51.5091
53.651
53.651
53.651
51.5091
53.651
53.651
51.5091
53.651
53.651
51.5091
53.651
51.5091
51.5091
53.651
51.5091
51.5091
53.651
51.5091
51.5091
53.651
51.5091
53.651
53.651
51.5091
53.651
51.5091
53.651
53.651
51.5091
53.651
51.5091
53.651
51.5091
51.5091
53.651
53.651
51.5091
53.651
51.5091
53.651
53.651
51.5091
51.5091
53.651
51.5091
53.651
53.651
51.5091
53.651
51.5091
51.5091
51.5091
53.651
51.5091
53.651
51.5091
51.5091
51.5091
53.651
51.5091
51.5091
51.5091
53.651
51.5091
51.5091
53.651
51.5091
51.5091
53.651
51.5091
53.651
53.651
51.5091
53.651
51.5091
53.651
51.5091
53.651
51.5091
53.651
51.5091
51.5091
51.5091
53.651
51.5091
53.651
51.5091
53.651
51.5091
51.5091
53.651
51.5091
51.5091
51.5091
53.651
51.5091
51.5091
51.5091
53.651
51.5091
51.5091
53.651
51.5091
51.5091
53.651
51.5091
51.5091
51.5091
51.5091
53.651
51.5091
53.651
51.5091
51.5091
53.651
53.651
51.5091
53.651
51.5091
53.651
51.5091
51.5091
53.651
51.5091
51.5091
51.5091
53.651
51.5091
51.5091
53.651
51.5091
51.5091
51.5091
53.651
51.5091
51.5091
53.651
53.651
51.5091
51.5091
53.651
51.5091
51.5091
51.5091
53.651
51.5091
51.5091
53.651
53.651
51.5091
53.651
51.5091
51.5091
51.5091
51.5091
53.651
51.5091
53.651
51.5091
51.5091
51.5091
53.651
51.5091
53.651
51.5091
53.651
51.5091
51.5091
53.651
51.5091
51.5091
51.5091
53.651
51.5091
51.5091
51.5091
53.651
51.5091
51.5091
53.651
53.651
51.5091
53.651
51.5091
51.5091
51.5091
51.5091
53.651
51.5091
53.651
51.5091
51.5091
51.5091
53.651
51.5091
51.5091
51.5091
51.5091
53.651
51.5091
51.5091
53.651
53.651
51.5091
51.5091
53.651
51.5091
53.651
51.5091
51.5091
53.651
51.5091
51.5091
51.5091
53.651
51.5091
53.651
51.5091
51.5091
53.651
51.5091
51.5091
51.5091
53.651
51.5091
53.651
51.5091
51.5091
53.651
51.5091
51.5091
51.5091
53.651
51.5091
51.5091
53.651
51.5091
53.651
51.5091
51.5091
53.651
51.5091
51.5091
51.5091
53.651
51.5091
51.5091
53.651
51.5091
53.651
51.5091
51.5091
53.651
51.5091
51.5091
51.5091
53.651
51.5091
51.5091
53.651
51.5091
51.5091
51.5091
51.5091
51.5091
51.5091
51.5091
53.651
51.5091
51.5091
51.5091
53.651
51.5091
51.5091
51.5091
51.5091
53.651
51.5091
51.5091
53.651
51.5091
51.5091
51.5091
53.651
51.5091
51.5091
53.651
51.5091
51.5091
53.651
51.5091
51.5091
53.651
51.5091
51.5091
51.5091
51.5091
53.651
51.5091
53.651
51.5091
51.5091
53.651
51.5091
51.5091
51.5091
53.651
51.5091
53.651
51.5091
21.522
0
2.24392
0
0
0
0
0
0
0
0
0
0
0
0
0
0
0
0
0
0
0
0
0
0
0
0
0
0
0
0
0
0
0
0
0
0
0
0
0
0
0
0
0
0
0
0
0
0
0
0
0
0
0
0
0
0
0
0
0
0
0
0
0
0
0
0
0
0
0
0
0
0
0
0
0
0
0
0
0
0
0
0
0
0
0
0
0
0
0
0
0
0
0
0
0
0
0
0
0
0
0
0
0
0
0
0
0
0
0
0
0
0
0
0
0
0
0
0
0
0
0
0
0
0
0
0
0
2.24392
0
0
0
0
0
0
0
0
0
0
0
0
0
0
0
0
0
0
0
0
0
0
0
0
0
0
0
0
0
0
0
0
0
0
0
0
0
0
0
0
0
0
0
0
0
0
0
0
0
0
0
0
0
0
0
0
0
0
0
0
0
0
0
0
0
0
0
0
0
0
0
0
0
0
0
0
0
0
0
0
0
0
0
0
0
0
0
0
0
0
0
0
0
0
0
0
0
0
0
0
0
0
0
0
0
0
0
0
0
0
0
0
0
0
0
0
0
0
0
0
0
0
0
0
0
0
0
0
0
0
0
0
0
0
0
0
0
0
0
0
0
0
0
0
0
0
0
0
0
0
0
0
0
0
0
0
0
0
0
0
0
0
0
0
0
0
0
0
0
0
0
0
0
0
0
0
0
0
0
0
0
0
0
0
0
0
0
0
0
0
0
0
0
0
0
0
0
0
0
0
0
0
0
0
0
0
0
0
0
0
0
0
0
0
0
0
0
0
0
0
0
0
0
0
0
0
0
0
0
0
0
0
0
0
0
0
0
0
0
0
0
0
0
0
0
0
0
0
0
0
0
0
0
0
0
0
0
0
0
0
0
0
0
0
0
0
0
0
0
0
0
0
0
0
0
0
0
0
0
0
0
0
0
0
0
0
0
0
0
0
0
0
0
0
0
0
0
0
0
0
0
0
0
0
0
0
0
0
0
0
0
0
0
0
0
0
0
0
0
0
0
0
0
0
0
0
0
0
0
0
0
0
0
0
0
0
0
0
0
0
0
0
0
0
0
0
2.24392
0
0
0
0
0
0
0
0
0
0
0
0
0
0
0
0
0
0
0
0
0
0
0
0
0
0
0
0
0
0
0
0
0
0
0
0
0
0
0
0
0
0
0
0
0
0
0
0
0
0
0
0
0
0
0
0
0
0
0
0
0
0
0
0
0
0
0
0
0
0
0
0
0
0
0
0
0
0
0
0
0
0
0
0
0
0
0
0
0
0
0
0
0
0
0
0
0
0
0
0
0
0
0
0
0
0
0
0
0
0
0
0
0
0
0
0
0
0
0
0
0
0
0
0
0
0
0
0
0
0
0
0
0
0
0
0
0
0
0
0
0
0
0
0
0
0
0
0
0
0
0
0
0
0
0
0
0
0
0
0
0
0
0
0
0
0
0
0
0
0
0
0
0
0
0
0
0
0
0
0
0
0
0
0
0
0
0
0
0
0
0
0
0
0
0
0
0
0
0
0
0
0
0
0
0
0
0
0
0
0
0
0
0
0
0
0
0
0
0
0
0
0
0
0
0
0
0
0
0
0
0
0
0
0
0
0
0
0
0
0
0
0
0
0
0
0
0
0
0
0
0
0
0
0
0
0
0
0
0
0
0
0
0
0
0
0
0
0
0
0
0
0
0
0
0
0
0
0
0
0
0
0
0
0
822.143
822.143
745.12
105.054
79.353
72.9276
66.5021
66.5021
64.3603
62.2185
64.3603
62.2185
62.2185
62.2185
62.2185
64.3603
62.2185
62.2185
62.2185
62.2185
62.2185
62.2185
62.2185
62.2185
62.2185
62.2185
62.2185
62.2185
62.2185
60.0766
62.2185
62.2185
60.0766
62.2185
62.2185
60.0766
62.2185
60.0766
60.0766
60.0766
60.0766
57.9347
60.0766
60.0766
60.0766
60.0766
60.0766
60.0766
57.9347
60.0766
57.9347
57.9347
57.9347
60.0766
57.9347
55.7929
57.9347
57.9347
57.9347
55.7929
57.9347
55.7929
55.7929
57.9347
55.7929
55.7929
57.9347
55.7929
55.7929
57.9347
55.7929
57.9347
57.9347
55.7929
55.7929
55.7929
57.9347
55.7929
55.7929
55.7929
55.7929
55.7929
55.7929
55.7929
55.7929
55.7929
55.7929
55.7929
55.7929
55.7929
55.7929
55.7929
57.9347
57.9347
55.7929
55.7929
55.7929
55.7929
53.651
55.7929
55.7929
55.7929
55.7929
55.7929
55.7929
55.7929
55.7929
55.7929
53.651
55.7929
55.7929
55.7929
55.7929
57.9347
55.7929
55.7929
55.7929
55.7929
55.7929
55.7929
53.651
55.7929
55.7929
55.7929
55.7929
55.7929
55.7929
53.651
55.7929
55.7929
55.7929
53.651
55.7929
55.7929
55.7929
55.7929
55.7929
53.651
55.7929
55.7929
55.7929
55.7929
55.7929
55.7929
53.651
55.7929
55.7929
55.7929
55.7929
55.7929
53.651
55.7929
55.7929
55.7929
55.7929
53.651
55.7929
53.651
55.7929
55.7929
55.7929
53.651
55.7929
53.651
55.7929
53.651
55.7929
55.7929
53.651
55.7929
53.651
55.7929
55.7929
55.7929
53.651
55.7929
53.651
55.7929
53.651
55.7929
53.651
55.7929
55.7929
53.651
55.7929
53.651
55.7929
53.651
55.7929
53.651
53.651
55.7929
53.651
55.7929
55.7929
53.651
53.651
55.7929
53.651
55.7929
53.651
53.651
55.7929
53.651
55.7929
53.651
53.651
53.651
55.7929
53.651
53.651
55.7929
53.651
53.651
55.7929
53.651
53.651
53.651
53.651
53.651
55.7929
53.651
53.651
53.651
53.651
55.7929
53.651
53.651
53.651
53.651
53.651
53.651
55.7929
53.651
53.651
53.651
53.651
53.651
53.651
53.651
55.7929
53.651
53.651
53.651
53.651
53.651
53.651
53.651
53.651
53.651
53.651
53.651
53.651
53.651
53.651
53.651
53.651
53.651
53.651
53.651
53.651
53.651
53.651
53.651
51.5091
53.651
53.651
53.651
53.651
53.651
53.651
53.651
53.651
53.651
53.651
53.651
53.651
51.5091
53.651
53.651
53.651
53.651
53.651
53.651
53.651
53.651
51.5091
53.651
53.651
53.651
53.651
51.5091
51.5091
53.651
53.651
53.651
53.651
51.5091
53.651
53.651
53.651
51.5091
53.651
53.651
53.651
51.5091
51.5091
51.5091
51.5091
53.651
53.651
53.651
53.651
53.651
53.651
51.5091
53.651
53.651
51.5091
53.651
53.651
53.651
51.5091
53.651
53.651
53.651
51.5091
53.651
53.651
51.5091
53.651
53.651
51.5091
51.5091
53.651
53.651
51.5091
53.651
51.5091
53.651
53.651
53.651
53.651
51.5091
53.651
53.651
51.5091
53.651
53.651
53.651
51.5091
53.651
53.651
51.5091
53.651
53.651
53.651
51.5091
53.651
53.651
51.5091
53.651
51.5091
53.651
51.5091
53.651
53.651
51.5091
53.651
53.651
51.5091
53.651
53.651
51.5091
53.651
51.5091
53.651
53.651
51.5091
53.651
53.651
51.5091
53.651
53.651
53.651
53.651
51.5091
53.651
51.5091
51.5091
53.651
51.5091
53.651
51.5091
53.651
53.651
51.5091
51.5091
53.651
51.5091
53.651
51.5091
53.651
53.651
51.5091
51.5091
53.651
53.651
53.651
53.651
51.5091
53.651
51.5091
53.651
51.5091
53.651
51.5091
53.651
53.651
51.5091
51.5091
51.5091
53.651
51.5091
51.5091
53.651
51.5091
53.651
51.5091
53.651
51.5091
53.651
51.5091
51.5091
53.651
53.651
51.5091
53.651
51.5091
51.5091
53.651
51.5091
51.5091
53.651
51.5091
53.651
51.5091
53.651
51.5091
53.651
51.5091
53.651
51.5091
53.651
51.5091
53.651
51.5091
51.5091
53.651
51.5091
53.651
51.5091
53.651
51.5091
51.5091
51.5091
53.651
51.5091
53.651
51.5091
53.651
51.5091
53.651
51.5091
51.5091
53.651
51.5091
51.5091
53.651
51.5091
53.651
51.5091
53.651
51.5091
51.5091
53.651
51.5091
53.651
53.651
51.5091
53.651
51.5091
51.5091
53.651
53.651
51.5091
51.5091
53.651
51.5091
53.651
51.5091
53.651
51.5091
51.5091
53.651
51.5091
53.651
51.5091
51.5091
53.651
51.5091
53.651
51.5091
51.5091
53.651
51.5091
51.5091
51.5091
53.651
51.5091
53.651
51.5091
51.5091
53.651
51.5091
51.5091
53.651
51.5091
53.651
51.5091
53.651
51.5091
51.5091
53.651
51.5091
53.651
51.5091
51.5091
53.651
51.5091
51.5091
53.651
51.5091
51.5091
53.651
51.5091
51.5091
53.651
51.5091
51.5091
53.651
53.651
51.5091
51.5091
53.651
51.5091
51.5091
53.651
51.5091
51.5091
53.651
51.5091
51.5091
51.5091
51.5091
53.651
51.5091
51.5091
53.651
51.5091
51.5091
53.651
51.5091
51.5091
51.5091
53.651
51.5091
51.5091
53.651
51.5091
51.5091
53.651
51.5091
51.5091
53.651
51.5091
51.5091
53.651
51.5091
51.5091
51.5091
53.651
51.5091
51.5091
51.5091
53.651
51.5091
51.5091
51.5091
53.651
51.5091
51.5091
51.5091
51.5091
51.5091
53.651
51.5091
51.5091
51.5091
51.5091
53.651
51.5091
51.5091
51.5091
51.5091
53.651
51.5091
51.5091
51.5091
51.5091
51.5091
51.5091
51.5091
53.651
51.5091
51.5091
51.5091
51.5091
53.651
51.5091
51.5091
51.5091
51.5091
53.651
51.5091
51.5091
51.5091
51.5091
51.5091
53.651
51.5091
51.5091
51.5091
51.5091
53.651
51.5091
51.5091
51.5091
51.5091
53.651
51.5091
51.5091
51.5091
53.651
51.5091
51.5091
53.651
51.5091
51.5091
51.5091
51.5091
53.651
51.5091
51.5091
51.5091
53.651
53.651
51.5091
51.5091
51.5091
53.651
51.5091
51.5091
51.5091
51.5091
53.651
51.5091
51.5091
53.651
51.5091
51.5091
51.5091
51.5091
53.651
51.5091
51.5091
51.5091
51.5091
53.651
51.5091
51.5091
51.5091
51.5091
53.651
51.5091
51.5091
53.651
51.5091
51.5091
10.812
0
0
0
0
0
0
0
0
0
0
0
0
0
0
0
0
0
0
0
0
0
0
0
0
0
0
0
0
0
0
0
0
0
0
0
0
0
0
0
0
0
0
0
0
0
0
0
0
0
0
0
2.24392
0
0
0
0
0
0
0
0
0
0
0
0
0
0
0
0
0
0
0
0
0
0
0
0
0
0
0
0
0
0
0
0
0
0
0
0
0
0
0
0
0
0
0
0
0
0
0
0
0
0
0
0
0
0
0
0
0
0
0
0
0
0
0
0
0
0
0
0
0
0
0
0
0
0
0
0
0
0
0
0
0
0
0
0
0
0
0
0
0
0
0
0
0
0
0
0
0
0
0
0
0
0
0
0
0
0
0
0
0
0
0
0
0
0
0
0
0
0
0
0
0
0
0
0
0
0
0
0
0
0
0
0
0
0
0
0
0
0
0
0
0
2.24392
0
0
0
0
0
0
0
0
0
0
0
0
0
0
0
0
0
0
0
0
0
0
0
0
0
0
0
0
0
0
0
0
0
0
0
0
0
0
0
0
0
0
0
0
0
0
0
0
0
0
0
0
0
0
0
0
0
0
0
0
0
0
0
0
0
0
0
0
0
0
0
0
0
0
0
0
0
0
0
0
0
0
0
0
0
0
0
0
0
0
0
0
0
0
0
0
0
0
0
0
0
0
0
0
0
0
0
0
0
0
0
0
0
0
0
0
0
0
0
0
0
0
0
0
0
0
0
0
0
0
0
0
0
0
0
0
0
0
0
0
0
0
0
0
0
0
0
0
0
0
0
0
0
0
0
0
0
0
0
0
0
0
0
0
0
0
0
0
0
0
0
0
0
0
0
0
0
0
0
0
0
0
0
0
0
0
0
0
0
0
0
0
0
0
0
0
0
0
0
0
0
0
0
0
0
0
0
0
0
0
0
0
0
0
0
0
0
0
0
0
0
0
0
0
0
0
0
0
0
0
0
0
0
0
0
0
0
0
0
0
0
0
0
0
0
0
0
0
0
0
0
0
0
0
0
2.24392
0
0
0
0
0
0
0
0
0
0
0
0
0
0
0
0
0
0
0
0
0
0
0
0
0
0
0
0
0
0
0
0
0
0
0
0
0
0
0
0
0
0
0
0
0
0
0
0
0
0
0
0
0
0
0
0
0
0
0
0
0
0
0
0
0
0
0
0
0
0
0
0
0
0
0
0
0
0
0
0
0
0
0
0
0
0
0
0
0
0
0
0
0
0
0
0
0
0
0
0
0
0
0
0
0
0
0
0
0
0
0
0
0
0
0
0
0
0
0
0
0
0
0
0
0
0
0
0
0
0
0
0
0
0
0
0
0
0
0
0
0
0
0
0
0
0
0
0
0
0
0
0
0
0
0
0
0
0
0
0
0
0
0
0
0
0
0
0
0
0
0
0
0
0
0
0
0
0
0
0
0
0
0
0
0
0
0
0
0
0
0
0
0
0
0
0
0
0
0
0
0
0
0
0
0
0
0
0
0
0
0
0
0
0
0
0
0
0
0
0
0
0
0
0
0
0
0
0
0
0
0
0
0
0
0
0
0
0
0
0
0
0
0
0
0
0
0
0
0
0
0
0
0
0
0
0
0
0
0
0
0
0
0
0
0
0
0
0
0
0
0
0
0
0
0
0
0
0
0
0
0
0
0
0
0
0
0
0
0
0
0
0
0
0
0
0
0
0
0
0
0
0
0
0
0
0
0
0
0
0
0
0
0
0
0
0
0
0
0
0
0
0
0
0
672.368
828.562
177.868
79.353
79.353
75.0694
68.644
68.644
64.3603
66.5021
62.2185
62.2185
64.3603
62.2185
62.2185
62.2185
62.2185
62.2185
64.3603
64.3603
62.2185
62.2185
62.2185
60.0766
62.2185
62.2185
62.2185
62.2185
62.2185
62.2185
62.2185
60.0766
62.2185
62.2185
60.0766
62.2185
60.0766
62.2185
62.2185
62.2185
62.2185
60.0766
60.0766
60.0766
62.2185
62.2185
62.2185
60.0766
60.0766
60.0766
60.0766
60.0766
57.9347
57.9347
57.9347
57.9347
57.9347
55.7929
55.7929
55.7929
55.7929
55.7929
57.9347
55.7929
55.7929
55.7929
57.9347
57.9347
55.7929
55.7929
57.9347
55.7929
55.7929
57.9347
55.7929
55.7929
55.7929
55.7929
55.7929
55.7929
55.7929
55.7929
55.7929
55.7929
55.7929
55.7929
55.7929
55.7929
55.7929
55.7929
55.7929
55.7929
55.7929
55.7929
55.7929
55.7929
55.7929
53.651
55.7929
55.7929
55.7929
55.7929
55.7929
53.651
55.7929
55.7929
55.7929
55.7929
55.7929
55.7929
55.7929
55.7929
53.651
55.7929
55.7929
55.7929
55.7929
55.7929
55.7929
55.7929
55.7929
53.651
55.7929
55.7929
55.7929
55.7929
53.651
55.7929
53.651
55.7929
55.7929
53.651
55.7929
55.7929
53.651
55.7929
55.7929
53.651
55.7929
55.7929
55.7929
55.7929
53.651
55.7929
55.7929
53.651
55.7929
55.7929
55.7929
55.7929
53.651
55.7929
55.7929
55.7929
55.7929
53.651
55.7929
55.7929
53.651
55.7929
55.7929
53.651
55.7929
53.651
53.651
55.7929
55.7929
53.651
53.651
55.7929
53.651
55.7929
55.7929
53.651
53.651
53.651
55.7929
53.651
53.651
53.651
53.651
53.651
55.7929
53.651
55.7929
53.651
53.651
53.651
55.7929
55.7929
53.651
53.651
53.651
53.651
53.651
55.7929
55.7929
53.651
53.651
53.651
53.651
53.651
53.651
53.651
55.7929
53.651
53.651
53.651
55.7929
53.651
53.651
53.651
53.651
53.651
53.651
53.651
55.7929
53.651
53.651
53.651
53.651
53.651
53.651
53.651
53.651
53.651
53.651
53.651
53.651
53.651
53.651
53.651
53.651
53.651
53.651
53.651
53.651
53.651
53.651
53.651
53.651
53.651
53.651
53.651
53.651
53.651
53.651
53.651
53.651
53.651
53.651
53.651
53.651
53.651
53.651
53.651
53.651
53.651
53.651
53.651
53.651
53.651
51.5091
53.651
53.651
53.651
53.651
51.5091
53.651
53.651
53.651
53.651
53.651
53.651
53.651
53.651
51.5091
53.651
53.651
53.651
53.651
53.651
51.5091
53.651
53.651
53.651
53.651
53.651
53.651
51.5091
53.651
53.651
53.651
51.5091
53.651
53.651
53.651
53.651
51.5091
53.651
53.651
53.651
51.5091
53.651
53.651
51.5091
53.651
53.651
53.651
53.651
51.5091
53.651
51.5091
53.651
53.651
53.651
51.5091
53.651
53.651
53.651
51.5091
53.651
53.651
53.651
53.651
51.5091
53.651
53.651
53.651
51.5091
53.651
53.651
51.5091
51.5091
53.651
53.651
51.5091
53.651
53.651
51.5091
51.5091
53.651
51.5091
53.651
53.651
51.5091
53.651
51.5091
53.651
53.651
51.5091
51.5091
53.651
51.5091
53.651
53.651
53.651
51.5091
53.651
51.5091
53.651
51.5091
53.651
53.651
51.5091
53.651
51.5091
53.651
51.5091
53.651
51.5091
53.651
51.5091
53.651
53.651
53.651
51.5091
53.651
51.5091
53.651
51.5091
51.5091
53.651
51.5091
53.651
53.651
51.5091
53.651
51.5091
53.651
51.5091
53.651
51.5091
51.5091
53.651
51.5091
51.5091
51.5091
53.651
51.5091
53.651
51.5091
53.651
51.5091
51.5091
53.651
51.5091
53.651
51.5091
51.5091
53.651
51.5091
53.651
51.5091
53.651
53.651
51.5091
53.651
51.5091
53.651
53.651
51.5091
53.651
51.5091
53.651
51.5091
51.5091
53.651
51.5091
53.651
51.5091
51.5091
51.5091
53.651
51.5091
53.651
51.5091
53.651
51.5091
51.5091
53.651
51.5091
53.651
51.5091
53.651
51.5091
53.651
53.651
51.5091
53.651
51.5091
53.651
51.5091
53.651
51.5091
51.5091
53.651
53.651
51.5091
51.5091
51.5091
51.5091
53.651
53.651
51.5091
53.651
51.5091
53.651
51.5091
51.5091
51.5091
51.5091
53.651
51.5091
53.651
51.5091
51.5091
53.651
51.5091
51.5091
51.5091
53.651
51.5091
53.651
53.651
53.651
53.651
51.5091
53.651
51.5091
51.5091
53.651
53.651
51.5091
51.5091
53.651
51.5091
53.651
51.5091
51.5091
53.651
53.651
51.5091
51.5091
51.5091
51.5091
51.5091
53.651
51.5091
51.5091
53.651
53.651
51.5091
51.5091
53.651
51.5091
51.5091
51.5091
51.5091
51.5091
53.651
51.5091
51.5091
51.5091
53.651
51.5091
53.651
51.5091
51.5091
53.651
51.5091
51.5091
53.651
53.651
51.5091
51.5091
51.5091
53.651
51.5091
51.5091
53.651
51.5091
51.5091
51.5091
53.651
51.5091
51.5091
51.5091
51.5091
53.651
51.5091
53.651
51.5091
51.5091
51.5091
53.651
51.5091
51.5091
51.5091
53.651
51.5091
51.5091
53.651
51.5091
51.5091
53.651
51.5091
51.5091
51.5091
51.5091
53.651
51.5091
51.5091
53.651
51.5091
51.5091
51.5091
53.651
51.5091
51.5091
51.5091
51.5091
53.651
53.651
51.5091
51.5091
53.651
53.651
51.5091
53.651
53.651
51.5091
51.5091
51.5091
51.5091
51.5091
51.5091
51.5091
51.5091
53.651
51.5091
51.5091
51.5091
51.5091
51.5091
53.651
51.5091
51.5091
51.5091
51.5091
53.651
51.5091
51.5091
51.5091
51.5091
53.651
53.651
51.5091
51.5091
51.5091
51.5091
53.651
51.5091
51.5091
51.5091
51.5091
51.5091
51.5091
51.5091
53.651
51.5091
51.5091
51.5091
51.5091
53.651
51.5091
51.5091
51.5091
51.5091
51.5091
51.5091
53.651
51.5091
51.5091
51.5091
51.5091
51.5091
51.5091
53.651
51.5091
51.5091
51.5091
51.5091
51.5091
53.651
51.5091
51.5091
51.5091
51.5091
51.5091
51.5091
51.5091
51.5091
53.651
51.5091
51.5091
51.5091
51.5091
51.5091
51.5091
51.5091
51.5091
53.651
51.5091
51.5091
51.5091
51.5091
51.5091
53.651
51.5091
51.5091
51.5091
51.5091
0
0
0
0
0
0
0
0
0
0
0
0
0
0
0
0
0
0
0
0
0
0
0
0
0
0
0
0
0
0
0
0
0
0
0
0
0
0
0
0
0
0
0
0
0
0
0
0
0
0
0
0
0
0
0
0
0
0
0
0
0
0
0
0
0
0
0
0
0
0
0
0
0
0
0
0
0
0
0
0
0
0
0
0
0
0
0
0
0
0
0
0
0
0
0
0
0
0
0
0
0
0
0
0
0
0
0
0
0
0
0
0
0
0
0
0
0
0
0
0
0
0
0
0
0
0
0
0
0
0
0
0
0
0
0
0
0
0
0
0
0
0
0
0
0
0
0
0
0
0
0
0
0
0
0
0
0
0
0
0
0
0
0
0
0
0
0
0
0
0
0
0
0
0
0
0
0
0
0
0
0
0
0
0
0
0
0
0
0
0
0
0
0
0
0
0
0
0
0
0
0
0
0
0
0
0
0
0
0
0
0
0
0
0
0
0
0
0
0
0
0
0
0
0
0
0
0
0
0
0
0
0
0
0
0
0
0
0
0
0
0
0
0
0
0
0
0
0
0
0
0
0
0
0
0
0
0
0
0
0
0
0
0
0
0
0
0
0
0
0
0
0
0
0
0
0
0
0
0
0
0
0
0
0
0
0
0
0
0
0
0
0
0
0
0
0
0
0
0
0
0
0
0
0
0
0
0
0
0
0
0
0
0
0
0
0
0
0
0
0
0
0
0
0
0
0
0
0
0
0
0
0
0
0
0
0
0
0
0
0
0
0
0
0
0
0
0
0
0
0
0
0
0
0
0
0
0
0
0
0
0
0
0
0
0
0
0
0
0
0
0
0
0
0
0
0
0
0
0
0
0
0
0
0
0
0
0
0
0
0
0
0
0
0
0
0
0
0
0
0
0
0
0
0
0
0
0
0
0
0
0
0
0
0
0
0
0
0
0
0
0
0
0
0
0
0
0
0
0
0
0
0
0
0
0
0
0
0
0
0
0
0
0
0
0
0
0
0
0
0
0
0
0
0
0
0
0
0
0
0
0
0
0
0
0
0
0
0
0
0
0
0
0
0
0
0
0
0
0
0
0
0
0
0
0
0
0
0
0
0
0
0
0
0
0
0
0
0
0
0
0
0
0
0
0
0
0
0
0
0
0
0
0
0
0
0
0
0
0
0
0
0
0
0
0
0
0
0
0
0
0
0
0
0
0
0
0
0
0
0
0
0
0
0
0
0
0
0
0
0
0
0
0
0
0
0
0
0
0
0
0
0
0
0
0
0
0
0
0
0
0
0
0
0
0
0
0
0
0
0
0
0
0
0
0
0
0
0
0
0
0
0
0
0
0
0
0
0
0
0
0
0
0
0
0
0
0
0
0
0
0
0
0
0
0
0
0
0
0
0
0
0
0
0
0
0
0
0
0
0
0
0
0
0
0
0
0
0
0
0
0
0
0
0
0
0
0
0
0
0
0
0
0
0
0
0
0
0
0
0
0
0
0
0
0
0
0
0
0
0
0
0
0
0
0
0
0
0
0
0
0
0
0
0
0
0
0
0
0
0
0
0
0
0
0
0
0
0
0
0
0
0
0
0
0
0
0
0
0
0
0
0
0
0
0
0
0
0
0
0
0
0
0
0
0
0
0
0
0
0
0
0
0
0
0
0
0
0
0
0
0
0
0
0
0
0
0
0
0
0
0
0
0
0
0
0
0
0
0
0
0
0
0
0
0
0
0
0
0
0
0
0
0
0
0
0
0
0
0
0
0
0
0
0
0
0
0
0
0
0
0
0
0
0
77.2112
77.2112
70.7858
70.7858
70.7858
70.7858
70.7858
70.7858
70.7858
70.7858
62.2185
62.2185
62.2185
62.2185
62.2185
62.2185
62.2185
62.2185
62.2185
62.2185
62.2185
62.2185
62.2185
60.0766
60.0766
62.2185
62.2185
62.2185
62.2185
62.2185
62.2185
60.0766
60.0766
60.0766
60.0766
60.0766
60.0766
60.0766
60.0766
60.0766
57.9347
60.0766
57.9347
57.9347
57.9347
60.0766
60.0766
55.7929
57.9347
57.9347
57.9347
55.7929
55.7929
55.7929
55.7929
55.7929
55.7929
53.651
53.651
53.651
55.7929
55.7929
55.7929
55.7929
55.7929
55.7929
55.7929
55.7929
55.7929
55.7929
55.7929
55.7929
55.7929
55.7929
55.7929
55.7929
55.7929
55.7929
55.7929
55.7929
55.7929
55.7929
55.7929
55.7929
55.7929
55.7929
55.7929
55.7929
53.651
55.7929
53.651
55.7929
55.7929
55.7929
53.651
53.651
55.7929
53.651
55.7929
53.651
55.7929
55.7929
55.7929
53.651
53.651
53.651
55.7929
55.7929
55.7929
55.7929
55.7929
53.651
55.7929
55.7929
55.7929
55.7929
53.651
55.7929
55.7929
53.651
55.7929
53.651
55.7929
55.7929
55.7929
53.651
55.7929
55.7929
55.7929
55.7929
55.7929
53.651
55.7929
55.7929
55.7929
53.651
55.7929
55.7929
55.7929
55.7929
55.7929
55.7929
55.7929
55.7929
55.7929
55.7929
53.651
55.7929
55.7929
53.651
55.7929
53.651
55.7929
55.7929
55.7929
53.651
55.7929
53.651
53.651
53.651
53.651
53.651
55.7929
53.651
53.651
55.7929
55.7929
55.7929
55.7929
53.651
55.7929
55.7929
53.651
53.651
53.651
53.651
53.651
55.7929
55.7929
55.7929
53.651
55.7929
55.7929
53.651
53.651
55.7929
53.651
53.651
53.651
53.651
53.651
53.651
53.651
55.7929
53.651
53.651
53.651
55.7929
53.651
53.651
53.651
53.651
53.651
53.651
53.651
53.651
53.651
53.651
53.651
53.651
53.651
53.651
53.651
53.651
53.651
53.651
53.651
53.651
53.651
53.651
53.651
53.651
53.651
53.651
53.651
53.651
53.651
53.651
53.651
53.651
53.651
53.651
53.651
53.651
53.651
53.651
53.651
53.651
53.651
53.651
53.651
53.651
53.651
53.651
51.5091
53.651
53.651
53.651
53.651
53.651
53.651
53.651
51.5091
53.651
53.651
53.651
53.651
53.651
53.651
53.651
51.5091
51.5091
53.651
53.651
51.5091
53.651
53.651
53.651
51.5091
53.651
53.651
53.651
51.5091
51.5091
53.651
53.651
53.651
51.5091
53.651
53.651
51.5091
51.5091
53.651
51.5091
53.651
51.5091
53.651
53.651
51.5091
53.651
51.5091
53.651
53.651
51.5091
51.5091
53.651
51.5091
51.5091
53.651
51.5091
53.651
53.651
51.5091
53.651
53.651
53.651
53.651
51.5091
53.651
53.651
53.651
53.651
53.651
53.651
51.5091
51.5091
51.5091
51.5091
51.5091
51.5091
51.5091
51.5091
51.5091
51.5091
51.5091
51.5091
51.5091
51.5091
51.5091
51.5091
51.5091
51.5091
51.5091
53.651
53.651
53.651
53.651
53.651
53.651
53.651
53.651
53.651
53.651
53.651
53.651
53.651
53.651
53.651
53.651
53.651
53.651
53.651
53.651
53.651
53.651
53.651
53.651
53.651
53.651
51.5091
53.651
53.651
51.5091
53.651
51.5091
53.651
51.5091
51.5091
51.5091
53.651
51.5091
51.5091
51.5091
51.5091
51.5091
53.651
53.651
51.5091
51.5091
51.5091
51.5091
51.5091
51.5091
53.651
51.5091
53.651
51.5091
51.5091
51.5091
53.651
51.5091
53.651
51.5091
53.651
51.5091
51.5091
51.5091
51.5091
51.5091
51.5091
53.651
53.651
53.651
53.651
51.5091
51.5091
53.651
51.5091
51.5091
51.5091
53.651
51.5091
53.651
51.5091
51.5091
53.651
51.5091
51.5091
51.5091
53.651
51.5091
53.651
51.5091
51.5091
53.651
51.5091
51.5091
51.5091
53.651
51.5091
51.5091
53.651
51.5091
51.5091
53.651
51.5091
51.5091
51.5091
53.651
51.5091
51.5091
53.651
53.651
53.651
51.5091
53.651
51.5091
51.5091
51.5091
51.5091
53.651
51.5091
51.5091
53.651
51.5091
51.5091
51.5091
51.5091
53.651
51.5091
51.5091
53.651
51.5091
51.5091
51.5091
51.5091
51.5091
51.5091
51.5091
51.5091
53.651
53.651
51.5091
51.5091
51.5091
51.5091
51.5091
51.5091
53.651
51.5091
51.5091
51.5091
51.5091
51.5091
51.5091
51.5091
51.5091
51.5091
51.5091
51.5091
53.651
51.5091
51.5091
51.5091
51.5091
53.651
53.651
51.5091
51.5091
51.5091
53.651
51.5091
51.5091
51.5091
51.5091
51.5091
51.5091
53.651
51.5091
51.5091
51.5091
53.651
51.5091
51.5091
51.5091
51.5091
53.651
51.5091
51.5091
51.5091
51.5091
51.5091
51.5091
51.5091
51.5091
53.651
51.5091
51.5091
51.5091
51.5091
51.5091
53.651
53.651
51.5091
51.5091
51.5091
51.5091
51.5091
53.651
51.5091
51.5091
51.5091
51.5091
51.5091
51.5091
51.5091
53.651
51.5091
51.5091
51.5091
51.5091
51.5091
51.5091
51.5091
51.5091
51.5091
51.5091
51.5091
51.5091
51.5091
51.5091
51.5091
53.651
51.5091
51.5091
51.5091
51.5091
51.5091
51.5091
51.5091
51.5091
51.5091
51.5091
51.5091
51.5091
53.651
51.5091
51.5091
51.5091
51.5091
51.5091
51.5091
51.5091
51.5091
51.5091
51.5091
51.5091
51.5091
51.5091
51.5091
51.5091
51.5091
51.5091
51.5091
51.5091
0
0
0
0
0
0
0
0
0
0
0
0
0
0
0
0
0
0
0
0
0
0
0
0
0
0
0
0
0
0
0
0
0
0
0
0
0
0
0
0
0
0
0
0
0
0
0
0
0
0
0
0
0
0
0
0
0
0
0
0
0
0
0
0
0
0
0
0
0
0
0
0
0
0
0
0
0
0
0
0
0
0
0
0
0
0
0
0
0
0
0
0
0
0
0
0
0
0
0
0
0
0
0
0
0
0
0
0
0
0
0
0
0
0
0
0
0
0
0
0
0
0
0
0
0
0
0
0
0
0
0
0
0
0
0
0
0
0
0
0
0
0
0
0
0
0
0
0
0
0
0
0
0
0
0
0
0
0
0
0
0
0
0
0
0
0
0
0
0
0
0
0
0
0
0
0
0
0
0
0
0
0
0
0
0
0
0
0
0
0
0
0
0
0
0
0
0
0
0
0
0
0
0
0
0
0
0
0
0
0
0
0
0
0
0
0
0
0
0
0
0
0
0
0
0
0
0
0
0
0
0
0
0
0
0
0
0
0
0
0
0
0
0
0
0
0
0
0
0
0
0
0
0
0
0
0
0
0
0
0
0
0
0
0
0
0
0
0
0
0
0
0
0
0
0
0
0
0
0
0
0
0
0
0
0
0
0
0
0
0
0
0
0
0
0
0
0
0
0
0
0
0
0
0
0
0
0
0
0
0
0
0
0
0
0
0
0
0
0
0
0
0
0
0
0
0
0
0
0
0
0
0
0
0
0
0
0
0
0
0
0
0
0
0
0
0
0
0
0
0
0
0
0
0
0
0
0
0
0
0
0
0
0
0
0
0
0
0
0
0
0
0
0
0
0
0
0
0
0
0
0
0
0
0
0
0
0
0
0
0
0
0
0
0
0
0
0
0
0
0
0
0
0
0
0
0
0
0
0
0
0
0
0
0
0
0
0
0
0
0
0
0
0
0
0
0
0
0
0
0
0
0
0
0
0
0
0
0
0
0
0
0
0
0
0
0
0
0
0
0
0
0
0
0
0
0
0
0
0
0
0
0
0
0
0
0
0
0
0
0
0
0
0
0
0
0
0
0
0
0
0
0
0
0
0
0
0
0
0
0
0
0
0
0
0
0
0
0
0
0
0
0
0
0
0
0
0
0
0
0
0
0
0
0
0
0
0
0
0
0
0
0
0
0
0
0
0
0
0
0
0
0
0
0
0
0
0
0
0
0
0
0
0
0
0
0
0
0
0
0
0
0
0
0
0
0
0
0
0
0
0
0
0
0
0
0
0
0
0
0
0
0
0
0
0
0
0
0
0
0
0
0
0
0
0
0
0
0
0
0
0
0
0
0
0
0
0
0
0
0
0
0
0
0
0
0
0
0
0
0
0
0
0
0
0
0
0
0
0
0
0
0
0
0
0
0
0
0
0
0
0
0
0
0
0
0
0
0
0
0
0
0
0
0
0
0
0
0
0
0
0
0
0
0
0
0
0
0
0
0
0
0
0
0
0
0
0
0
0
0
0
0
0
0
0
0
0
0
0
0
0
0
0
0
0
0
0
0
0
0
0
0
0
0
0
0
0
0
0
0
0
0
0
0
0
0
0
0
0
0
0
0
0
0
0
0
0
0
0
0
0
0
0
0
0
0
0
0
0
0
0
0
0
0
0
0
0
0
0
0
0
0
0
0
0
0
0
0
0
0
0
0
0
0
0
0
0
0
0
0
0
0
0
0
0
0
0
0
0
0
0
0
0
0
0
0
0
0
0
0
0
0
0
0
0
0
0
0
0
0
0
0
0
0
0
0
0
0
0
0
0
854.234
406.968
83.6366
83.6366
75.0694
68.644
66.5021
66.5021
66.5021
66.5021
66.5021
62.2185
62.2185
62.2185
62.2185
62.2185
62.2185
62.2185
62.2185
62.2185
62.2185
62.2185
62.2185
62.2185
62.2185
62.2185
60.0766
62.2185
62.2185
60.0766
60.0766
62.2185
62.2185
60.0766
60.0766
60.0766
62.2185
62.2185
60.0766
60.0766
60.0766
60.0766
60.0766
60.0766
60.0766
60.0766
57.9347
60.0766
60.0766
60.0766
60.0766
60.0766
60.0766
57.9347
57.9347
57.9347
57.9347
57.9347
57.9347
55.7929
55.7929
55.7929
55.7929
55.7929
55.7929
55.7929
55.7929
55.7929
55.7929
55.7929
55.7929
55.7929
55.7929
55.7929
55.7929
55.7929
55.7929
53.651
53.651
55.7929
55.7929
55.7929
55.7929
55.7929
55.7929
55.7929
53.651
55.7929
55.7929
55.7929
55.7929
55.7929
55.7929
55.7929
55.7929
55.7929
55.7929
55.7929
55.7929
55.7929
55.7929
53.651
53.651
53.651
55.7929
55.7929
55.7929
55.7929
55.7929
55.7929
55.7929
55.7929
55.7929
55.7929
55.7929
55.7929
55.7929
55.7929
55.7929
55.7929
55.7929
55.7929
55.7929
55.7929
55.7929
55.7929
55.7929
53.651
55.7929
55.7929
55.7929
55.7929
55.7929
55.7929
53.651
53.651
55.7929
55.7929
55.7929
55.7929
55.7929
55.7929
55.7929
55.7929
55.7929
55.7929
55.7929
55.7929
55.7929
55.7929
55.7929
55.7929
55.7929
55.7929
55.7929
55.7929
55.7929
53.651
55.7929
53.651
53.651
55.7929
53.651
55.7929
53.651
53.651
53.651
53.651
53.651
53.651
55.7929
53.651
55.7929
55.7929
53.651
55.7929
53.651
53.651
55.7929
53.651
55.7929
53.651
53.651
53.651
53.651
53.651
53.651
55.7929
53.651
55.7929
55.7929
53.651
55.7929
53.651
53.651
53.651
53.651
53.651
53.651
53.651
53.651
53.651
53.651
53.651
53.651
53.651
53.651
55.7929
53.651
53.651
53.651
53.651
53.651
55.7929
53.651
53.651
53.651
53.651
53.651
53.651
53.651
53.651
53.651
53.651
53.651
53.651
53.651
53.651
53.651
53.651
53.651
53.651
53.651
53.651
53.651
53.651
53.651
53.651
53.651
53.651
53.651
53.651
53.651
53.651
53.651
53.651
51.5091
53.651
53.651
53.651
53.651
53.651
51.5091
53.651
53.651
53.651
53.651
51.5091
53.651
53.651
53.651
51.5091
53.651
51.5091
51.5091
53.651
53.651
51.5091
51.5091
53.651
53.651
51.5091
51.5091
53.651
53.651
51.5091
51.5091
53.651
53.651
51.5091
51.5091
53.651
51.5091
53.651
53.651
53.651
51.5091
53.651
53.651
51.5091
53.651
51.5091
53.651
53.651
53.651
53.651
53.651
51.5091
53.651
51.5091
53.651
53.651
51.5091
53.651
53.651
51.5091
53.651
53.651
53.651
53.651
53.651
53.651
51.5091
51.5091
51.5091
51.5091
51.5091
51.5091
51.5091
51.5091
51.5091
53.651
53.651
53.651
53.651
51.5091
51.5091
53.651
53.651
53.651
53.651
51.5091
51.5091
53.651
53.651
53.651
53.651
51.5091
51.5091
53.651
53.651
51.5091
53.651
51.5091
51.5091
51.5091
53.651
53.651
51.5091
51.5091
51.5091
53.651
53.651
53.651
53.651
53.651
51.5091
51.5091
53.651
51.5091
51.5091
51.5091
53.651
53.651
53.651
51.5091
51.5091
53.651
53.651
53.651
53.651
51.5091
53.651
53.651
53.651
51.5091
51.5091
51.5091
51.5091
51.5091
51.5091
51.5091
51.5091
53.651
51.5091
51.5091
51.5091
51.5091
51.5091
51.5091
51.5091
53.651
51.5091
53.651
51.5091
51.5091
53.651
53.651
51.5091
51.5091
53.651
51.5091
51.5091
53.651
51.5091
51.5091
51.5091
53.651
51.5091
53.651
51.5091
51.5091
51.5091
53.651
51.5091
51.5091
53.651
51.5091
51.5091
51.5091
51.5091
53.651
51.5091
53.651
51.5091
51.5091
51.5091
51.5091
53.651
51.5091
51.5091
51.5091
53.651
53.651
51.5091
51.5091
53.651
51.5091
51.5091
51.5091
51.5091
53.651
51.5091
51.5091
51.5091
51.5091
51.5091
51.5091
51.5091
51.5091
53.651
51.5091
51.5091
51.5091
53.651
53.651
51.5091
51.5091
51.5091
53.651
51.5091
51.5091
51.5091
51.5091
53.651
51.5091
51.5091
51.5091
51.5091
51.5091
53.651
51.5091
51.5091
51.5091
53.651
51.5091
51.5091
51.5091
51.5091
51.5091
51.5091
53.651
51.5091
51.5091
51.5091
51.5091
51.5091
51.5091
51.5091
51.5091
51.5091
51.5091
53.651
51.5091
51.5091
51.5091
53.651
53.651
51.5091
51.5091
51.5091
51.5091
53.651
51.5091
51.5091
51.5091
51.5091
51.5091
51.5091
53.651
51.5091
51.5091
51.5091
51.5091
51.5091
51.5091
51.5091
53.651
51.5091
51.5091
51.5091
51.5091
51.5091
51.5091
51.5091
51.5091
51.5091
51.5091
53.651
53.651
51.5091
51.5091
51.5091
53.651
51.5091
51.5091
51.5091
53.651
53.651
51.5091
51.5091
51.5091
51.5091
51.5091
53.651
51.5091
51.5091
51.5091
51.5091
51.5091
53.651
51.5091
51.5091
51.5091
51.5091
51.5091
51.5091
51.5091
53.651
51.5091
51.5091
51.5091
51.5091
53.651
51.5091
51.5091
51.5091
51.5091
51.5091
53.651
51.5091
51.5091
51.5091
51.5091
53.651
51.5091
51.5091
51.5091
51.5091
53.651
51.5091
51.5091
51.5091
51.5091
51.5091
51.5091
53.651
51.5091
51.5091
51.5091
51.5091
0
0
0
0
0
0
0
0
0
0
0
0
0
0
0
0
0
0
0
0
0
0
0
0
0
0
0
0
0
0
0
0
0
0
0
0
0
0
0
0
0
0
0
0
0
0
0
0
0
0
0
0
0
0
0
0
0
0
0
0
0
0
0
0
0
0
0
0
0
0
0
0
0
0
0
0
0
0
0
0
0
0
0
0
0
0
0
0
0
0
0
0
0
0
0
0
0
0
0
0
0
0
0
0
0
0
0
0
0
0
0
0
0
0
0
0
0
0
0
0
0
0
0
0
0
0
0
0
0
0
0
0
0
0
0
0
0
0
0
0
0
0
0
0
0
0
0
0
0
0
0
0
0
0
0
0
0
0
0
0
0
0
0
0
0
0
0
0
0
0
0
0
0
0
0
0
0
0
0
0
0
0
0
0
0
0
0
0
0
0
0
0
0
0
0
0
0
0
0
0
0
0
0
0
0
0
0
0
0
0
0
0
0
0
0
0
0
0
0
0
0
0
0
0
0
0
0
0
0
0
0
0
0
0
0
0
0
0
0
0
0
0
0
0
0
0
0
0
0
0
0
0
0
0
0
0
0
0
0
0
0
0
0
0
0
0
0
0
0
0
0
0
0
0
0
0
0
0
0
0
0
0
0
0
0
0
0
0
0
0
0
0
0
0
0
0
0
0
0
0
0
0
0
0
0
0
0
0
0
0
0
0
0
0
0
0
0
0
0
0
0
0
0
0
0
0
0
0
0
0
0
0
0
0
0
0
0
0
0
0
0
0
0
0
0
0
0
0
0
0
0
0
0
0
0
0
0
0
0
0
0
0
0
0
0
0
0
0
0
0
0
0
0
0
0
0
0
0
0
0
0
0
0
0
0
0
0
0
0
0
0
0
0
0
0
0
0
0
0
0
0
0
0
0
0
0
0
0
0
0
0
0
0
0
0
0
0
0
0
0
0
0
0
0
0
0
0
0
0
0
0
0
0
0
0
0
0
0
0
0
0
0
0
0
0
0
0
0
0
0
0
0
0
0
0
0
0
0
0
0
0
0
0
0
0
0
0
0
0
0
0
0
0
0
0
0
0
0
0
0
0
0
0
0
0
0
0
0
0
0
0
0
0
0
0
0
0
0
0
0
0
0
0
0
0
0
0
0
0
0
0
0
0
0
0
0
0
0
0
0
0
0
0
0
0
0
0
0
0
0
0
0
0
0
0
0
0
0
0
0
0
0
0
0
0
0
0
0
0
0
0
0
0
0
0
0
0
0
0
0
0
0
0
0
0
0
0
0
0
0
0
0
0
0
0
0
0
0
0
0
0
0
0
0
0
0
0
0
0
0
0
0
0
0
0
0
0
0
0
0
0
0
0
0
0
0
0
0
0
0
0
0
0
0
0
0
0
0
0
0
0
0
0
0
0
0
0
0
0
0
0
0
0
0
0
0
0
0
0
0
0
0
0
0
0
0
0
0
0
0
0
0
0
0
0
0
0
0
0
0
0
0
0
0
0
0
0
0
0
0
0
0
0
0
0
0
0
0
0
0
0
0
0
0
0
0
0
0
0
0
0
0
0
0
0
0
0
0
0
0
0
0
0
0
0
0
0
0
0
0
0
0
0
0
0
0
0
0
0
0
0
0
0
0
0
0
0
0
0
0
0
0
0
0
0
0
0
0
0
0
0
0
0
0
0
0
0
0
0
0
0
0
0
0
0
0
0
0
0
0
0
0
0
0
0
0
0
0
0
0
0
0
0
0
0
0
0
0
0
0
0
0
0
0
0
0
0
0
0
0
0
0
0
0
0
0
0
0
0
0
0
0
0
0
0
0
0
0
0
0
0
0
0
0
0
0
0
0
0
0
8.67002
8.67002
8.67002
8.67002
8.67002
77.2112
70.7858
70.7858
66.5021
64.3603
62.2185
64.3603
64.3603
62.2185
64.3603
64.3603
64.3603
62.2185
62.2185
62.2185
62.2185
62.2185
62.2185
60.0766
62.2185
62.2185
62.2185
60.0766
60.0766
60.0766
62.2185
62.2185
60.0766
60.0766
60.0766
60.0766
60.0766
60.0766
60.0766
60.0766
60.0766
60.0766
60.0766
62.2185
62.2185
60.0766
60.0766
57.9347
60.0766
57.9347
57.9347
57.9347
57.9347
57.9347
55.7929
57.9347
57.9347
55.7929
55.7929
57.9347
55.7929
55.7929
55.7929
55.7929
57.9347
55.7929
55.7929
55.7929
55.7929
55.7929
55.7929
57.9347
57.9347
55.7929
55.7929
55.7929
55.7929
55.7929
55.7929
55.7929
55.7929
55.7929
55.7929
55.7929
55.7929
55.7929
55.7929
55.7929
55.7929
55.7929
55.7929
55.7929
55.7929
55.7929
55.7929
55.7929
55.7929
55.7929
55.7929
55.7929
55.7929
55.7929
55.7929
55.7929
55.7929
55.7929
55.7929
55.7929
55.7929
55.7929
55.7929
55.7929
55.7929
55.7929
55.7929
55.7929
55.7929
55.7929
55.7929
53.651
53.651
55.7929
55.7929
55.7929
55.7929
53.651
53.651
55.7929
55.7929
53.651
55.7929
53.651
55.7929
55.7929
55.7929
53.651
55.7929
55.7929
55.7929
53.651
55.7929
53.651
55.7929
53.651
55.7929
55.7929
53.651
53.651
55.7929
53.651
55.7929
55.7929
55.7929
53.651
53.651
55.7929
53.651
53.651
55.7929
53.651
55.7929
55.7929
55.7929
53.651
55.7929
53.651
55.7929
55.7929
53.651
53.651
53.651
55.7929
53.651
53.651
53.651
55.7929
53.651
55.7929
53.651
53.651
53.651
55.7929
53.651
55.7929
53.651
53.651
53.651
53.651
55.7929
53.651
55.7929
53.651
53.651
55.7929
55.7929
53.651
53.651
55.7929
53.651
53.651
53.651
53.651
53.651
55.7929
53.651
53.651
53.651
53.651
53.651
53.651
53.651
53.651
53.651
53.651
53.651
53.651
53.651
53.651
53.651
53.651
53.651
53.651
53.651
53.651
53.651
53.651
53.651
53.651
55.7929
53.651
53.651
53.651
53.651
53.651
51.5091
53.651
53.651
53.651
53.651
53.651
53.651
53.651
53.651
53.651
53.651
53.651
53.651
53.651
53.651
53.651
51.5091
51.5091
53.651
53.651
53.651
53.651
53.651
53.651
53.651
53.651
53.651
53.651
53.651
53.651
51.5091
53.651
53.651
53.651
53.651
51.5091
53.651
53.651
53.651
53.651
51.5091
53.651
53.651
53.651
51.5091
51.5091
53.651
53.651
51.5091
53.651
53.651
53.651
53.651
51.5091
53.651
53.651
51.5091
53.651
53.651
53.651
53.651
53.651
53.651
51.5091
53.651
53.651
53.651
51.5091
51.5091
51.5091
53.651
51.5091
51.5091
53.651
51.5091
53.651
53.651
51.5091
51.5091
53.651
53.651
51.5091
53.651
53.651
51.5091
51.5091
53.651
51.5091
53.651
53.651
51.5091
53.651
51.5091
53.651
51.5091
51.5091
53.651
51.5091
53.651
53.651
53.651
51.5091
51.5091
53.651
51.5091
53.651
53.651
53.651
53.651
53.651
53.651
53.651
53.651
53.651
53.651
51.5091
51.5091
53.651
51.5091
53.651
53.651
51.5091
53.651
53.651
51.5091
53.651
53.651
51.5091
51.5091
53.651
53.651
53.651
51.5091
53.651
53.651
51.5091
51.5091
51.5091
51.5091
51.5091
51.5091
51.5091
51.5091
51.5091
53.651
51.5091
51.5091
51.5091
53.651
53.651
51.5091
53.651
51.5091
53.651
53.651
51.5091
53.651
51.5091
53.651
51.5091
51.5091
53.651
51.5091
53.651
51.5091
53.651
53.651
51.5091
51.5091
51.5091
53.651
51.5091
51.5091
53.651
51.5091
53.651
51.5091
51.5091
53.651
51.5091
51.5091
51.5091
53.651
53.651
51.5091
53.651
51.5091
53.651
51.5091
51.5091
51.5091
53.651
51.5091
53.651
51.5091
51.5091
51.5091
51.5091
53.651
51.5091
51.5091
51.5091
53.651
51.5091
53.651
51.5091
51.5091
51.5091
53.651
53.651
51.5091
51.5091
53.651
53.651
51.5091
53.651
51.5091
51.5091
51.5091
51.5091
51.5091
53.651
53.651
51.5091
51.5091
51.5091
51.5091
53.651
51.5091
51.5091
53.651
51.5091
51.5091
51.5091
51.5091
51.5091
51.5091
53.651
51.5091
51.5091
53.651
53.651
53.651
51.5091
51.5091
51.5091
53.651
53.651
51.5091
51.5091
51.5091
51.5091
51.5091
51.5091
51.5091
51.5091
51.5091
51.5091
53.651
51.5091
51.5091
51.5091
51.5091
51.5091
51.5091
51.5091
51.5091
53.651
51.5091
51.5091
51.5091
51.5091
51.5091
51.5091
51.5091
53.651
51.5091
51.5091
51.5091
53.651
51.5091
51.5091
51.5091
53.651
51.5091
51.5091
51.5091
53.651
51.5091
51.5091
51.5091
53.651
51.5091
51.5091
51.5091
51.5091
51.5091
51.5091
51.5091
51.5091
51.5091
51.5091
51.5091
51.5091
51.5091
51.5091
51.5091
51.5091
51.5091
51.5091
51.5091
51.5091
51.5091
51.5091
51.5091
51.5091
51.5091
51.5091
51.5091
51.5091
51.5091
53.651
53.651
51.5091
51.5091
51.5091
51.5091
53.651
51.5091
51.5091
51.5091
51.5091
51.5091
51.5091
51.5091
51.5091
51.5091
51.5091
51.5091
51.5091
51.5091
51.5091
51.5091
51.5091
51.5091
51.5091
51.5091
51.5091
51.5091
51.5091
51.5091
51.5091
53.651
51.5091
51.5091
51.5091
51.5091
51.5091
51.5091
51.5091
53.651
53.651
51.5091
51.5091
51.5091
51.5091
51.5091
0
0
0
0
0
0
0
0
0
0
0
0
0
0
0
0
0
0
0
0
0
0
0
0
0
0
0
0
0
0
0
0
0
0
0
0
0
0
0
0
0
0
0
0
0
0
0
0
0
0
0
0
0
0
0
0
0
0
0
0
0
0
0
0
0
0
0
0
0
0
0
0
0
0
0
0
0
0
0
0
0
0
0
0
0
0
0
0
0
0
0
0
0
0
0
0
0
0
0
0
0
0
0
0
0
0
0
0
0
0
0
0
0
0
0
0
0
0
0
0
0
0
0
0
0
0
0
0
0
0
0
0
0
0
0
0
0
0
0
0
0
0
0
0
0
0
0
0
0
0
0
0
0
0
0
0
0
0
0
0
0
0
0
0
0
0
0
0
0
0
0
0
0
0
0
0
0
0
0
0
0
0
0
0
0
0
0
0
0
0
0
0
0
0
0
0
0
0
0
0
0
0
0
0
0
0
0
0
0
0
0
0
0
0
0
0
0
0
0
0
0
0
0
0
0
0
0
0
0
0
0
0
0
0
0
0
0
0
0
0
0
0
0
0
0
0
0
0
0
0
0
0
0
0
0
0
0
0
0
0
0
0
0
0
0
0
0
0
0
0
0
0
0
0
0
0
0
0
0
0
0
0
0
0
0
0
0
0
0
0
0
0
0
0
0
0
0
0
0
0
0
0
0
0
0
0
0
0
0
0
0
0
0
0
0
0
0
0
0
0
0
0
0
0
0
0
0
0
0
0
0
0
0
0
0
0
0
0
0
0
0
0
0
0
0
0
0
0
0
0
0
0
0
0
0
0
0
0
0
0
0
0
0
0
0
0
0
0
0
0
0
0
0
0
0
0
0
0
0
0
0
0
0
0
0
0
0
0
0
0
0
0
0
0
0
0
0
0
0
0
0
0
0
0
0
0
0
0
0
0
0
0
0
0
0
0
0
0
0
0
0
0
0
0
0
0
0
0
0
0
0
0
0
0
0
0
0
0
0
0
0
0
0
0
0
0
0
0
0
0
0
0
0
0
0
0
0
0
0
0
0
0
0
0
0
0
0
0
0
0
0
0
0
0
0
0
0
0
0
0
0
0
0
0
0
0
0
0
0
0
0
0
0
0
0
0
0
0
0
0
0
0
0
0
0
0
0
0
0
0
0
0
0
0
0
0
0
0
0
0
0
0
0
0
0
0
0
0
0
0
0
0
0
0
0
0
0
0
0
0
0
0
0
0
0
0
0
0
0
0
0
0
0
0
0
0
0
0
0
0
0
0
0
0
0
0
0
0
0
0
0
0
0
0
0
0
0
0
0
0
0
0
0
0
0
0
0
0
0
0
0
0
0
0
0
0
0
0
0
0
0
0
0
0
0
0
0
0
0
0
0
0
0
0
0
0
0
0
0
0
0
0
0
0
0
0
0
0
0
0
0
0
0
0
0
0
0
0
0
0
0
0
0
0
0
0
0
0
0
0
0
0
0
0
0
0
0
0
0
0
0
0
0
0
0
0
0
0
0
0
0
0
0
0
0
0
0
0
0
0
0
0
0
0
0
0
0
0
0
0
0
0
0
0
0
0
0
0
0
0
0
0
0
0
0
0
0
0
0
0
0
0
0
0
0
0
0
0
0
0
0
0
0
0
0
0
0
0
0
0
0
0
0
0
0
0
0
0
0
0
0
0
0
0
0
0
0
0
0
0
0
0
0
0
0
0
0
0
0
0
0
0
0
0
0
0
0
0
0
0
0
0
0
0
0
0
0
0
0
0
0
0
0
0
0
0
0
0
0
0
0
0
0
0
0
0
0
0
0
0
0
526.839
87.9202
75.0694
75.0694
75.0694
66.5021
64.3603
64.3603
64.3603
64.3603
64.3603
64.3603
62.2185
62.2185
62.2185
62.2185
62.2185
62.2185
62.2185
62.2185
62.2185
62.2185
62.2185
62.2185
62.2185
62.2185
62.2185
62.2185
62.2185
62.2185
62.2185
62.2185
62.2185
62.2185
60.0766
60.0766
60.0766
60.0766
60.0766
60.0766
60.0766
60.0766
60.0766
60.0766
60.0766
60.0766
60.0766
57.9347
57.9347
57.9347
57.9347
57.9347
57.9347
55.7929
55.7929
57.9347
55.7929
55.7929
55.7929
55.7929
55.7929
55.7929
57.9347
55.7929
55.7929
55.7929
55.7929
55.7929
55.7929
55.7929
55.7929
55.7929
55.7929
55.7929
53.651
55.7929
55.7929
55.7929
55.7929
55.7929
55.7929
55.7929
55.7929
55.7929
55.7929
55.7929
55.7929
55.7929
55.7929
55.7929
55.7929
55.7929
53.651
55.7929
53.651
55.7929
55.7929
55.7929
55.7929
53.651
55.7929
55.7929
55.7929
55.7929
55.7929
55.7929
55.7929
55.7929
55.7929
55.7929
55.7929
53.651
53.651
55.7929
55.7929
53.651
55.7929
55.7929
53.651
53.651
55.7929
53.651
55.7929
55.7929
55.7929
53.651
53.651
55.7929
55.7929
55.7929
53.651
55.7929
55.7929
55.7929
55.7929
55.7929
55.7929
53.651
55.7929
53.651
53.651
55.7929
53.651
53.651
55.7929
53.651
55.7929
53.651
53.651
55.7929
55.7929
55.7929
53.651
55.7929
55.7929
55.7929
53.651
55.7929
55.7929
55.7929
53.651
55.7929
55.7929
53.651
55.7929
53.651
55.7929
53.651
55.7929
53.651
53.651
53.651
53.651
53.651
55.7929
53.651
53.651
53.651
55.7929
53.651
55.7929
53.651
53.651
53.651
55.7929
53.651
55.7929
53.651
53.651
55.7929
53.651
53.651
53.651
55.7929
53.651
53.651
53.651
53.651
53.651
53.651
55.7929
53.651
53.651
53.651
53.651
53.651
53.651
53.651
53.651
53.651
53.651
53.651
53.651
53.651
53.651
55.7929
55.7929
55.7929
53.651
53.651
53.651
53.651
53.651
53.651
53.651
53.651
53.651
53.651
53.651
53.651
51.5091
53.651
53.651
53.651
53.651
53.651
53.651
53.651
53.651
51.5091
53.651
53.651
53.651
53.651
53.651
53.651
53.651
51.5091
53.651
53.651
53.651
53.651
53.651
53.651
53.651
53.651
53.651
51.5091
53.651
53.651
53.651
51.5091
53.651
53.651
53.651
51.5091
53.651
53.651
53.651
51.5091
51.5091
53.651
51.5091
53.651
53.651
53.651
51.5091
51.5091
53.651
53.651
51.5091
53.651
51.5091
53.651
53.651
53.651
53.651
51.5091
53.651
53.651
51.5091
51.5091
53.651
51.5091
53.651
51.5091
53.651
51.5091
53.651
53.651
53.651
51.5091
51.5091
53.651
51.5091
53.651
53.651
51.5091
53.651
51.5091
53.651
51.5091
53.651
53.651
53.651
51.5091
53.651
53.651
51.5091
53.651
53.651
53.651
51.5091
51.5091
53.651
51.5091
53.651
53.651
51.5091
51.5091
53.651
53.651
51.5091
53.651
51.5091
51.5091
53.651
53.651
53.651
51.5091
53.651
51.5091
53.651
53.651
51.5091
51.5091
53.651
51.5091
53.651
51.5091
51.5091
53.651
51.5091
51.5091
53.651
51.5091
53.651
53.651
51.5091
53.651
53.651
51.5091
53.651
51.5091
53.651
53.651
51.5091
53.651
53.651
51.5091
53.651
51.5091
53.651
53.651
51.5091
51.5091
53.651
51.5091
53.651
51.5091
51.5091
53.651
51.5091
53.651
51.5091
53.651
51.5091
51.5091
53.651
51.5091
53.651
53.651
53.651
53.651
53.651
51.5091
51.5091
51.5091
53.651
51.5091
51.5091
51.5091
53.651
53.651
51.5091
51.5091
51.5091
53.651
51.5091
51.5091
53.651
51.5091
53.651
51.5091
53.651
53.651
51.5091
51.5091
51.5091
51.5091
53.651
51.5091
51.5091
53.651
51.5091
51.5091
53.651
53.651
51.5091
53.651
51.5091
51.5091
51.5091
53.651
53.651
51.5091
51.5091
51.5091
51.5091
51.5091
53.651
53.651
51.5091
51.5091
51.5091
51.5091
53.651
51.5091
53.651
51.5091
51.5091
51.5091
51.5091
51.5091
51.5091
53.651
53.651
53.651
53.651
51.5091
53.651
51.5091
51.5091
51.5091
53.651
53.651
53.651
51.5091
51.5091
51.5091
51.5091
53.651
51.5091
51.5091
51.5091
51.5091
53.651
51.5091
51.5091
53.651
51.5091
51.5091
51.5091
51.5091
51.5091
51.5091
53.651
53.651
51.5091
51.5091
53.651
51.5091
51.5091
51.5091
51.5091
51.5091
51.5091
51.5091
51.5091
53.651
51.5091
51.5091
53.651
53.651
51.5091
51.5091
53.651
51.5091
51.5091
51.5091
51.5091
51.5091
51.5091
51.5091
51.5091
51.5091
51.5091
51.5091
51.5091
51.5091
51.5091
53.651
51.5091
51.5091
51.5091
51.5091
53.651
51.5091
51.5091
51.5091
51.5091
51.5091
51.5091
51.5091
51.5091
51.5091
51.5091
51.5091
51.5091
51.5091
51.5091
51.5091
51.5091
51.5091
51.5091
51.5091
51.5091
51.5091
51.5091
51.5091
51.5091
51.5091
51.5091
53.651
51.5091
51.5091
51.5091
51.5091
51.5091
51.5091
51.5091
51.5091
51.5091
51.5091
51.5091
51.5091
51.5091
51.5091
51.5091
51.5091
51.5091
51.5091
51.5091
51.5091
51.5091
53.651
51.5091
51.5091
51.5091
51.5091
51.5091
53.651
53.651
51.5091
51.5091
51.5091
51.5091
51.5091
53.651
51.5091
51.5091
51.5091
51.5091
51.5091
51.5091
53.651
53.651
53.651
51.5091
25.806
0
0
0
0
0
0
0
0
0
0
0
0
0
0
0
0
0
0
0
0
0
0
0
0
0
0
0
0
0
0
0
0
0
0
0
0
0
0
0
0
0
0
0
0
0
0
0
0
0
0
0
0
0
0
0
0
0
0
0
0
0
0
0
0
0
0
0
0
0
0
0
0
0
0
0
0
0
0
0
0
0
0
0
0
0
0
0
0
0
0
0
0
0
0
0
0
0
0
0
0
0
0
0
0
0
0
0
0
0
0
0
0
0
0
0
0
0
0
0
0
0
0
0
0
0
0
0
0
0
0
0
0
0
0
0
0
0
0
0
0
0
0
0
0
0
0
0
0
0
0
0
0
0
0
0
0
0
0
0
0
0
0
0
0
0
0
0
0
0
0
0
0
0
0
0
0
0
0
0
0
0
0
0
0
0
0
0
0
0
0
0
0
0
0
0
0
0
0
0
0
0
0
0
0
0
0
0
0
0
0
0
0
0
0
0
0
0
0
0
0
0
0
0
0
0
0
0
0
0
0
0
0
0
0
0
0
0
0
0
0
0
0
0
0
0
0
0
0
0
0
0
0
0
0
0
0
0
0
0
0
0
0
0
0
0
0
0
0
0
0
0
0
0
0
0
0
0
0
0
0
0
0
0
0
0
0
0
0
0
0
0
0
0
0
0
0
0
0
0
0
0
0
0
0
0
0
0
0
0
0
0
0
0
0
0
0
0
0
0
0
0
0
0
0
0
0
0
0
0
0
0
0
0
0
0
0
0
0
0
0
0
0
0
0
0
0
0
0
0
0
0
0
0
0
0
0
0
0
0
0
0
0
0
0
0
0
0
0
0
0
0
0
0
0
0
0
0
0
0
0
0
0
0
0
0
0
0
0
0
0
0
0
0
0
0
0
0
0
0
0
0
0
0
0
0
0
0
0
0
0
0
0
0
0
0
0
0
0
0
0
0
0
0
0
0
0
0
0
0
0
0
0
0
0
0
0
0
0
0
0
0
0
0
0
0
0
0
0
0
0
0
0
0
0
0
0
0
0
0
0
0
0
0
0
0
0
0
0
0
0
0
0
0
0
0
0
0
0
0
0
0
0
0
0
0
0
0
0
0
0
0
0
0
0
0
0
0
0
0
0
0
0
0
0
0
0
0
0
0
0
0
0
0
0
0
0
0
0
0
0
0
0
0
0
0
0
0
0
0
0
0
0
0
0
0
0
0
0
0
0
0
0
0
0
0
0
0
0
0
0
0
0
0
0
0
0
0
0
0
0
0
0
0
0
0
0
0
0
0
0
0
0
0
0
0
0
0
0
0
0
0
0
0
0
0
0
0
0
0
0
0
0
0
0
0
0
0
0
0
0
0
0
0
0
0
0
0
0
0
0
0
0
0
0
0
0
0
0
0
0
0
0
0
0
0
0
0
0
0
0
0
0
0
0
0
0
0
0
0
0
0
0
0
0
0
0
0
0
0
0
0
0
0
0
0
0
0
0
0
0
0
0
0
0
0
0
0
0
0
0
0
0
0
0
0
0
0
0
0
0
0
0
0
0
0
0
0
0
0
0
0
0
0
0
0
0
0
0
0
0
0
0
0
0
0
0
0
0
0
0
0
0
0
0
0
0
0
0
0
0
0
0
0
0
0
0
0
0
0
0
0
0
0
0
0
0
0
0
0
0
0
0
0
0
0
0
0
0
0
0
0
0
0
0
0
0
0
0
0
0
0
0
0
0
0
0
0
0
0
0
0
0
0
0
0
0
0
0
0
0
0
0
0
0
0
0
0
0
0
0
0
334.178
858.513
858.513
477.609
77.2112
70.7858
68.644
68.644
68.644
66.5021
64.3603
64.3603
62.2185
62.2185
62.2185
62.2185
62.2185
62.2185
64.3603
62.2185
62.2185
62.2185
62.2185
62.2185
62.2185
62.2185
60.0766
62.2185
62.2185
62.2185
60.0766
62.2185
60.0766
60.0766
62.2185
60.0766
60.0766
60.0766
60.0766
60.0766
62.2185
60.0766
60.0766
57.9347
57.9347
60.0766
60.0766
57.9347
60.0766
60.0766
60.0766
57.9347
57.9347
57.9347
57.9347
57.9347
55.7929
57.9347
57.9347
55.7929
57.9347
55.7929
57.9347
57.9347
55.7929
55.7929
55.7929
57.9347
57.9347
55.7929
55.7929
55.7929
55.7929
55.7929
55.7929
55.7929
55.7929
55.7929
55.7929
55.7929
55.7929
55.7929
55.7929
55.7929
55.7929
55.7929
55.7929
57.9347
55.7929
55.7929
55.7929
55.7929
55.7929
55.7929
55.7929
55.7929
53.651
55.7929
55.7929
55.7929
55.7929
55.7929
55.7929
55.7929
55.7929
55.7929
57.9347
55.7929
55.7929
55.7929
55.7929
55.7929
55.7929
55.7929
55.7929
55.7929
55.7929
55.7929
55.7929
55.7929
55.7929
55.7929
55.7929
55.7929
55.7929
55.7929
55.7929
55.7929
55.7929
57.9347
57.9347
53.651
55.7929
55.7929
55.7929
55.7929
55.7929
55.7929
55.7929
55.7929
53.651
55.7929
55.7929
53.651
55.7929
55.7929
55.7929
53.651
55.7929
55.7929
55.7929
55.7929
53.651
55.7929
55.7929
55.7929
55.7929
53.651
55.7929
55.7929
55.7929
55.7929
55.7929
55.7929
53.651
55.7929
55.7929
55.7929
53.651
55.7929
53.651
53.651
55.7929
55.7929
53.651
55.7929
55.7929
53.651
55.7929
53.651
55.7929
55.7929
53.651
53.651
55.7929
53.651
53.651
55.7929
55.7929
55.7929
53.651
53.651
55.7929
55.7929
53.651
53.651
53.651
53.651
55.7929
53.651
53.651
53.651
53.651
53.651
55.7929
53.651
53.651
53.651
55.7929
53.651
55.7929
55.7929
53.651
53.651
53.651
53.651
53.651
55.7929
53.651
53.651
55.7929
53.651
53.651
53.651
53.651
53.651
53.651
53.651
55.7929
53.651
53.651
53.651
53.651
55.7929
53.651
53.651
53.651
53.651
53.651
53.651
53.651
55.7929
53.651
53.651
53.651
53.651
53.651
55.7929
55.7929
53.651
53.651
53.651
53.651
53.651
53.651
53.651
55.7929
55.7929
53.651
53.651
53.651
53.651
53.651
53.651
53.651
53.651
53.651
53.651
53.651
53.651
53.651
53.651
53.651
53.651
53.651
53.651
53.651
53.651
53.651
53.651
53.651
53.651
53.651
53.651
53.651
53.651
53.651
53.651
53.651
53.651
53.651
53.651
53.651
51.5091
53.651
53.651
53.651
53.651
53.651
53.651
53.651
53.651
53.651
53.651
51.5091
53.651
53.651
53.651
53.651
51.5091
53.651
53.651
53.651
53.651
53.651
51.5091
53.651
53.651
53.651
53.651
53.651
51.5091
53.651
53.651
53.651
53.651
53.651
53.651
53.651
51.5091
53.651
53.651
53.651
53.651
51.5091
53.651
53.651
53.651
51.5091
51.5091
53.651
53.651
51.5091
51.5091
53.651
53.651
51.5091
53.651
53.651
51.5091
53.651
53.651
51.5091
51.5091
53.651
51.5091
53.651
53.651
53.651
53.651
51.5091
53.651
51.5091
51.5091
53.651
51.5091
53.651
53.651
53.651
51.5091
53.651
51.5091
53.651
53.651
53.651
53.651
53.651
51.5091
51.5091
53.651
51.5091
53.651
53.651
53.651
53.651
53.651
51.5091
51.5091
53.651
51.5091
53.651
51.5091
51.5091
53.651
51.5091
53.651
51.5091
51.5091
53.651
51.5091
53.651
51.5091
51.5091
53.651
53.651
53.651
51.5091
51.5091
53.651
53.651
53.651
51.5091
51.5091
53.651
53.651
51.5091
53.651
53.651
53.651
53.651
51.5091
53.651
53.651
51.5091
53.651
51.5091
53.651
53.651
51.5091
51.5091
53.651
51.5091
51.5091
53.651
53.651
51.5091
53.651
51.5091
51.5091
51.5091
53.651
51.5091
51.5091
53.651
51.5091
51.5091
53.651
53.651
51.5091
53.651
53.651
51.5091
51.5091
53.651
53.651
51.5091
53.651
51.5091
51.5091
53.651
53.651
51.5091
53.651
53.651
51.5091
51.5091
53.651
51.5091
51.5091
53.651
53.651
51.5091
53.651
53.651
51.5091
53.651
53.651
53.651
51.5091
51.5091
53.651
53.651
51.5091
53.651
53.651
51.5091
53.651
53.651
51.5091
51.5091
53.651
51.5091
51.5091
53.651
53.651
51.5091
51.5091
51.5091
53.651
51.5091
51.5091
51.5091
53.651
51.5091
53.651
53.651
51.5091
51.5091
51.5091
51.5091
53.651
51.5091
51.5091
51.5091
51.5091
53.651
51.5091
51.5091
53.651
51.5091
51.5091
51.5091
51.5091
51.5091
53.651
51.5091
51.5091
51.5091
53.651
53.651
51.5091
51.5091
53.651
51.5091
51.5091
51.5091
51.5091
51.5091
53.651
53.651
51.5091
53.651
51.5091
53.651
53.651
51.5091
51.5091
51.5091
53.651
51.5091
51.5091
53.651
51.5091
51.5091
53.651
53.651
51.5091
51.5091
51.5091
53.651
53.651
51.5091
53.651
51.5091
51.5091
53.651
51.5091
53.651
51.5091
51.5091
51.5091
53.651
51.5091
53.651
51.5091
51.5091
51.5091
51.5091
51.5091
51.5091
53.651
51.5091
53.651
51.5091
53.651
53.651
51.5091
53.651
51.5091
51.5091
51.5091
53.651
53.651
51.5091
51.5091
51.5091
53.651
51.5091
53.651
51.5091
51.5091
51.5091
51.5091
51.5091
53.651
53.651
51.5091
53.651
51.5091
51.5091
51.5091
51.5091
51.5091
51.5091
53.651
53.651
51.5091
53.651
51.5091
51.5091
51.5091
53.651
51.5091
53.651
51.5091
51.5091
51.5091
51.5091
53.651
51.5091
51.5091
51.5091
53.651
51.5091
53.651
53.651
51.5091
51.5091
51.5091
51.5091
53.651
53.651
51.5091
53.651
51.5091
51.5091
51.5091
51.5091
51.5091
51.5091
53.651
53.651
51.5091
51.5091
53.651
51.5091
51.5091
51.5091
51.5091
51.5091
53.651
53.651
51.5091
51.5091
51.5091
51.5091
53.651
53.651
51.5091
53.651
51.5091
51.5091
51.5091
53.651
51.5091
51.5091
53.651
51.5091
51.5091
51.5091
53.651
53.651
51.5091
51.5091
2.24392
0
0
0
0
0
0
0
0
0
0
0
0
0
0
0
0
0
0
0
0
0
0
0
0
0
0
0
0
0
0
0
0
0
0
0
0
0
0
0
0
0
0
0
0
0
0
0
0
0
0
0
0
0
0
0
0
0
0
0
0
0
0
0
0
0
0
0
0
0
0
0
0
0
0
0
0
0
0
0
0
0
0
0
0
0
0
0
0
0
0
0
0
0
0
0
0
0
0
0
0
0
0
0
0
0
0
0
0
0
0
0
0
0
0
0
0
0
0
0
0
0
0
0
0
0
0
0
0
0
0
0
0
0
0
0
0
0
0
0
0
0
0
0
0
0
0
0
0
0
0
0
0
0
0
0
0
0
0
0
0
0
0
0
0
0
0
0
0
0
0
0
0
0
0
0
0
0
0
0
0
0
0
0
0
0
0
0
0
0
0
0
0
0
0
0
0
0
0
0
0
0
0
0
0
0
0
0
0
0
0
0
0
0
0
0
0
0
0
0
0
0
0
0
0
0
0
0
0
0
0
0
0
0
0
0
0
0
0
0
0
0
0
0
0
0
0
0
0
0
0
0
0
0
0
0
0
0
0
0
0
0
0
0
0
0
0
0
0
0
0
0
0
0
0
0
0
0
0
0
0
0
0
0
0
0
0
0
0
0
0
0
0
0
0
0
0
0
0
0
0
0
0
0
0
0
0
0
0
0
0
0
0
0
0
0
0
0
0
0
0
0
0
0
0
0
0
0
0
0
0
0
0
0
0
0
0
0
0
0
0
0
0
0
0
0
0
0
0
0
0
0
0
0
0
0
0
0
0
0
0
0
0
0
0
0
0
0
0
0
0
0
0
0
0
0
0
0
0
0
0
0
0
0
0
0
0
0
0
0
0
0
0
0
0
0
0
0
0
0
0
0
0
0
0
0
0
0
0
0
0
0
0
0
0
0
0
0
0
0
0
0
0
0
0
0
0
0
0
0
0
0
0
0
0
0
0
0
0
0
0
0
0
0
0
0
0
0
0
0
0
0
0
0
0
0
0
0
0
0
0
0
0
0
0
0
0
0
0
0
0
0
0
0
0
0
0
0
0
0
0
0
0
0
0
0
0
0
0
0
0
0
0
0
0
0
0
0
0
0
0
0
0
0
0
0
0
0
0
0
0
0
0
0
0
0
0
0
0
0
0
0
0
0
0
0
0
0
0
0
0
0
0
0
0
0
0
0
0
0
0
0
0
0
0
0
0
0
0
0
0
0
0
0
0
0
0
0
0
0
0
0
0
0
0
0
0
0
0
0
0
0
0
0
0
0
0
0
0
0
0
0
0
0
0
0
0
0
0
0
0
0
0
0
0
0
0
0
0
0
0
0
0
0
0
0
0
0
0
0
0
0
0
0
0
0
0
0
0
0
0
0
0
0
0
0
0
0
0
0
0
0
0
0
0
0
0
0
0
0
0
0
0
0
0
0
0
0
0
0
0
0
0
0
0
0
0
0
0
0
0
0
0
0
0
0
0
0
0
0
0
0
0
0
0
0
0
0
0
0
0
0
0
0
0
0
0
0
0
0
0
0
0
0
0
0
0
0
0
0
0
0
0
0
0
0
0
0
0
0
0
0
0
0
0
0
0
0
0
0
0
0
0
0
0
0
0
0
0
0
0
0
0
0
0
0
0
0
0
0
0
0
0
0
0
0
0
0
0
0
0
0
0
0
0
0
0
0
0
0
0
0
0
0
0
0
0
0
0
0
0
0
0
139.321
899.158
586.766
586.766
92.2037
77.2112
68.644
66.5021
66.5021
64.3603
66.5021
66.5021
62.2185
64.3603
62.2185
62.2185
64.3603
62.2185
62.2185
62.2185
64.3603
62.2185
62.2185
62.2185
62.2185
62.2185
62.2185
62.2185
62.2185
62.2185
62.2185
60.0766
60.0766
62.2185
60.0766
60.0766
60.0766
60.0766
60.0766
60.0766
60.0766
60.0766
60.0766
60.0766
57.9347
60.0766
60.0766
60.0766
60.0766
60.0766
60.0766
57.9347
60.0766
57.9347
57.9347
57.9347
57.9347
55.7929
57.9347
55.7929
57.9347
55.7929
55.7929
55.7929
57.9347
55.7929
55.7929
55.7929
57.9347
55.7929
57.9347
55.7929
55.7929
57.9347
55.7929
57.9347
55.7929
55.7929
55.7929
55.7929
55.7929
55.7929
55.7929
55.7929
55.7929
55.7929
55.7929
55.7929
55.7929
55.7929
55.7929
55.7929
55.7929
55.7929
55.7929
55.7929
55.7929
55.7929
55.7929
55.7929
55.7929
55.7929
53.651
55.7929
55.7929
53.651
55.7929
55.7929
55.7929
55.7929
55.7929
55.7929
55.7929
55.7929
55.7929
53.651
55.7929
55.7929
55.7929
55.7929
55.7929
55.7929
55.7929
53.651
53.651
55.7929
55.7929
53.651
55.7929
53.651
55.7929
55.7929
55.7929
55.7929
55.7929
55.7929
55.7929
55.7929
53.651
55.7929
55.7929
55.7929
55.7929
53.651
55.7929
55.7929
55.7929
53.651
55.7929
53.651
55.7929
53.651
55.7929
53.651
53.651
55.7929
55.7929
55.7929
53.651
55.7929
53.651
53.651
55.7929
53.651
55.7929
53.651
55.7929
53.651
55.7929
53.651
53.651
55.7929
55.7929
53.651
55.7929
53.651
55.7929
53.651
53.651
53.651
53.651
55.7929
53.651
53.651
55.7929
55.7929
53.651
55.7929
53.651
55.7929
53.651
53.651
53.651
55.7929
53.651
53.651
53.651
53.651
55.7929
53.651
53.651
53.651
55.7929
53.651
55.7929
53.651
53.651
55.7929
55.7929
53.651
53.651
55.7929
53.651
53.651
53.651
55.7929
55.7929
53.651
53.651
53.651
55.7929
53.651
53.651
53.651
53.651
53.651
55.7929
53.651
53.651
53.651
53.651
53.651
53.651
53.651
53.651
53.651
55.7929
55.7929
53.651
53.651
53.651
53.651
53.651
53.651
53.651
53.651
53.651
53.651
53.651
53.651
51.5091
53.651
53.651
53.651
53.651
53.651
53.651
53.651
53.651
51.5091
53.651
53.651
53.651
53.651
53.651
53.651
53.651
53.651
51.5091
51.5091
53.651
53.651
53.651
53.651
53.651
51.5091
53.651
53.651
53.651
51.5091
53.651
53.651
53.651
51.5091
53.651
53.651
53.651
53.651
53.651
51.5091
53.651
53.651
51.5091
51.5091
53.651
53.651
51.5091
53.651
53.651
51.5091
53.651
53.651
51.5091
51.5091
53.651
51.5091
53.651
53.651
51.5091
53.651
53.651
53.651
53.651
53.651
51.5091
53.651
51.5091
53.651
53.651
53.651
51.5091
53.651
51.5091
53.651
51.5091
53.651
51.5091
51.5091
53.651
51.5091
53.651
51.5091
53.651
51.5091
53.651
51.5091
51.5091
53.651
51.5091
51.5091
53.651
53.651
51.5091
53.651
51.5091
51.5091
53.651
51.5091
53.651
53.651
53.651
51.5091
53.651
53.651
51.5091
51.5091
51.5091
53.651
51.5091
53.651
51.5091
51.5091
53.651
53.651
53.651
53.651
53.651
51.5091
51.5091
51.5091
53.651
51.5091
53.651
51.5091
51.5091
53.651
51.5091
53.651
51.5091
53.651
51.5091
53.651
53.651
51.5091
51.5091
51.5091
53.651
51.5091
51.5091
53.651
51.5091
51.5091
53.651
51.5091
51.5091
53.651
53.651
51.5091
53.651
51.5091
53.651
51.5091
51.5091
53.651
51.5091
51.5091
53.651
51.5091
53.651
51.5091
51.5091
53.651
51.5091
51.5091
51.5091
53.651
51.5091
53.651
51.5091
53.651
51.5091
51.5091
51.5091
53.651
51.5091
51.5091
53.651
51.5091
51.5091
53.651
51.5091
51.5091
51.5091
51.5091
51.5091
51.5091
53.651
51.5091
51.5091
51.5091
51.5091
53.651
51.5091
51.5091
53.651
51.5091
51.5091
53.651
51.5091
51.5091
51.5091
51.5091
51.5091
51.5091
51.5091
51.5091
53.651
51.5091
53.651
51.5091
51.5091
51.5091
53.651
53.651
51.5091
51.5091
53.651
51.5091
51.5091
51.5091
53.651
53.651
51.5091
51.5091
53.651
51.5091
51.5091
51.5091
53.651
53.651
51.5091
51.5091
53.651
51.5091
51.5091
53.651
51.5091
51.5091
51.5091
53.651
53.651
51.5091
53.651
53.651
51.5091
51.5091
51.5091
51.5091
51.5091
51.5091
53.651
51.5091
53.651
51.5091
51.5091
51.5091
53.651
53.651
51.5091
51.5091
51.5091
51.5091
51.5091
53.651
53.651
51.5091
51.5091
53.651
51.5091
51.5091
51.5091
53.651
51.5091
51.5091
51.5091
53.651
51.5091
51.5091
53.651
51.5091
51.5091
51.5091
53.651
53.651
51.5091
53.651
51.5091
51.5091
51.5091
53.651
53.651
51.5091
51.5091
51.5091
51.5091
51.5091
53.651
51.5091
51.5091
51.5091
51.5091
53.651
51.5091
51.5091
51.5091
53.651
51.5091
51.5091
51.5091
51.5091
51.5091
53.651
51.5091
51.5091
51.5091
51.5091
51.5091
51.5091
51.5091
53.651
51.5091
51.5091
51.5091
51.5091
51.5091
51.5091
53.651
51.5091
51.5091
51.5091
51.5091
51.5091
51.5091
53.651
51.5091
51.5091
51.5091
51.5091
51.5091
53.651
53.651
51.5091
51.5091
51.5091
51.5091
51.5091
53.651
53.651
51.5091
51.5091
51.5091
51.5091
51.5091
51.5091
53.651
51.5091
51.5091
51.5091
51.5091
51.5091
51.5091
51.5091
51.5091
51.5091
51.5091
51.5091
51.5091
51.5091
51.5091
51.5091
51.5091
53.651
53.651
51.5091
51.5091
51.5091
51.5091
51.5091
51.5091
51.5091
53.651
51.5091
51.5091
51.5091
51.5091
51.5091
51.5091
51.5091
53.651
51.5091
51.5091
51.5091
51.5091
51.5091
51.5091
51.5091
51.5091
51.5091
51.5091
51.5091
51.5091
51.5091
51.5091
51.5091
51.5091
51.5091
51.5091
0
0
0
0
0
0
0
0
0
0
0
0
0
0
0
0
0
0
0
0
0
0
0
0
0
0
0
0
0
0
0
0
0
0
0
0
0
0
0
0
0
0
0
0
0
0
0
0
0
0
0
0
0
0
0
0
0
0
0
0
0
0
0
0
0
0
0
0
0
0
0
0
0
0
0
0
0
0
0
0
0
0
0
0
0
0
0
0
0
0
0
0
0
0
0
0
0
0
0
0
0
0
0
0
0
0
0
0
0
0
0
0
0
0
0
0
0
0
0
0
0
0
0
0
0
0
0
0
0
0
0
0
0
0
0
0
0
0
0
0
0
0
0
0
0
0
0
0
0
0
0
0
0
0
0
0
0
0
0
0
0
0
0
0
0
0
0
0
0
0
0
0
0
0
0
0
0
0
0
0
0
0
0
0
0
0
0
0
0
0
0
0
0
0
0
0
0
0
0
0
0
0
0
0
0
0
0
0
0
0
0
0
0
0
0
0
0
0
0
0
0
0
0
0
0
0
0
0
0
0
0
0
0
0
0
0
0
0
0
0
0
0
0
0
0
0
0
0
0
0
0
0
0
0
0
0
0
0
0
0
0
0
0
0
0
0
0
0
0
0
0
0
0
0
0
0
0
0
0
0
0
0
0
0
0
0
0
0
0
0
0
0
0
0
0
0
0
0
0
0
0
0
0
0
0
0
0
0
0
0
0
0
0
0
0
0
0
0
0
0
0
0
0
0
0
0
0
0
0
0
0
0
0
0
0
0
0
0
0
0
0
0
0
0
0
0
0
0
0
0
0
0
0
0
0
0
0
0
0
0
0
0
0
0
0
0
0
0
0
0
0
0
0
0
0
0
0
0
0
0
0
0
0
0
0
0
0
0
0
0
0
0
0
0
0
0
0
0
0
0
0
0
0
0
0
0
0
0
0
0
0
0
0
0
0
0
0
0
0
0
0
0
0
0
0
0
0
0
0
0
0
0
0
0
0
0
0
0
0
0
0
0
0
0
0
0
0
0
0
0
0
0
0
0
0
0
0
0
0
0
0
0
0
0
0
0
0
0
0
0
0
0
0
0
0
0
0
0
0
0
0
0
0
0
0
0
0
0
0
0
0
0
0
0
0
0
0
0
0
0
0
0
0
0
0
0
0
0
0
0
0
0
0
0
0
0
0
0
0
0
0
0
0
0
0
0
0
0
0
0
0
0
0
0
0
0
0
0
0
0
0
0
0
0
0
0
0
0
0
0
0
0
0
0
0
0
0
0
0
0
0
0
0
0
0
0
0
0
0
0
0
0
0
0
0
0
0
0
0
0
0
0
0
0
0
0
0
0
0
0
0
0
0
0
0
0
0
0
0
0
0
0
0
0
0
0
0
0
0
0
0
0
0
0
0
0
0
0
0
0
0
0
0
0
0
0
0
0
0
0
0
0
0
0
0
0
0
0
0
0
0
0
0
0
0
0
0
0
0
0
0
0
0
0
0
0
0
0
0
0
0
0
0
0
0
0
0
0
0
0
0
0
0
0
0
0
0
0
0
0
0
0
0
0
0
0
0
0
0
0
0
0
0
0
0
0
0
0
0
0
0
0
0
0
0
0
0
0
0
0
0
0
0
0
0
0
0
0
0
0
0
0
0
0
0
0
0
0
0
0
0
0
0
0
0
0
0
0
0
0
0
0
0
0
0
0
0
0
0
0
0
0
0
0
0
0
0
0
0
0
0
0
0
0
0
0
0
0
0
0
0
0
860.652
554.663
92.2037
77.2112
70.7858
70.7858
66.5021
66.5021
64.3603
64.3603
64.3603
64.3603
64.3603
62.2185
62.2185
62.2185
62.2185
62.2185
62.2185
62.2185
62.2185
62.2185
62.2185
62.2185
62.2185
62.2185
62.2185
62.2185
62.2185
62.2185
60.0766
62.2185
60.0766
62.2185
60.0766
60.0766
62.2185
60.0766
62.2185
60.0766
60.0766
60.0766
60.0766
62.2185
60.0766
60.0766
57.9347
60.0766
60.0766
60.0766
60.0766
57.9347
57.9347
57.9347
57.9347
57.9347
57.9347
57.9347
55.7929
57.9347
57.9347
57.9347
55.7929
57.9347
57.9347
55.7929
57.9347
57.9347
57.9347
57.9347
57.9347
55.7929
57.9347
57.9347
55.7929
57.9347
55.7929
55.7929
55.7929
55.7929
55.7929
57.9347
55.7929
55.7929
55.7929
55.7929
55.7929
55.7929
55.7929
55.7929
57.9347
55.7929
55.7929
55.7929
55.7929
55.7929
55.7929
55.7929
55.7929
55.7929
55.7929
55.7929
55.7929
55.7929
55.7929
55.7929
55.7929
55.7929
55.7929
55.7929
55.7929
55.7929
55.7929
55.7929
57.9347
55.7929
55.7929
55.7929
55.7929
53.651
55.7929
55.7929
55.7929
55.7929
55.7929
53.651
55.7929
55.7929
55.7929
55.7929
55.7929
55.7929
55.7929
55.7929
55.7929
55.7929
55.7929
55.7929
55.7929
55.7929
55.7929
55.7929
55.7929
55.7929
55.7929
55.7929
55.7929
55.7929
55.7929
53.651
55.7929
55.7929
55.7929
55.7929
53.651
55.7929
55.7929
53.651
55.7929
55.7929
55.7929
53.651
55.7929
53.651
55.7929
53.651
53.651
55.7929
55.7929
55.7929
55.7929
53.651
55.7929
55.7929
53.651
53.651
55.7929
53.651
55.7929
55.7929
53.651
55.7929
53.651
55.7929
55.7929
53.651
53.651
55.7929
53.651
55.7929
53.651
53.651
55.7929
55.7929
53.651
53.651
55.7929
53.651
53.651
53.651
53.651
53.651
55.7929
53.651
53.651
55.7929
55.7929
53.651
53.651
53.651
53.651
53.651
55.7929
53.651
53.651
53.651
53.651
53.651
53.651
53.651
55.7929
55.7929
53.651
53.651
55.7929
53.651
53.651
53.651
53.651
55.7929
55.7929
53.651
53.651
53.651
53.651
55.7929
55.7929
53.651
53.651
53.651
53.651
53.651
55.7929
53.651
53.651
53.651
53.651
53.651
53.651
53.651
55.7929
53.651
53.651
53.651
53.651
53.651
53.651
53.651
53.651
53.651
53.651
53.651
53.651
55.7929
53.651
53.651
51.5091
53.651
53.651
53.651
53.651
53.651
53.651
53.651
53.651
53.651
53.651
53.651
53.651
53.651
53.651
53.651
53.651
53.651
53.651
53.651
53.651
53.651
53.651
53.651
53.651
53.651
53.651
53.651
51.5091
53.651
53.651
53.651
53.651
53.651
53.651
51.5091
53.651
53.651
53.651
53.651
53.651
51.5091
53.651
53.651
51.5091
53.651
53.651
53.651
53.651
51.5091
53.651
53.651
51.5091
53.651
53.651
53.651
53.651
51.5091
53.651
53.651
51.5091
53.651
53.651
53.651
53.651
51.5091
53.651
51.5091
53.651
53.651
51.5091
53.651
53.651
53.651
53.651
53.651
51.5091
53.651
53.651
53.651
51.5091
53.651
51.5091
53.651
51.5091
53.651
53.651
53.651
53.651
53.651
51.5091
53.651
51.5091
51.5091
53.651
53.651
53.651
51.5091
53.651
53.651
51.5091
51.5091
53.651
53.651
53.651
53.651
51.5091
53.651
51.5091
53.651
53.651
53.651
53.651
53.651
51.5091
53.651
51.5091
51.5091
53.651
51.5091
53.651
51.5091
53.651
51.5091
51.5091
53.651
51.5091
51.5091
53.651
51.5091
53.651
53.651
53.651
53.651
51.5091
53.651
51.5091
53.651
53.651
51.5091
51.5091
53.651
51.5091
53.651
53.651
53.651
51.5091
53.651
51.5091
51.5091
53.651
51.5091
53.651
53.651
53.651
51.5091
53.651
53.651
51.5091
53.651
51.5091
51.5091
53.651
53.651
51.5091
53.651
51.5091
53.651
51.5091
51.5091
51.5091
53.651
51.5091
53.651
51.5091
53.651
53.651
51.5091
51.5091
51.5091
53.651
51.5091
53.651
53.651
53.651
51.5091
51.5091
53.651
51.5091
51.5091
53.651
53.651
51.5091
53.651
51.5091
53.651
51.5091
53.651
51.5091
51.5091
53.651
51.5091
51.5091
51.5091
53.651
51.5091
51.5091
53.651
51.5091
51.5091
53.651
51.5091
53.651
51.5091
51.5091
53.651
53.651
51.5091
51.5091
53.651
51.5091
51.5091
53.651
51.5091
51.5091
53.651
51.5091
53.651
53.651
51.5091
53.651
51.5091
53.651
51.5091
53.651
51.5091
51.5091
53.651
51.5091
53.651
51.5091
53.651
51.5091
51.5091
53.651
51.5091
51.5091
51.5091
53.651
51.5091
53.651
51.5091
53.651
53.651
51.5091
51.5091
51.5091
53.651
51.5091
53.651
53.651
51.5091
53.651
53.651
51.5091
51.5091
53.651
51.5091
51.5091
53.651
51.5091
51.5091
51.5091
53.651
51.5091
51.5091
53.651
53.651
51.5091
51.5091
51.5091
53.651
51.5091
51.5091
51.5091
53.651
51.5091
53.651
51.5091
51.5091
53.651
53.651
51.5091
51.5091
51.5091
53.651
51.5091
51.5091
51.5091
53.651
51.5091
53.651
51.5091
53.651
51.5091
51.5091
51.5091
53.651
51.5091
53.651
51.5091
53.651
51.5091
51.5091
51.5091
51.5091
53.651
51.5091
53.651
51.5091
51.5091
53.651
53.651
51.5091
53.651
51.5091
51.5091
51.5091
53.651
51.5091
51.5091
51.5091
51.5091
51.5091
51.5091
53.651
51.5091
51.5091
51.5091
53.651
51.5091
51.5091
51.5091
51.5091
51.5091
53.651
51.5091
51.5091
51.5091
53.651
51.5091
51.5091
53.651
51.5091
51.5091
51.5091
53.651
51.5091
51.5091
53.651
51.5091
51.5091
51.5091
51.5091
51.5091
51.5091
53.651
51.5091
51.5091
51.5091
51.5091
51.5091
51.5091
51.5091
51.5091
51.5091
51.5091
53.651
51.5091
51.5091
51.5091
51.5091
51.5091
51.5091
51.5091
53.651
51.5091
53.651
51.5091
51.5091
53.651
51.5091
51.5091
51.5091
53.651
51.5091
51.5091
53.651
51.5091
51.5091
51.5091
51.5091
53.651
51.5091
53.651
51.5091
51.5091
51.5091
51.5091
53.651
51.5091
51.5091
53.651
51.5091
51.5091
51.5091
51.5091
53.651
51.5091
51.5091
53.651
51.5091
51.5091
51.5091
51.5091
51.5091
51.5091
53.651
51.5091
51.5091
51.5091
51.5091
51.5091
51.5091
51.5091
53.651
51.5091
51.5091
51.5091
51.5091
51.5091
51.5091
51.5091
53.651
51.5091
51.5091
51.5091
51.5091
51.5091
51.5091
51.5091
51.5091
53.651
53.651
51.5091
51.5091
53.651
51.5091
51.5091
51.5091
53.651
51.5091
51.5091
51.5091
51.5091
53.651
51.5091
51.5091
51.5091
53.651
53.651
51.5091
51.5091
53.651
21.522
0
0
0
0
0
0
0
0
0
0
0
0
0
0
0
0
0
0
0
0
0
0
0
0
0
0
0
0
0
0
0
0
0
0
0
0
0
0
0
0
0
0
0
0
0
0
0
0
0
0
0
0
0
0
0
0
0
0
0
0
0
0
0
0
0
0
0
0
0
0
0
0
0
0
0
0
0
0
0
0
0
0
0
0
0
0
0
0
0
0
0
0
0
0
0
0
0
0
0
0
0
0
0
0
0
0
0
0
0
0
0
0
0
0
0
0
0
0
0
0
0
0
0
0
0
0
0
0
0
0
0
0
0
0
0
0
0
0
0
0
0
0
0
0
0
0
0
0
0
0
0
0
0
0
0
0
0
0
0
0
0
0
0
0
0
0
0
0
0
0
0
0
0
0
0
0
0
0
0
0
0
0
0
0
0
0
0
0
0
0
0
0
0
0
0
0
0
0
0
0
0
0
0
0
0
0
0
0
0
0
0
0
0
0
0
0
0
0
0
0
0
0
0
0
0
0
0
0
0
0
0
0
0
0
0
0
0
0
0
0
0
0
0
0
0
0
0
0
0
0
0
0
0
0
0
0
0
0
0
0
0
0
0
0
0
0
0
0
0
0
0
0
0
0
0
0
0
0
0
0
0
0
0
0
0
0
0
0
0
0
0
0
0
0
0
0
0
0
0
0
0
0
0
0
0
0
0
0
0
0
0
0
0
0
0
0
0
0
0
0
0
0
0
0
0
0
0
0
0
0
0
0
0
0
0
0
0
0
0
0
0
0
0
0
0
0
0
0
0
0
0
0
0
0
0
0
0
0
0
0
0
0
0
0
0
0
0
0
0
0
0
0
0
0
0
0
0
0
0
0
0
0
0
0
0
0
0
0
0
0
0
0
0
0
0
0
0
0
0
0
0
0
0
0
0
0
0
0
0
0
0
0
0
0
0
0
0
0
0
0
0
0
0
0
0
0
0
0
0
0
0
0
0
0
0
0
0
0
0
0
0
0
0
0
0
0
0
0
0
0
0
0
0
0
0
0
0
0
0
0
0
0
0
0
0
0
0
0
0
0
0
0
0
0
0
0
0
0
0
0
0
0
0
0
0
0
0
0
0
0
0
0
0
0
0
0
0
0
0
0
0
0
0
0
0
0
0
0
0
0
0
0
0
0
0
0
0
0
0
0
0
0
0
0
0
0
0
0
0
0
0
0
0
0
0
0
0
0
0
0
0
0
0
0
0
0
0
0
0
0
0
0
0
0
0
0
0
0
0
0
0
0
0
0
0
0
0
0
0
0
0
0
0
0
0
0
0
0
0
0
0
0
0
0
0
0
0
0
0
0
0
0
0
0
0
0
0
0
0
0
0
0
0
0
0
0
0
0
0
0
0
0
0
0
0
0
0
0
0
0
0
0
0
0
0
0
0
0
0
0
0
0
0
0
0
0
0
0
0
0
0
0
0
0
0
0
0
0
0
0
0
0
0
0
0
0
0
0
0
0
0
0
0
0
0
0
0
0
0
0
0
0
0
0
0
0
0
0
0
0
0
0
0
0
0
0
0
0
0
0
0
0
0
0
0
0
0
0
0
0
0
0
0
0
0
0
0
0
0
0
0
0
0
0
0
0
0
0
0
0
0
0
0
0
0
0
0
0
0
0
0
0
0
0
0
0
0
0
0
0
0
0
0
0
0
0
0
0
0
0
0
0
0
0
0
0
338.46
860.652
860.652
424.093
85.7784
70.7858
68.644
68.644
66.5021
64.3603
64.3603
64.3603
64.3603
64.3603
64.3603
62.2185
64.3603
62.2185
62.2185
62.2185
62.2185
62.2185
62.2185
62.2185
62.2185
62.2185
62.2185
62.2185
62.2185
62.2185
62.2185
60.0766
62.2185
62.2185
62.2185
62.2185
62.2185
60.0766
62.2185
62.2185
60.0766
60.0766
60.0766
60.0766
60.0766
60.0766
60.0766
60.0766
57.9347
57.9347
60.0766
60.0766
57.9347
57.9347
57.9347
60.0766
57.9347
57.9347
55.7929
57.9347
57.9347
55.7929
55.7929
57.9347
55.7929
55.7929
57.9347
57.9347
57.9347
55.7929
55.7929
57.9347
55.7929
57.9347
55.7929
55.7929
57.9347
55.7929
55.7929
57.9347
55.7929
55.7929
55.7929
55.7929
55.7929
55.7929
57.9347
55.7929
55.7929
57.9347
57.9347
55.7929
55.7929
57.9347
55.7929
55.7929
55.7929
55.7929
55.7929
55.7929
55.7929
55.7929
55.7929
55.7929
55.7929
57.9347
57.9347
55.7929
55.7929
55.7929
55.7929
55.7929
55.7929
55.7929
55.7929
57.9347
57.9347
55.7929
55.7929
55.7929
55.7929
55.7929
55.7929
55.7929
55.7929
55.7929
55.7929
55.7929
53.651
55.7929
55.7929
55.7929
55.7929
55.7929
55.7929
55.7929
55.7929
55.7929
55.7929
55.7929
55.7929
55.7929
55.7929
55.7929
55.7929
55.7929
55.7929
55.7929
55.7929
55.7929
55.7929
55.7929
55.7929
53.651
55.7929
55.7929
55.7929
55.7929
53.651
55.7929
55.7929
55.7929
55.7929
55.7929
53.651
55.7929
55.7929
55.7929
55.7929
55.7929
53.651
55.7929
55.7929
55.7929
55.7929
53.651
55.7929
55.7929
55.7929
55.7929
55.7929
53.651
55.7929
55.7929
53.651
55.7929
53.651
55.7929
53.651
53.651
55.7929
53.651
55.7929
55.7929
53.651
53.651
55.7929
53.651
55.7929
55.7929
55.7929
53.651
55.7929
53.651
53.651
55.7929
53.651
55.7929
53.651
53.651
55.7929
53.651
55.7929
53.651
53.651
53.651
53.651
53.651
55.7929
55.7929
53.651
55.7929
53.651
53.651
55.7929
55.7929
53.651
53.651
53.651
55.7929
55.7929
53.651
53.651
53.651
55.7929
55.7929
53.651
53.651
53.651
55.7929
55.7929
53.651
53.651
53.651
53.651
55.7929
55.7929
53.651
53.651
53.651
53.651
53.651
53.651
53.651
53.651
53.651
53.651
53.651
53.651
53.651
55.7929
55.7929
53.651
53.651
53.651
53.651
53.651
53.651
53.651
53.651
53.651
53.651
53.651
53.651
53.651
53.651
53.651
53.651
55.7929
53.651
53.651
53.651
53.651
53.651
53.651
53.651
53.651
53.651
53.651
53.651
53.651
53.651
53.651
53.651
51.5091
53.651
53.651
53.651
53.651
53.651
53.651
53.651
53.651
53.651
51.5091
53.651
53.651
53.651
53.651
53.651
53.651
51.5091
51.5091
53.651
53.651
53.651
53.651
53.651
51.5091
53.651
53.651
53.651
51.5091
51.5091
53.651
53.651
53.651
51.5091
51.5091
53.651
53.651
51.5091
53.651
53.651
53.651
51.5091
53.651
53.651
53.651
51.5091
53.651
53.651
51.5091
51.5091
53.651
53.651
53.651
51.5091
53.651
53.651
53.651
53.651
53.651
53.651
53.651
51.5091
53.651
51.5091
53.651
53.651
53.651
53.651
53.651
51.5091
51.5091
53.651
53.651
53.651
51.5091
53.651
53.651
51.5091
53.651
51.5091
53.651
53.651
53.651
51.5091
51.5091
53.651
53.651
53.651
51.5091
53.651
51.5091
53.651
53.651
53.651
53.651
51.5091
53.651
53.651
51.5091
53.651
51.5091
53.651
53.651
53.651
53.651
51.5091
53.651
53.651
53.651
53.651
51.5091
53.651
53.651
51.5091
51.5091
53.651
51.5091
53.651
53.651
53.651
51.5091
53.651
51.5091
51.5091
53.651
53.651
51.5091
51.5091
53.651
53.651
53.651
51.5091
51.5091
53.651
53.651
51.5091
53.651
51.5091
51.5091
53.651
53.651
51.5091
53.651
53.651
51.5091
51.5091
53.651
51.5091
51.5091
53.651
51.5091
53.651
51.5091
51.5091
53.651
53.651
51.5091
53.651
51.5091
51.5091
53.651
51.5091
53.651
51.5091
51.5091
53.651
53.651
51.5091
53.651
53.651
51.5091
51.5091
53.651
53.651
51.5091
51.5091
51.5091
53.651
51.5091
51.5091
53.651
53.651
51.5091
53.651
53.651
51.5091
51.5091
51.5091
53.651
53.651
51.5091
51.5091
53.651
51.5091
51.5091
51.5091
51.5091
53.651
51.5091
53.651
53.651
51.5091
53.651
51.5091
53.651
53.651
51.5091
53.651
51.5091
51.5091
51.5091
53.651
53.651
51.5091
51.5091
51.5091
53.651
51.5091
53.651
51.5091
53.651
53.651
51.5091
53.651
51.5091
51.5091
51.5091
53.651
53.651
51.5091
53.651
53.651
51.5091
53.651
51.5091
53.651
53.651
51.5091
53.651
51.5091
53.651
53.651
51.5091
51.5091
51.5091
53.651
53.651
51.5091
51.5091
51.5091
53.651
53.651
51.5091
53.651
51.5091
51.5091
51.5091
53.651
53.651
51.5091
51.5091
53.651
53.651
51.5091
51.5091
51.5091
53.651
51.5091
51.5091
53.651
51.5091
53.651
53.651
51.5091
51.5091
51.5091
53.651
51.5091
51.5091
51.5091
51.5091
51.5091
53.651
53.651
51.5091
51.5091
51.5091
53.651
53.651
51.5091
51.5091
51.5091
51.5091
51.5091
53.651
51.5091
53.651
51.5091
51.5091
51.5091
51.5091
51.5091
53.651
53.651
51.5091
51.5091
51.5091
51.5091
53.651
53.651
51.5091
51.5091
51.5091
53.651
53.651
51.5091
51.5091
51.5091
53.651
53.651
51.5091
53.651
51.5091
53.651
51.5091
51.5091
53.651
51.5091
53.651
51.5091
51.5091
51.5091
51.5091
51.5091
53.651
53.651
51.5091
51.5091
51.5091
53.651
53.651
51.5091
51.5091
51.5091
53.651
53.651
51.5091
53.651
51.5091
53.651
53.651
51.5091
51.5091
51.5091
51.5091
51.5091
53.651
51.5091
53.651
51.5091
51.5091
51.5091
53.651
51.5091
53.651
51.5091
51.5091
51.5091
51.5091
51.5091
53.651
53.651
51.5091
53.651
51.5091
51.5091
51.5091
53.651
51.5091
51.5091
53.651
53.651
51.5091
53.651
51.5091
51.5091
53.651
53.651
51.5091
53.651
51.5091
51.5091
51.5091
53.651
51.5091
53.651
51.5091
51.5091
51.5091
51.5091
51.5091
53.651
53.651
51.5091
51.5091
51.5091
51.5091
53.651
53.651
51.5091
51.5091
53.651
51.5091
51.5091
51.5091
51.5091
51.5091
53.651
51.5091
51.5091
51.5091
53.651
51.5091
51.5091
51.5091
51.5091
53.651
51.5091
51.5091
51.5091
53.651
51.5091
53.651
51.5091
51.5091
53.651
53.651
51.5091
51.5091
51.5091
51.5091
51.5091
53.651
51.5091
51.5091
51.5091
53.651
51.5091
53.651
51.5091
51.5091
51.5091
53.651
51.5091
51.5091
51.5091
53.651
51.5091
51.5091
53.651
36.5157
0
0
0
0
0
0
0
0
0
0
0
0
0
0
0
0
0
0
0
0
0
0
0
0
0
0
0
0
0
0
0
0
0
0
0
0
0
0
0
0
0
0
0
0
0
0
0
0
0
0
0
0
0
0
0
0
0
0
0
0
0
0
0
0
0
0
0
0
0
0
0
0
0
0
0
0
0
0
0
0
0
0
0
0
0
0
0
0
0
0
2.24392
0
0
0
0
0
0
0
0
0
0
0
0
0
0
0
0
0
0
0
0
0
0
0
0
0
0
0
0
0
0
0
0
0
0
0
0
0
0
0
0
0
0
0
0
0
0
0
0
0
0
0
0
0
0
0
0
0
0
0
0
0
0
0
0
0
0
0
0
0
0
0
0
0
2.24392
0
0
0
0
0
0
0
0
0
0
0
0
0
0
0
0
0
0
0
0
0
0
0
0
0
0
0
0
0
0
0
0
0
0
0
0
0
0
0
0
0
0
0
0
0
0
0
0
0
0
0
0
0
0
0
0
0
0
0
0
0
0
0
0
0
0
0
0
0
0
0
0
0
0
0
0
0
0
0
0
0
0
0
0
0
0
0
0
0
0
0
0
0
0
0
0
0
0
0
0
0
0
0
0
0
0
0
0
0
0
0
0
0
0
0
0
0
0
0
0
0
0
0
0
0
0
0
0
0
0
0
0
0
0
0
0
0
0
0
0
0
0
0
0
0
0
0
0
0
0
0
0
0
0
0
2.24392
0
0
0
0
0
0
0
0
0
0
0
0
0
0
0
0
0
0
0
0
0
0
0
0
0
0
0
0
0
0
0
0
0
0
0
0
0
0
0
0
0
0
0
0
0
0
0
0
0
0
0
0
0
0
0
0
0
0
0
0
0
0
0
0
0
0
0
0
0
0
0
0
0
0
0
0
0
0
0
0
0
0
0
0
0
0
0
0
0
0
0
0
0
0
0
0
0
0
0
0
0
0
0
0
0
0
0
0
0
0
0
0
0
0
0
0
0
0
0
0
0
0
0
0
0
0
0
0
0
0
0
0
0
0
0
0
0
0
0
0
0
0
0
0
0
0
0
0
0
0
0
0
0
0
0
0
0
0
0
0
0
0
0
0
0
0
0
0
0
0
0
0
0
0
0
0
0
0
0
0
0
0
0
0
0
0
0
0
0
0
0
0
0
0
0
0
0
0
0
0
0
0
0
0
0
0
0
0
0
0
0
0
0
0
0
0
0
0
0
0
0
0
0
0
0
0
0
0
0
0
0
0
0
0
0
0
0
0
0
0
0
0
0
0
0
0
0
0
0
0
0
0
0
0
0
0
0
0
0
0
0
0
0
0
0
0
0
0
0
0
0
0
0
0
0
0
0
0
0
0
0
0
0
0
0
0
0
0
0
0
0
0
0
0
0
0
0
0
0
0
0
0
0
0
0
0
0
0
0
0
0
0
0
0
0
0
0
0
2.24392
0
0
0
0
0
0
0
0
0
0
0
0
0
0
0
0
0
0
0
0
0
0
0
0
0
0
0
0
0
0
0
0
0
0
0
0
0
0
0
0
0
0
0
0
0
0
0
0
0
0
0
0
0
0
0
0
0
0
0
0
0
0
0
0
0
0
0
0
0
0
0
0
0
0
0
0
0
0
0
0
0
0
0
0
0
0
0
0
0
0
0
0
0
0
0
0
0
0
0
0
0
0
0
0
0
0
0
0
0
0
0
886.323
886.323
687.347
79.353
72.9276
70.7858
66.5021
66.5021
64.3603
64.3603
64.3603
64.3603
62.2185
62.2185
64.3603
62.2185
62.2185
64.3603
62.2185
62.2185
62.2185
62.2185
62.2185
62.2185
62.2185
62.2185
62.2185
62.2185
62.2185
62.2185
60.0766
62.2185
60.0766
60.0766
60.0766
60.0766
62.2185
60.0766
60.0766
60.0766
60.0766
60.0766
60.0766
60.0766
60.0766
60.0766
60.0766
57.9347
60.0766
60.0766
57.9347
57.9347
60.0766
57.9347
57.9347
57.9347
57.9347
-1
-1
-1
-1
-1
-1
-1
-1
-1
-1
-1
-1
-1
-1
-1
-1
-1
-1
-1
-1
-1
-1
-1
-1
-1
-1
-1
-1
-1
-1
-1
-1
-1
-1
-1
-1
-1
-1
-1
-1
-1
-1
-1
-1
-1
-1
-1
-1
-1
-1
-1
-1
-1
-1
-1
-1
-1
-1
-1
-1
-1
-1
-1
-1
-1
-1
-1
-1
-1
-1
-1
-1
-1
-1
-1
-1
-1
-1
-1
-1
-1
-1
-1
-1
-1
-1
-1
-1
-1
-1
-1
-1
-1
-1
-1
-1
-1
-1
-1
-1
-1
-1
55.7929
55.7929
55.7929
53.651
55.7929
55.7929
55.7929
55.7929
53.651
55.7929
55.7929
55.7929
53.651
55.7929
55.7929
55.7929
53.651
53.651
55.7929
53.651
55.7929
55.7929
53.651
55.7929
55.7929
53.651
55.7929
55.7929
55.7929
53.651
55.7929
53.651
55.7929
53.651
55.7929
55.7929
53.651
53.651
55.7929
53.651
55.7929
53.651
55.7929
53.651
55.7929
53.651
55.7929
55.7929
53.651
53.651
53.651
55.7929
53.651
55.7929
53.651
53.651
55.7929
55.7929
53.651
55.7929
53.651
55.7929
53.651
53.651
53.651
55.7929
53.651
53.651
53.651
53.651
53.651
55.7929
53.651
53.651
53.651
55.7929
55.7929
53.651
53.651
55.7929
53.651
53.651
53.651
53.651
53.651
53.651
53.651
55.7929
53.651
53.651
53.651
53.651
53.651
53.651
55.7929
53.651
53.651
53.651
53.651
53.651
53.651
53.651
53.651
53.651
55.7929
53.651
53.651
53.651
53.651
53.651
53.651
53.651
53.651
53.651
53.651
53.651
53.651
53.651
53.651
53.651
53.651
53.651
53.651
53.651
53.651
53.651
53.651
53.651
53.651
53.651
53.651
53.651
53.651
53.651
53.651
53.651
53.651
53.651
53.651
53.651
53.651
53.651
53.651
51.5091
53.651
53.651
53.651
53.651
53.651
53.651
53.651
53.651
53.651
53.651
51.5091
53.651
53.651
53.651
53.651
53.651
51.5091
53.651
53.651
53.651
53.651
53.651
53.651
51.5091
53.651
53.651
53.651
53.651
53.651
51.5091
53.651
53.651
53.651
53.651
53.651
53.651
53.651
53.651
53.651
53.651
51.5091
53.651
53.651
53.651
53.651
51.5091
53.651
53.651
51.5091
51.5091
53.651
53.651
51.5091
53.651
53.651
51.5091
51.5091
53.651
53.651
51.5091
53.651
53.651
53.651
51.5091
53.651
51.5091
53.651
53.651
53.651
53.651
53.651
53.651
51.5091
53.651
53.651
53.651
53.651
53.651
51.5091
53.651
53.651
53.651
53.651
53.651
53.651
51.5091
53.651
53.651
51.5091
53.651
51.5091
53.651
53.651
53.651
51.5091
51.5091
53.651
53.651
51.5091
51.5091
53.651
53.651
51.5091
53.651
51.5091
51.5091
53.651
51.5091
53.651
51.5091
53.651
53.651
51.5091
51.5091
53.651
51.5091
53.651
53.651
51.5091
53.651
51.5091
53.651
51.5091
51.5091
53.651
53.651
51.5091
53.651
53.651
53.651
51.5091
51.5091
53.651
51.5091
53.651
53.651
51.5091
53.651
51.5091
53.651
51.5091
53.651
53.651
53.651
51.5091
53.651
51.5091
51.5091
53.651
53.651
51.5091
53.651
51.5091
53.651
53.651
51.5091
51.5091
53.651
51.5091
53.651
53.651
51.5091
51.5091
53.651
51.5091
53.651
53.651
51.5091
53.651
53.651
51.5091
51.5091
51.5091
53.651
51.5091
53.651
51.5091
51.5091
51.5091
53.651
51.5091
53.651
51.5091
51.5091
51.5091
53.651
51.5091
53.651
53.651
51.5091
53.651
53.651
51.5091
51.5091
51.5091
53.651
51.5091
51.5091
53.651
51.5091
51.5091
53.651
51.5091
51.5091
53.651
51.5091
51.5091
53.651
53.651
51.5091
53.651
51.5091
51.5091
53.651
51.5091
51.5091
53.651
51.5091
51.5091
53.651
53.651
51.5091
53.651
51.5091
51.5091
53.651
53.651
51.5091
53.651
51.5091
51.5091
53.651
51.5091
51.5091
53.651
51.5091
53.651
53.651
51.5091
51.5091
53.651
51.5091
53.651
53.651
51.5091
51.5091
53.651
51.5091
51.5091
51.5091
53.651
53.651
51.5091
53.651
51.5091
51.5091
53.651
51.5091
53.651
51.5091
53.651
53.651
51.5091
51.5091
51.5091
53.651
51.5091
51.5091
53.651
51.5091
53.651
51.5091
53.651
53.651
51.5091
51.5091
51.5091
53.651
51.5091
51.5091
53.651
51.5091
53.651
51.5091
53.651
53.651
51.5091
53.651
51.5091
53.651
53.651
51.5091
51.5091
51.5091
53.651
51.5091
53.651
53.651
51.5091
53.651
51.5091
51.5091
51.5091
53.651
51.5091
53.651
51.5091
53.651
53.651
51.5091
53.651
51.5091
51.5091
53.651
53.651
51.5091
51.5091
51.5091
51.5091
51.5091
51.5091
51.5091
53.651
53.651
51.5091
53.651
51.5091
53.651
51.5091
51.5091
51.5091
51.5091
51.5091
53.651
51.5091
53.651
53.651
51.5091
53.651
51.5091
51.5091
51.5091
53.651
51.5091
53.651
51.5091
53.651
53.651
51.5091
51.5091
51.5091
51.5091
53.651
51.5091
51.5091
51.5091
51.5091
51.5091
51.5091
53.651
51.5091
53.651
51.5091
51.5091
51.5091
53.651
51.5091
53.651
51.5091
51.5091
51.5091
53.651
51.5091
53.651
51.5091
51.5091
51.5091
53.651
51.5091
51.5091
53.651
51.5091
51.5091
51.5091
51.5091
53.651
51.5091
51.5091
51.5091
53.651
51.5091
53.651
51.5091
51.5091
51.5091
53.651
51.5091
53.651
51.5091
51.5091
53.651
53.651
51.5091
53.651
51.5091
51.5091
53.651
53.651
51.5091
53.651
51.5091
51.5091
53.651
53.651
51.5091
53.651
51.5091
51.5091
51.5091
53.651
51.5091
53.651
51.5091
51.5091
53.651
53.651
51.5091
53.651
51.5091
53.651
51.5091
51.5091
51.5091
53.651
51.5091
53.651
53.651
51.5091
51.5091
51.5091
51.5091
53.651
53.651
51.5091
53.651
51.5091
51.5091
51.5091
53.651
51.5091
53.651
51.5091
51.5091
51.5091
53.651
51.5091
53.651
51.5091
51.5091
51.5091
53.651
51.5091
51.5091
53.651
51.5091
51.5091
51.5091
53.651
51.5091
51.5091
53.651
53.651
51.5091
53.651
51.5091
51.5091
53.651
53.651
51.5091
51.5091
53.651
51.5091
51.5091
51.5091
53.651
51.5091
51.5091
53.651
53.651
51.5091
51.5091
53.651
51.5091
51.5091
51.5091
51.5091
51.5091
51.5091
51.5091
53.651
53.651
51.5091
51.5091
53.651
51.5091
51.5091
51.5091
51.5091
51.5091
51.5091
51.5091
53.651
53.651
51.5091
51.5091
53.651
51.5091
51.5091
51.5091
51.5091
51.5091
51.5091
53.651
51.5091
51.5091
51.5091
51.5091
51.5091
53.651
51.5091
51.5091
51.5091
51.5091
51.5091
51.5091
53.651
51.5091
51.5091
51.5091
51.5091
51.5091
53.651
53.651
51.5091
51.5091
51.5091
51.5091
53.651
53.651
51.5091
51.5091
51.5091
51.5091
51.5091
53.651
53.651
51.5091
53.651
51.5091
51.5091
53.651
53.651
51.5091
51.5091
53.651
51.5091
51.5091
51.5091
53.651
51.5091
53.651
51.5091
51.5091
51.5091
51.5091
51.5091
51.5091
53.651
51.5091
51.5091
51.5091
53.651
51.5091
51.5091
53.651
53.651
51.5091
53.651
2.24392
0
0
0
0
0
0
0
0
0
0
0
0
0
0
0
0
0
0
0
0
0
0
0
0
0
0
0
0
0
0
0
0
0
0
0
0
0
0
0
0
0
0
0
0
0
0
0
0
0
0
0
0
0
0
0
0
0
0
0
0
0
0
0
0
0
0
0
0
0
0
0
0
0
0
0
0
0
0
0
0
0
0
0
0
0
0
0
0
0
0
0
0
0
0
0
0
0
0
0
0
0
0
0
0
0
0
0
0
0
0
0
0
0
0
0
0
0
0
0
0
0
0
0
0
0
0
0
0
0
0
0
2.24392
0
0
0
0
0
0
0
0
0
0
0
0
0
0
0
0
0
0
0
0
0
0
0
0
0
0
0
0
0
0
0
0
0
0
0
0
0
0
0
0
0
0
0
0
0
0
0
0
0
0
0
0
0
0
0
0
0
0
0
0
0
0
0
0
0
0
0
0
0
0
0
0
0
0
0
0
0
0
0
0
0
0
0
0
0
0
0
0
0
0
0
0
0
0
0
0
0
0
0
0
0
0
0
0
0
0
0
0
0
0
0
0
0
0
0
0
0
0
0
0
0
0
0
0
0
0
0
0
0
0
0
0
0
0
0
0
0
0
0
0
0
0
0
0
0
0
0
0
0
0
0
0
0
0
0
0
0
0
0
0
0
0
0
0
0
0
0
0
0
0
0
0
0
0
0
0
0
0
0
0
0
0
0
2.24392
0
0
0
0
0
0
0
0
0
0
0
0
0
0
0
0
0
0
0
0
0
0
0
0
0
0
0
0
0
0
0
0
0
0
0
0
0
0
0
0
0
0
0
0
0
0
0
0
0
0
0
0
0
0
0
0
0
0
0
0
0
0
0
0
0
0
0
0
0
0
0
0
0
0
0
0
0
0
0
0
0
0
0
0
0
0
0
0
0
0
0
0
0
0
0
0
0
0
0
0
0
0
0
0
0
0
0
0
0
0
0
0
0
0
0
0
0
0
0
0
0
0
0
0
0
0
0
0
0
0
0
0
0
0
0
0
0
0
0
0
0
0
0
0
0
0
0
0
0
0
0
0
0
0
0
0
0
0
0
0
0
0
0
0
0
0
0
0
0
0
0
0
0
0
0
0
0
0
0
0
0
0
0
0
0
0
0
0
0
0
0
0
0
0
0
0
0
0
0
0
0
0
0
0
0
0
0
0
0
0
0
0
0
0
0
0
0
0
0
0
0
0
0
0
0
0
0
0
0
0
0
0
0
0
0
0
0
2.24392
0
0
0
0
0
0
0
0
0
0
0
0
0
0
0
0
0
0
0
0
0
0
0
0
0
0
0
0
0
0
0
0
0
0
0
0
0
0
0
0
0
0
0
0
0
0
0
0
0
0
0
0
0
0
0
0
0
0
0
0
0
0
0
0
0
0
0
0
0
0
0
0
0
0
0
0
0
0
0
0
0
0
0
0
0
0
0
0
0
0
0
0
0
0
0
0
0
0
0
0
0
0
0
0
0
0
0
0
2.24392
0
0
0
0
0
0
0
0
0
0
0
0
0
0
0
0
0
0
0
0
0
0
0
0
0
0
0
0
0
0
0
0
0
0
0
0
0
0
0
0
0
0
0
0
0
0
0
0
0
0
0
0
0
0
0
0
0
0
0
0
0
0
0
0
0
0
0
0
0
0
0
0
0
0
0
0
0
0
0
0
0
0
0
0
0
0
0
0
0
0
0
0
0
0
0
0
0
0
0
2.24392
0
0
0
0
0
0
0
0
0
0
0
0
0
0
0
0
0
0
0
0
0
0
0
0
0
0
0
0
0
0
0
0
0
0
0
0
0
0
0
0
0
0
0
0
0
0
0
0
0
0
0
0
0
0
0
0
0
0
0
0
0
0
0
0
0
0
621.008
845.677
224.979
75.0694
70.7858
68.644
66.5021
64.3603
66.5021
62.2185
62.2185
64.3603
64.3603
62.2185
64.3603
62.2185
62.2185
64.3603
62.2185
62.2185
62.2185
62.2185
64.3603
62.2185
62.2185
62.2185
62.2185
62.2185
62.2185
62.2185
62.2185
62.2185
62.2185
62.2185
60.0766
62.2185
62.2185
60.0766
60.0766
62.2185
60.0766
60.0766
60.0766
60.0766
60.0766
60.0766
60.0766
60.0766
57.9347
60.0766
60.0766
60.0766
57.9347
60.0766
57.9347
57.9347
57.9347
55.7929
57.9347
57.9347
57.9347
55.7929
57.9347
57.9347
55.7929
60.0766
57.9347
57.9347
55.7929
55.7929
57.9347
57.9347
55.7929
55.7929
55.7929
55.7929
57.9347
55.7929
55.7929
55.7929
55.7929
55.7929
57.9347
55.7929
55.7929
55.7929
57.9347
55.7929
55.7929
57.9347
57.9347
55.7929
55.7929
57.9347
55.7929
55.7929
55.7929
55.7929
55.7929
55.7929
55.7929
55.7929
55.7929
55.7929
55.7929
55.7929
55.7929
57.9347
55.7929
55.7929
55.7929
55.7929
55.7929
55.7929
55.7929
55.7929
55.7929
55.7929
55.7929
55.7929
55.7929
55.7929
55.7929
55.7929
55.7929
55.7929
55.7929
55.7929
55.7929
55.7929
55.7929
55.7929
55.7929
57.9347
55.7929
55.7929
55.7929
55.7929
55.7929
55.7929
55.7929
55.7929
55.7929
53.651
55.7929
55.7929
55.7929
55.7929
55.7929
55.7929
55.7929
55.7929
55.7929
55.7929
55.7929
